0
0
0
0
0
0
0
0
0
0
0
0
0
0
0
0
0
0
0
0
0
0
0
0
0
0
0
0
0
0
0
0
0
0
0
0
0
0
0
0
0
0
0
0
0
0
0
0
0
0
0
0
0
0
0
0
0
0
0
0
0
0
0
0
0
0
0
0
0
0
0
0
0
0
0
0
0
0
0
0
0
0
0
0
0
0
0
0
0
0
0
0
0
0
0
0
0
0
0
0
0
0
0
0
0
0
0
0
0
0
0
0
0
0
0
0
0
0
0
0
20
16
20
20
16
4
4
0
0
12
16
20
20
0
10
20
4
0
20
20
10
10
10
20
0
20
0
10
0
0
0
4
0
0
20
0
16
10
0
16
0
20
20
20
4
10
20
0
16
0
20
4
0
16
20
20
0
20
6
20
0
16
0
20
4
4
20
0
4
20
20
20
20
20
0
0
16
0
0
0
0
10
0
10
4
0
10
0
20
20
0
0
0
20
0
4
20
0
10
20
16
16
16
0
20
0
4
0
20
4
10
20
0
0
10
20
6
16
0
0
76
410
450
396
330
164
56
460
500
460
380
318
106
40
114
580
130
66
244
540
186
56
40
504
146
240
62
44
504
316
424
566
566
36
526
26
58
50
266
342
104
130
170
14
260
170
580
166
500
14
160
110
210
276
170
224
186
540
40
26
374
172
286
300
0
14
230
280
280
40
566
322
130
336
356
148
220
490
394
486
274
260
94
216
204
106
54
120
224
446
90
296
56
526
300
330
436
80
50
410
116
552
380
80
204
464
460
156
244
226
184
354
80
420
114
356
540
112
370
410
343
146
629
21
38
242
605
363
424
429
280
310
119
130
420
80
177
494
114
116
349
368
129
14
40
111
191
457
349
513
185
283
643
454
65
58
308
563
624
603
26
514
300
250
664
650
59
525
170
66
323
230
66
164
305
56
110
56
364
194
50
0
299
286
149
244
80
494
301
204
214
254
186
554
554
361
389
399
40
474
534
419
170
565
540
584
415
14
131
51
130
478
260
364
605
243
106
235
475
220
480
90
60
176
591
429
233
363
40
664
186
63
300
244
414
114
643
125
172
89
615
371
89
66
130
116
421
374
363
252
146
56
432
26
418
573
283
409
38
660
487
264
230
14
58
432
501
544
311
244
615
50
220
170
300
564
323
90
119
69
233
290
524
186
434
564
51
188
601
352
183
164
634
485
378
353
172
63
429
315
594
132
575
653
138
461
106
613
286
484
300
363
59
467
246
501
674
40
523
242
320
132
302
177
392
114
186
152
130
80
201
69
201
674
173
371
535
260
21
114
204
653
430
488
349
14
40
550
110
114
56
257
221
80
315
63
244
0
639
40
294
164
934
354
747
270
394
582
364
670
320
663
393
91
749
198
288
460
265
96
483
99
837
89
166
853
611
1026
217
570
858
468
75
799
110
658
768
880
190
841
264
460
295
969
375
92
59
1038
51
168
289
516
559
714
316
258
931
100
368
762
364
196
90
185
384
967
615
255
48
549
76
1005
420
649
875
552
166
198
38
651
1017
916
990
12
511
979
750
658
583
805
415
913
356
21
709
748
126
474
928
824
492
560
485
188
104
98
99
564
56
195
180
222
132
294
453
673
276
36
385
456
56
859
265
96
166
168
354
104
748
48
650
188
198
75
420
217
364
276
671
751
980
512
270
917
295
12
838
825
935
384
21
91
584
1027
475
386
652
185
461
199
968
180
356
806
715
51
560
196
90
1018
932
854
89
196
914
674
395
486
460
416
166
258
991
98
763
561
190
929
110
164
881
1006
970
616
375
255
454
550
749
294
36
468
583
92
296
126
664
456
571
288
484
612
365
552
59
516
769
876
659
493
659
800
99
564
368
38
290
320
222
394
316
76
100
710
264
842
132
750
100
1039
496
417
92
569
860
36
916
12
497
783
287
180
884
596
101
1041
1003
606
230
515
356
465
258
76
209
100
338
51
704
320
90
1026
706
911
56
456
407
38
780
547
131
198
1053
315
557
1062
836
1015
484
89
317
188
376
694
289
585
166
48
168
364
773
521
416
110
665
505
446
222
207
104
872
967
288
108
216
397
395
1005
190
647
201
629
420
99
784
108
98
785
268
169
681
516
299
59
389
368
309
952
970
21
677
804
573
132
737
949
964
264
614
745
685
1074
605
873
80
894
179
270
835
468
270
180
581
166
699
38
711
441
463
937
769
123
361
360
673
624
607
790
295
220
829
835
98
247
993
356
845
371
1033
320
188
12
511
888
264
56
1041
388
343
21
1099
168
957
1087
663
447
467
90
209
919
787
188
771
426
330
1158
576
731
76
769
206
901
995
1051
302
1029
323
1054
150
318
566
655
408
549
124
474
36
205
113
540
1110
92
117
475
662
236
823
978
867
484
427
264
114
368
683
258
58
861
92
132
531
937
48
453
222
96
104
107
59
1137
570
1125
565
1146
1089
588
679
238
731
949
521
258
691
530
138
1207
1181
400
1032
12
1311
372
320
1020
798
1075
452
668
601
985
251
270
826
142
888
1056
123
1001
273
1290
511
180
107
500
925
48
149
755
166
1143
1122
1198
1077
946
911
681
677
634
287
393
434
104
74
547
234
56
474
878
76
404
1323
222
365
377
769
187
882
68
364
132
918
296
750
586
1275
90
255
1169
804
802
542
147
36
396
1255
488
92
1219
168
325
964
660
257
930
1243
21
1254
454
430
622
1302
47
823
568
733
230
1151
621
121
134
197
689
781
1053
329
1133
281
1068
553
113
234
121
950
430
508
287
255
96
207
251
915
1132
111
802
553
234
1189
412
1235
48
693
108
1040
113
47
1295
823
68
1343
801
368
760
842
1275
274
400
1153
1011
789
187
296
21
938
286
74
149
515
82
96
1274
142
606
142
1057
1201
804
946
1331
1263
372
397
902
1322
385
178
330
664
472
349
434
980
138
542
289
681
147
464
257
1310
1085
238
611
1036
12
1214
568
1167
802
178
36
753
621
878
691
1153
393
521
925
654
123
520
1093
60
546
547
1227
689
1076
190
898
281
474
134
642
755
989
1088
668
404
325
1323
903
251
802
1077
1089
239
48
1153
191
68
74
1011
802
925
123
143
1093
655
760
138
1167
134
607
474
898
790
234
1085
109
47
754
1276
1041
464
61
804
521
689
1202
21
1057
681
664
430
296
1311
1154
553
1190
989
691
1228
400
842
473
187
179
1214
386
693
621
121
546
289
755
275
1344
36
255
178
521
980
12
946
398
325
951
412
1036
147
509
1235
547
372
611
542
111
1264
330
1332
878
668
393
915
287
96
515
802
368
434
257
113
1275
939
207
234
823
568
287
643
1296
281
142
404
149
350
97
1132
82
903
147
207
1077
681
376
951
76
664
289
1136
234
149
842
397
1278
48
827
1190
693
257
691
991
1336
189
239
521
1169
404
109
287
191
939
1315
179
929
434
12
754
386
546
251
97
1011
1087
1300
61
525
1218
368
802
1089
464
760
693
623
1279
49
1348
547
21
790
327
1266
178
1154
804
607
330
802
259
880
82
70
281
515
950
1040
1061
113
509
350
287
757
643
134
1239
143
546
123
1327
238
568
980
125
36
1230
412
146
1157
138
473
398
400
476
111
655
1202
898
915
611
1041
296
1093
672
806
275
96
430
553
70
792
515
950
99
402
525
1136
52
1352
941
1282
125
806
368
111
1087
1317
546
611
259
123
134
113
760
1279
207
195
61
430
138
113
404
1331
1154
681
181
607
980
691
476
257
659
234
76
511
991
287
955
1230
1011
547
146
397
553
1079
880
96
672
289
14
754
568
464
898
1206
623
239
693
1338
1157
806
1239
327
277
330
400
664
1093
802
804
1169
238
82
842
1061
1041
1093
251
21
645
350
281
929
38
1218
388
546
296
412
189
757
693
147
149
49
143
1192
915
1268
376
1300
434
827
473
903
1040
291
178
525
541
945
113
919
688
822
195
99
1278
417
337
1093
1333
392
1177
181
178
207
568
1347
607
137
143
404
255
434
955
1158
464
664
162
691
693
898
287
1152
350
61
82
1320
296
713
80
291
802
1079
1372
111
1081
486
659
52
1001
473
117
767
792
754
147
281
82
970
239
511
368
254
808
1056
149
546
279
138
903
566
1097
941
980
404
1295
430
134
55
645
515
412
96
1292
123
1240
611
553
1210
1097
525
842
685
257
1358
847
14
1259
25
234
806
760
1234
330
890
551
402
1179
1196
277
199
633
388
1015
1041
289
38
1041
633
1056
25
551
1001
1240
1211
1097
919
279
1015
412
82
239
526
464
808
82
147
541
956
688
645
292
138
1081
289
96
611
546
1097
53
257
196
430
1358
404
767
945
898
664
1373
207
99
693
1079
287
434
980
1152
660
842
903
1196
1158
178
337
1179
296
890
117
754
713
1278
1320
162
181
403
15
1293
234
1094
1348
473
1234
691
1295
1259
80
970
350
61
123
404
568
38
760
807
847
941
254
199
511
388
281
114
55
111
137
685
607
1177
1333
515
417
368
792
802
553
330
566
277
822
134
255
392
143
486
149
189
1469
1713
182
381
1328
1381
156
1658
1197
1025
55
122
654
788
1062
236
1442
1563
472
1803
422
1644
1065
1738
606
1142
192
312
141
968
1828
1152
216
263
172
316
1206
354
360
62
894
1356
159
734
1050
1775
175
513
1522
357
1347
1484
331
300
1124
462
278
1251
970
1497
705
94
750
1748
1625
1035
1422
150
906
1512
28
90
1619
552
1047
868
778
184
776
1720
843
578
1206
875
735
693
1800
141
25
306
1341
1157
1653
1564
870
688
80
501
676
960
846
1222
546
487
447
419
1313
651
95
932
374
1301
563
596
291
594
407
516
171
1769
269
507
487
547
1202
859
453
972
1262
1112
363
622
316
396
1714
1884
366
55
568
80
602
1776
1182
1859
90
682
94
500
998
28
1540
1351
236
622
694
1700
1078
778
1262
580
1620
804
884
749
1525
156
171
806
716
278
316
1675
425
62
1831
291
202
591
184
1403
1578
141
438
378
657
816
1237
194
122
306
1384
1431
1213
147
1709
1115
1856
312
532
216
903
1406
1256
175
1397
1478
1553
944
184
775
709
896
1018
1087
1307
910
1568
946
95
25
1681
169
1091
594
1619
462
407
353
195
1498
762
1794
1369
150
1053
1804
1174
397
1000
573
1520
184
722
346
1389
910
1694
378
316
1798
500
919
1113
453
1204
532
1735
216
1397
1736
149
438
1538
1020
1213
371
1112
104
396
169
176
1919
547
1083
353
1545
425
195
520
889
184
826
1466
716
90
1891
429
306
749
156
202
1722
1267
62
591
1705
1297
694
816
622
167
1483
278
1799
28
1573
94
1307
1373
93
1267
1436
896
1861
363
775
916
1000
972
944
1120
147
580
1018
122
492
522
194
1826
269
806
1632
1416
1202
594
63
951
778
316
1369
1269
687
253
325
30
397
197
1100
1583
1174
767
622
1091
624
1613
1889
1642
1829
717
1369
547
1593
184
156
1112
90
929
1545
500
1277
94
727
806
591
1527
194
1805
269
1211
1725
833
96
1380
1871
1123
184
1307
438
152
278
169
1839
195
1027
532
594
1483
397
951
1093
1901
1623
580
899
30
356
910
1267
778
972
1018
1541
1202
1213
622
919
62
1809
532
378
396
1091
1833
425
502
725
28
66
1120
1419
216
1397
896
1697
1745
1929
1389
353
371
174
122
176
147
523
622
1573
436
260
1635
1743
944
816
1649
767
1446
1000
1103
573
202
1899
306
326
204
1307
697
694
1272
108
328
1174
749
453
316
1715
363
716
631
775
1476
1480
1124
1837
438
156
1095
184
1597
500
1875
901
30
835
152
400
532
1217
169
278
399
1423
326
195
436
1215
697
923
62
1002
1393
502
1813
584
371
818
1022
912
622
1701
380
1127
948
1401
1549
328
753
96
575
147
1276
595
778
523
1627
532
28
1531
779
1487
90
353
1271
216
1178
1097
974
108
196
1545
174
1719
931
1749
1311
1933
1206
1809
122
363
1577
66
594
1450
1905
1031
1639
727
269
727
425
1107
260
306
1116
1729
1384
631
1843
1373
622
356
771
1903
1281
806
1653
900
696
1747
549
955
1311
453
204
94
204
716
176
184
316
1008
28
174
1321
843
674
523
1120
1821
1444
1751
1119
2023
1315
496
176
1053
813
412
356
727
260
1184
1351
2053
1147
178
1255
371
1643
391
1493
189
631
513
210
206
30
66
1957
1326
1599
202
604
583
1114
1859
407
485
1336
909
108
1955
140
98
195
1995
1611
1149
1677
995
1521
624
904
212
1925
502
1228
1510
152
939
204
768
1707
167
436
307
793
422
1016
328
876
558
1175
617
1540
1503
1929
2025
108
532
1298
1697
980
318
806
1491
346
697
356
698
819
1086
1849
248
326
702
1351
1751
70
735
1669
1423
1847
1817
96
601
415
908
945
689
287
608
441
1209
496
2109
806
210
1045
223
1093
2034
626
2006
224
1521
434
1247
360
1401
792
390
1555
479
1332
206
915
1568
698
1130
2009
2137
1931
1016
356
1139
1761
1349
1023
391
73
762
103
843
702
1708
1234
876
1828
189
1747
853
1624
832
1401
582
552
1914
167
651
202
2107
1010
307
167
359
1203
604
419
2039
1527
674
513
2079
1541
402
1791
775
318
192
1936
1405
346
1688
1317
558
643
178
1233
70
98
1457
569
999
1345
1719
248
217
1649
1212
1042
108
793
1886
986
1121
1816
913
1435
28
120
485
193
140
30
1594
1901
904
415
608
1093
1937
1625
1457
569
1522
28
1333
853
1017
1234
513
763
793
1401
876
318
2040
1212
167
806
1595
121
98
480
2138
702
843
832
288
2007
775
361
217
2110
643
674
194
1708
2080
987
1555
496
553
914
1541
904
1406
1045
1204
1719
346
1816
1247
307
224
1886
1317
485
103
1401
1010
1349
1689
391
1568
189
915
2035
1139
1209
415
1829
419
202
441
402
210
999
1902
690
167
626
1023
206
1792
359
2010
1131
1527
1436
1762
248
1747
1914
1121
793
356
1234
604
224
698
178
651
73
70
2108
108
1649
583
140
192
434
1932
558
1345
30
1042
391
415
701
1128
70
604
140
1757
288
485
437
1718
194
863
307
842
513
1359
1017
1244
1138
561
1100
2045
2017
426
1055
1947
763
2090
480
221
1537
1565
98
496
907
178
2020
318
1257
690
346
210
361
394
1551
192
1605
850
1149
879
28
1699
615
206
796
2148
1030
1772
653
1446
553
1219
1222
917
1942
30
793
1802
1327
224
1343
1009
1241
391
205
1020
121
227
356
629
702
1416
1635
73
1826
583
990
1912
103
674
1211
569
1467
248
809
1896
658
1411
189
108
782
359
1355
1839
167
1924
2050
167
448
2120
2118
922
1532
402
1729
1411
1578
1659
1052
674
842
1757
1946
513
1245
363
485
1138
1718
167
1411
1947
1774
1100
1411
1826
1219
221
1017
1607
1418
2017
1149
702
2092
359
658
797
140
167
1467
1924
1030
555
1565
2152
32
765
2124
121
1729
318
1009
1532
629
70
604
2120
1128
75
917
448
1359
1659
1551
307
28
1327
1213
879
98
1052
248
1343
615
2022
395
192
402
1839
1024
210
426
796
196
587
205
108
1244
356
809
561
1355
1639
206
496
394
228
178
2054
1450
701
189
1222
107
850
653
1806
437
1914
863
1578
569
415
288
480
690
907
1055
922
992
1537
227
1257
1896
346
2045
782
1699
1189
915
1676
1739
1926
872
702
1107
532
1325
1395
235
627
318
480
496
923
245
1357
230
1759
1727
1894
397
1597
2157
637
115
206
882
2142
1625
1090
944
475
1816
1112
2174
2066
167
687
402
212
1570
435
70
2129
185
1279
98
1994
1122
2240
83
1924
250
248
140
817
674
710
569
1367
615
135
320
1509
804
513
442
28
403
922
2022
1324
1135
346
604
1320
1951
1122
2244
218
2034
178
845
2212
213
1527
1049
877
1150
415
1419
1052
108
1297
1242
32
1837
1644
1811
887
485
762
1631
356
307
2272
693
1007
1809
189
647
2059
709
448
1491
1455
1538
804
879
2167
1936
1654
1297
625
327
2282
693
235
442
1812
415
1821
346
772
356
1548
178
513
1114
1189
1634
1527
887
189
1580
138
248
1252
710
485
1742
2222
1419
213
475
855
2152
115
445
1132
634
882
915
1625
1122
1017
410
404
1961
1138
2076
709
253
1683
1279
1327
1150
637
2250
167
542
702
1052
1335
221
32
1494
1597
817
944
1367
1395
1737
2044
307
98
1931
496
887
1049
230
206
2254
108
140
83
448
690
1112
1823
402
28
2029
604
2139
2184
1367
1840
480
189
318
1465
70
1516
569
2069
674
215
245
1769
1327
657
1100
2001
1904
923
925
1571
503
1853
1445
513
733
1625
307
981
2045
644
449
1404
248
1821
2306
2128
736
561
1347
1905
2366
1711
1208
1907
709
1179
932
1344
2334
485
227
2251
671
423
1819
178
1690
108
1067
588
806
889
2223
836
1400
1484
415
253
346
1150
417
838
728
983
906
2268
196
167
221
1182
511
1657
2113
1184
70
1542
668
261
1417
334
1917
934
318
98
2160
206
929
363
475
1738
83
1600
1177
676
506
115
196
1988
2153
245
2338
32
2236
1086
250
611
1662
2015
921
1889
138
978
1239
1317
2085
1099
1767
28
140
421
1592
1156
2020
225
1404
472
1432
756
681
733
1988
1344
472
1662
475
1821
671
561
588
1150
28
922
206
334
511
889
417
756
450
2334
1239
415
1542
1433
2236
932
681
983
677
981
1417
196
98
178
248
1690
1625
929
2045
1600
225
1177
485
2339
934
346
728
1208
2113
906
1889
138
318
307
513
2153
2021
1156
33
196
2128
806
261
1445
227
421
2015
1179
709
1658
2161
1183
363
1484
1767
1905
221
254
2251
611
978
70
1067
1086
1571
167
83
423
1184
668
116
1347
644
1907
1917
2085
1099
1711
250
2269
503
836
2223
245
1854
1404
108
1819
2306
736
1404
1317
140
1592
1738
2367
838
1400
506
231
1668
1612
433
83
668
1106
889
419
116
2359
196
1420
261
1364
1067
171
561
248
70
687
227
1193
950
948
1150
1937
140
806
733
138
922
1909
450
1183
2289
1616
858
746
2041
1414
517
311
334
1404
1119
515
2065
1259
998
1183
373
1710
1927
202
221
1437
2035
760
2008
1437
1682
1465
489
1367
2181
346
852
677
644
2148
987
1321
245
318
1591
2326
1504
2271
1837
2105
1731
621
1552
472
1204
178
206
2387
485
922
2243
744
929
423
254
719
1787
1870
98
1635
1754
2133
991
254
2354
691
2173
513
1176
2256
33
417
108
1218
28
506
1925
604
1839
1472
751
1703
202
311
419
2389
2076
699
959
1444
171
691
1960
2183
1753
1102
836
719
1587
1861
858
440
253
463
1646
1613
430
953
604
178
259
621
2394
1670
1817
2065
485
1185
1442
1789
519
2291
2216
513
108
1470
1442
226
373
852
1264
919
1695
666
1240
2422
2278
2306
2208
1723
2361
2163
2100
1905
1206
1176
773
489
1124
1931
1213
2324
755
318
140
254
950
922
489
693
1106
952
248
33
1004
1009
1439
266
520
1957
744
1204
1872
70
204
1377
583
231
687
1517
1959
433
206
1218
517
116
1372
236
347
346
2043
998
98
83
1356
28
1625
143
2135
231
1125
1218
1862
2292
1614
463
1102
248
1471
143
206
2077
28
1724
98
204
2066
773
2395
1439
1754
2184
859
347
518
1206
1670
70
951
1009
318
254
666
116
605
1905
2044
1004
2136
33
2390
519
259
720
1818
1518
1177
1961
433
953
420
514
2307
2423
485
236
1240
1107
583
2101
1472
836
745
2325
202
952
266
1213
83
312
1442
226
1443
751
440
178
853
520
1356
1960
1373
692
172
253
108
2209
1958
693
1703
1378
1872
1696
1444
1626
959
919
2362
2279
1205
1265
999
699
687
1646
622
489
2217
1587
2164
374
923
755
1932
490
1185
346
1789
430
140
2252
108
525
498
325
531
180
253
709
1142
919
1464
1457
1811
1253
440
1661
2397
323
1683
1408
644
889
1408
1553
519
2107
1218
2199
1848
2244
1361
975
1731
981
1212
489
2360
1218
116
1228
1897
1185
2327
450
2219
236
775
211
1644
2342
742
953
226
1017
1991
503
755
883
583
1716
693
259
536
2314
1759
70
2171
2074
1600
391
1967
836
952
1014
347
2425
33
1894
1155
430
1668
351
959
699
764
253
206
2458
463
1478
1477
266
1300
83
666
28
630
2430
1102
145
1240
1034
1444
98
1506
204
1995
714
2136
239
2101
1789
433
1993
1927
778
143
178
259
1829
836
441
279
1162
471
2578
1814
2319
1380
1278
1568
145
206
259
764
876
1343
2339
558
1756
1759
536
2517
1202
815
949
2364
1086
1780
108
83
2291
1093
923
1698
2194
70
1901
959
1047
2550
557
2462
1245
539
2111
333
993
2009
250
116
188
1781
355
253
33
605
438
257
178
271
28
413
2006
1555
482
1557
511
521
1968
226
212
1235
666
2447
1488
1651
761
2256
2107
688
1524
1300
721
2039
1857
1586
992
736
351
1441
2480
98
807
670
1923
462
2434
1094
323
2113
2221
143
733
1506
822
1318
1298
2227
565
286
1021
225
1019
2372
1558
2545
1272
2079
608
993
2123
351
1911
528
999
98
539
2121
188
1451
33
1383
2019
275
108
1766
966
253
1021
212
471
1050
1824
145
225
761
564
923
413
1325
28
482
2588
2117
1791
1255
2204
1658
253
1836
1589
1272
817
1096
1353
438
536
666
1790
1491
257
2382
1238
2527
1565
2231
143
70
1708
289
1513
1766
2266
2016
2490
178
333
825
259
1567
465
1100
2301
511
764
2472
1933
2560
226
2329
2555
1202
2349
670
1300
2444
724
206
1172
1094
558
815
691
2049
2237
568
2374
1534
83
949
1578
323
1978
1561
2089
843
740
2457
355
1029
736
883
1288
279
1308
1864
441
116
621
1278
981
1828
1468
1362
1195
337
1853
1966
919
2209
891
132
1290
2589
1458
3010
243
1788
1131
538
1889
1441
2747
2181
320
96
2091
421
2394
129
1113
665
1523
1224
1690
1121
83
310
834
2671
28
538
406
2719
2914
2474
2124
1154
215
2932
2803
1524
803
541
2982
1786
613
1646
1861
393
1196
2098
1560
178
2391
808
296
801
305
328
2361
2081
858
2265
2767
1552
2504
2899
1819
903
2259
3043
575
1025
2098
2636
2502
950
412
705
676
111
3015
498
270
1995
1491
245
508
2886
657
1309
2622
633
1583
970
33
649
263
228
293
2326
2800
1240
167
2493
985
1778
1491
2362
666
228
337
676
498
33
1647
2099
2748
2182
2125
406
310
132
634
1291
28
3016
412
3011
1279
1458
538
1890
1241
2672
1362
178
858
245
329
2266
293
1829
2260
111
320
1967
83
2210
538
2092
508
1310
621
2915
96
1787
421
2494
1196
2590
2475
575
2082
1789
904
971
296
1524
541
834
1132
167
803
1820
3044
1779
891
1553
1224
2395
2804
705
1442
950
801
1113
1561
215
981
1854
1691
2327
2505
986
1525
1584
1025
2983
657
613
649
2801
1121
1469
919
393
305
2768
1154
1195
243
2933
270
1996
808
2887
2392
2099
263
2720
2503
2623
2637
2900
129
1862
683
167
249
3065
638
2514
667
1420
541
412
2467
1761
224
2668
1924
1377
878
245
1857
547
2557
1041
129
330
443
263
1067
1335
294
1920
353
2114
446
2828
2957
1408
1890
1537
2763
1179
111
624
2222
194
3148
336
83
1919
96
1349
2218
2366
1778
1241
2255
1208
2187
1584
883
2730
714
3052
3098
2385
1291
141
694
2640
2338
873
977
2220
2661
33
1226
508
961
1319
3080
2924
2634
810
711
3176
2885
1561
3181
1644
1672
989
1671
2802
843
1679
1047
1050
358
1146
3209
2030
2913
252
2091
1594
695
996
2002
302
584
28
1504
335
2481
2416
296
418
2969
543
737
1973
1769
782
2629
2868
900
3057
2086
371
566
3243
3327
3140
2896
141
459
140
3005
936
1665
1164
3351
1381
1734
2308
2310
1409
346
457
2785
2916
2170
252
3103
2442
205
1153
294
1298
1071
1487
1340
1946
187
698
705
83
2711
977
388
3467
394
2415
1545
28
3495
3210
1271
1157
1698
1836
3355
3462
1019
3038
590
111
1797
750
2163
1047
1371
1849
2562
1686
2448
1515
795
3384
2105
952
765
362
3434
1939
1304
1465
2121
2898
334
2439
2053
933
474
599
1099
33
224
1558
429
2451
3244
683
1759
321
272
3168
2644
2736
793
2191
327
2534
269
2769
615
107
726
2080
1144
606
294
718
698
611
2340
1720
1961
33
1884
1303
3245
339
1756
2592
2205
1166
346
474
936
429
566
379
3390
3092
3419
1284
3497
688
2477
2213
905
3386
2933
187
403
2116
1353
1866
1047
327
3469
111
269
3203
1580
224
615
3279
2820
1178
252
141
1162
396
2771
990
2664
1789
799
1810
726
1414
2481
2483
1386
2450
1393
2343
3175
957
763
1121
2083
795
2156
782
2804
2185
2102
3502
3073
2903
457
1019
1177
590
2746
107
1545
2474
321
1699
1558
2135
2564
459
3530
1976
2951
1317
798
938
3362
3278
599
272
1517
3040
205
367
2931
83
2679
3138
1687
28
140
1487
1084
1782
3176
2665
3531
224
3041
2478
3074
2475
1487
3204
2772
2805
3279
1178
459
294
566
2340
688
1756
403
599
3420
1178
379
3391
367
205
3363
1318
698
991
3470
2747
1162
1303
2481
3246
2952
1122
269
615
28
111
3093
2680
2157
1545
2135
272
799
763
1558
1790
141
396
1810
1019
939
2821
457
3280
1688
321
799
612
2904
2206
1961
1353
1166
726
782
2185
327
906
3503
187
719
340
2564
2084
590
252
2934
2102
1518
2484
107
140
1977
1386
1285
1721
1414
1885
1782
1866
1394
2932
83
1084
3387
936
2451
1047
2117
2213
3498
795
1581
2592
474
33
429
346
957
3139
2344
1699
2803
3232
566
1589
2988
2185
942
429
2001
3260
1334
726
1810
3476
3419
1838
3587
2531
111
2142
187
618
1916
2960
1430
1422
269
1178
1025
1112
1212
1749
3526
327
2207
1586
804
3008
272
224
704
1007
1053
823
3130
33
2642
1716
785
2157
596
2861
377
2531
735
2534
2534
2124
28
459
1830
1402
1935
2394
3302
3149
698
1150
141
252
140
205
801
1301
3335
83
945
1558
389
2877
615
2225
805
346
2017
1194
3447
457
415
1796
3443
2736
3554
3195
1200
2262
3097
1609
599
1381
973
2253
3559
474
3336
912
346
2990
294
107
2614
408
2721
2828
2501
1319
327
1527
1727
2390
640
1466
2559
2418
3310
3643
3392
1766
1240
224
2853
2590
3046
1387
2777
2584
615
3358
1733
1659
475
704
2257
1041
1216
801
28
615
942
1025
2917
252
839
2302
596
1816
2213
107
3532
833
3499
759
2017
1812
2180
3199
1880
1975
2670
3582
1184
791
2557
1319
2241
1118
33
3503
2269
1430
3610
1374
141
1053
2213
3028
1543
2158
193
940
1592
3475
1178
282
83
140
1844
3058
726
346
474
457
2073
2642
377
2450
414
3391
327
269
1617
358
1598
1234
1341
2884
1944
2776
2917
973
111
429
3615
3282
826
698
333
1402
1799
582
3153
973
401
300
205
3000
3186
3251
2571
425
698
346
1118
1819
3552
983
596
1220
3495
33
107
2233
3663
1954
2937
1844
193
2200
3412
300
140
3219
3635
2604
474
1786
3066
2680
3523
650
1357
3602
1679
619
2277
1200
3206
252
414
3016
973
704
2273
950
1547
224
2610
1430
3078
429
269
1250
3302
3519
457
843
83
3330
2873
1991
2569
3044
2223
2797
2792
1387
586
2093
615
2162
1250
2428
407
836
28
771
479
2933
791
1816
1053
1057
843
1627
2904
726
1402
429
1614
364
2470
1592
1816
942
3630
3173
1025
2587
2245
111
3378
2577
2318
1733
327
3271
1486
1390
3411
1319
141
2652
286
377
2021
1178
801
1900
205
333
2022
2093
2163
2470
1057
2277
3412
1786
479
1817
458
3220
1179
2793
2246
475
3553
2681
1026
3173
650
2274
2904
111
2797
2587
1593
1390
3496
843
364
1220
802
107
1734
28
843
3379
1387
2577
619
3603
2233
327
300
1819
3079
3303
1403
836
3206
1627
2873
1250
3066
1118
347
2610
791
3524
3413
1431
1200
141
286
33
2570
407
943
771
727
596
983
1486
430
1679
2937
2934
429
1054
1991
269
3272
252
1547
2200
83
2653
2223
140
699
224
3017
3045
193
3636
2429
333
2318
973
1357
616
1845
2604
704
3631
950
1250
1900
1614
1816
377
1320
414
206
3520
586
3331
3664
1954
1253
1393
727
2439
2691
364
269
1820
2883
1910
3216
2587
417
107
586
596
33
3282
1390
3530
3423
3230
2580
1060
193
458
3506
699
3563
1964
1403
2944
650
2807
3613
2663
3341
2914
943
377
1637
1026
28
224
2803
794
327
1360
475
2210
2281
774
83
1848
410
1793
1260
843
2001
843
111
3674
1179
802
140
3076
2243
1686
1554
1054
3089
3641
252
2103
619
1826
1624
2947
286
206
704
141
3055
2170
2480
479
1207
2029
2287
1493
3422
430
1823
433
347
2614
2253
1227
973
850
1737
333
1431
983
3183
2597
3389
3646
1121
1596
2328
616
3313
2233
300
950
3534
2620
3027
1320
1425
206
3543
2091
3542
2089
2726
3794
1112
641
2995
883
1062
3425
3654
2927
1453
1342
3626
604
3453
2592
3733
3303
1906
382
33
1614
141
501
1318
3034
2743
812
1023
1888
826
3650
2000
3683
269
2732
2519
1034
1777
1766
1565
2308
1700
224
140
3342
883
335
1279
430
726
308
1453
1161
1265
2230
3336
1636
1883
3067
111
2901
2699
300
2044
458
3042
888
616
2313
2426
2660
810
1709
2313
608
252
2341
435
2695
3509
453
341
28
699
682
727
2391
1430
347
1860
3153
201
1420
2201
2341
1201
1313
995
83
3766
3761
3402
990
475
3201
107
3196
2771
3125
391
951
430
1873
830
2317
2093
1455
2703
2999
3346
2395
951
3798
1781
3406
2430
3737
83
382
111
2048
475
458
890
1112
2345
2747
812
1453
2203
3200
3547
1766
1265
1640
1434
269
3129
437
206
990
347
3654
1864
430
1420
2310
616
33
1873
3658
107
2931
28
2234
140
1283
1313
1906
2699
308
1203
727
453
604
2775
3429
2523
3071
2002
1023
2905
1320
2095
1427
997
393
883
300
3765
3046
3630
252
1892
1344
1618
1034
201
335
501
810
3770
224
2596
682
341
3687
3038
3457
2343
2730
1165
1702
3157
641
430
883
2736
728
141
608
1565
3546
1713
1062
2664
3307
699
3205
3513
2317
1887
3340
3710
1034
1913
2357
2704
1448
2759
834
1039
2451
1946
1915
475
2393
727
399
83
458
2792
3055
341
442
3396
507
447
3602
107
616
2563
206
1140
3686
465
3513
1880
2786
2360
698
1341
1797
734
604
1481
1354
1908
1006
647
1299
912
3096
1753
3261
1450
951
269
3363
3179
2652
2373
141
2815
3127
699
3207
308
2121
614
3793
1646
1003
1656
1181
28
3821
3402
430
2345
2749
1311
907
2253
3569
2262
1806
1062
899
252
33
3854
1605
3743
2480
2145
306
3714
1209
1350
2088
347
3485
3462
392
2955
201
3256
2987
810
224
2787
1433
3826
1746
3094
335
846
3603
1461
140
2052
111
1354
3855
1753
2253
3794
507
698
1004
458
269
336
442
2988
107
201
2358
141
1451
3397
3514
1035
2787
614
2089
2788
846
2750
1140
647
811
3180
952
3711
1006
430
1210
2360
605
140
1909
447
3364
3095
3744
1916
1647
3128
341
3604
3097
3715
1913
399
2759
3822
3486
83
2652
834
1657
1063
1881
33
2346
1448
1462
1746
1481
2705
3403
308
2792
2145
3687
1182
1341
252
306
3208
1434
465
3257
699
907
2956
735
475
3262
1605
2393
2263
2816
3827
1351
347
616
2052
1299
2564
2481
2374
1946
3570
1798
1311
1039
3603
2122
224
28
206
111
1806
3056
392
899
3463
727
912
2451
262
115
614
3842
306
2253
201
968
3580
2052
1481
2366
3727
399
1083
1482
3228
1946
446
3473
1920
392
2362
474
1039
821
1806
2393
2652
2988
1448
2836
273
3060
747
359
1220
912
609
647
1454
28
140
485
2360
33
834
899
2451
1311
735
2808
1913
907
3401
147
3760
308
3534
2089
234
1182
3613
1605
2279
1753
2754
1455
1901
3200
1667
465
87
1929
2574
1647
2787
2394
1299
1341
1746
3814
1140
698
3419
3368
212
2792
442
632
336
2132
1367
3707
1008
1354
719
447
3113
3272
3261
846
3095
2966
1814
3128
1006
2481
2721
341
1055
3847
2759
3620
107
3506
507
3735
2145
3875
3538
359
1224
3405
614
115
907
3510
1012
1341
3276
3879
2761
3132
447
1651
2360
3818
1299
698
3624
212
474
2812
1039
2840
2758
719
3064
2147
308
442
1006
2093
3846
2366
2398
899
1924
1085
3117
2453
1818
446
1448
3372
739
2791
1057
1933
848
2578
3851
1354
3423
2393
1313
3477
401
485
2992
3584
33
2794
3731
1458
823
1371
1459
3764
1905
1746
2970
3204
1481
834
465
1946
2485
1755
632
107
970
3739
147
140
647
3232
2136
3099
3711
262
1671
234
1186
2654
912
2725
2052
306
338
273
1913
1486
1605
1140
341
507
3265
2253
611
87
28
747
1806
392
2283
3617
2370
201
140
1529
3749
234
3782
4044
474
1504
3929
2697
3148
28
1849
1201
107
3110
3288
995
282
728
147
2262
115
1691
3876
2844
494
2162
3789
466
1741
2934
1901
2794
2901
1411
354
87
776
3896
3344
212
3694
2938
2898
1888
961
3220
2616
735
1082
3432
1840
2203
2019
2931
1518
1532
262
1085
756
1058
1737
4011
532
639
879
422
2372
33
2231
1427
956
636
2008
2959
1110
2041
1369
2465
3430
3983
1417
3642
3372
1052
3570
848
322
3255
1270
3579
413
2003
359
210
3666
1247
317
1975
2493
2479
3257
2512
3904
490
1383
641
672
350
893
446
3537
2485
2584
2378
471
4016
945
1551
3450
1411
3802
639
4003
960
3949
2172
466
1280
3277
1850
147
212
2019
1114
2513
1904
2951
2636
3240
1052
1514
2958
494
3714
446
115
107
1373
1399
2600
672
1865
3924
2918
28
3168
756
1518
358
2950
33
945
1551
4031
2979
322
2717
4064
852
1757
786
3599
2012
2505
210
3275
1991
3308
2223
413
2045
640
3916
3809
1068
2382
1201
477
262
2398
2251
317
999
3896
1695
1437
1086
494
2278
1542
1905
3452
140
3662
3392
879
474
735
350
4036
2522
234
1263
87
641
905
3769
3557
1085
2039
532
1427
3364
428
971
2489
3590
2864
2917
3130
728
1757
359
2485
1545
2810
282
3686
3973
3981
1201
2172
1406
639
3502
466
2817
3712
821
3028
3664
1776
2562
261
3763
2977
1626
1969
35
322
33
2012
2957
1437
2463
3476
3180
2045
3624
2767
672
524
140
945
2952
2924
1872
134
2073
687
1052
210
532
2068
350
1156
489
2597
1191
1411
1850
4080
1085
4148
1905
1330
370
735
107
1373
2242
1518
525
2929
1591
2382
1492
1282
3342
228
786
4014
960
667
912
3798
2285
805
4115
971
390
3187
3852
4008
99
3294
879
3591
2522
1102
297
3327
296
2539
2655
895
2607
2301
2489
1579
3441
494
4113
1551
477
1807
3063
3819
317
2103
3874
435
162
3274
413
1695
3484
1057
35
3560
140
1225
1190
4098
3252
3147
1872
350
3586
413
2720
1091
1085
2378
1208
2143
544
4199
210
639
1714
496
4232
3796
2031
2034
162
3392
1328
451
3958
3359
2206
2335
532
2974
706
943
3007
309
3748
4164
998
397
1884
1637
735
2674
322
99
2851
2416
3426
3013
1641
1380
979
492
3936
1145
1676
1418
2556
694
506
3561
1922
3112
2540
2867
1558
3264
235
2307
3668
945
4065
473
1525
296
672
929
3882
1052
2064
2168
3701
3029
2657
4197
840
531
3042
317
3847
805
3351
886
4092
385
1542
2616
2523
33
3525
1924
2639
836
1392
107
134
1471
3903
261
1449
1834
2133
4057
3916
4087
4120
3042
1671
835
4234
2867
1884
3392
1260
2523
1418
414
735
147
2562
322
2307
557
3252
318
2064
1834
1392
2203
3566
4127
1885
2391
2974
413
699
210
451
3949
943
2669
561
317
1113
473
4087
2864
1393
40
350
140
886
2709
506
3142
672
4227
1150
1525
942
2148
278
1085
1922
3034
3706
2416
521
314
3555
243
836
945
875
2556
3770
3595
3182
3277
2031
1924
1208
171
728
979
3599
1564
639
1714
3917
3809
998
1328
3359
532
2163
4194
1558
3035
3980
3877
2621
2206
2335
3007
4267
3673
2056
385
1471
492
3356
1642
1052
3448
1220
2720
107
1711
2657
33
107
1449
2719
2064
3887
4204
1714
2213
1721
886
672
2874
1525
3045
561
492
3399
3049
1574
706
317
322
107
1452
454
1120
2679
413
2977
838
2338
2066
40
2173
2401
2523
414
1160
107
1392
506
1471
210
3605
2158
1267
278
4130
4277
318
2416
532
3683
147
2660
3152
3458
473
878
243
2870
1681
2631
1052
3716
33
1558
3780
3926
2031
4244
639
560
4097
3259
2206
3192
3044
2572
3565
1227
998
4237
350
1652
4137
389
1085
3927
1925
171
2314
3010
3819
3990
1895
3366
3287
945
979
1841
3959
1418
3609
735
731
4097
3366
843
949
317
1403
521
1208
946
2556
1884
2727
3576
1924
1335
140
2503
2845
1508
2045
936
289
607
1110
3594
3206
4523
3268
4094
4202
3938
3487
1615
1069
670
2049
4563
1806
2156
1046
1357
445
4423
910
563
344
361
541
3531
2577
1254
4383
3820
1648
3266
4276
1143
2323
182
3713
489
2875
703
4383
2227
147
2684
1979
4416
4530
505
4490
2828
2768
528
3091
2586
3273
782
1003
1287
765
1574
440
107
552
1210
1028
140
2374
33
263
40
342
3873
3420
328
4055
945
421
107
2915
4234
1846
4201
2484
329
1317
896
1558
2717
221
3066
3380
1828
789
1699
3860
1017
1517
3627
3173
2189
1438
4162
2924
3971
2063
3610
2014
1782
3831
1486
2334
592
2356
3694
1481
2064
4022
943
221
140
3704
433
2767
351
964
3904
556
796
2121
3352
4614
2388
182
4500
3957
784
670
2095
1229
563
903
2223
517
2554
107
1150
4607
1667
4055
3457
1604
2910
4139
1520
3944
3915
2905
2568
544
329
2734
3671
3497
4318
361
1527
2980
1100
1634
4467
4286
2277
2424
2651
33
40
1840
1880
147
4246
1306
3271
1832
3350
3564
592
4285
1376
4647
1733
789
3615
1288
937
4574
1336
1617
3001
263
107
289
3168
2627
3238
504
2083
2190
447
1551
4507
1073
614
4178
3131
552
3343
342
1048
4467
2384
1010
445
1862
2940
703
328
2833
4360
1117
2037
2406
1047
3797
1862
937
3352
2651
4469
3957
4141
1481
784
670
703
361
3343
1520
3238
1551
328
1884
504
4250
3799
2406
596
333
3564
3131
556
789
3704
2223
433
4611
1010
1117
107
1604
2121
563
1380
2910
4022
447
2037
2568
293
1231
3948
221
614
1667
2388
907
140
4318
1634
4511
3908
263
33
4055
2095
2984
1150
4578
2734
1340
4618
1306
4471
1073
40
184
4290
798
1832
3168
149
3501
2083
2064
4502
947
3001
1735
3352
4178
2627
3671
2767
1100
1288
4285
1048
2554
544
2944
3615
4362
2279
1527
3915
2388
342
517
4651
3271
964
1844
2428
3461
556
351
1047
109
3694
2905
447
1617
2835
2190
4319
3949
1604
4579
1380
447
1231
563
703
3672
2388
4472
1010
1618
2555
1528
2735
556
3800
2906
1047
361
4652
2224
4619
184
2428
2628
1117
2191
1635
140
1832
4179
2569
1074
2984
556
1100
1844
293
784
2944
109
3909
263
3916
4470
937
342
2037
4142
3353
1288
1863
1551
33
1668
2911
2407
3462
2122
351
4056
3239
4251
3344
2768
3502
1521
3353
1340
333
518
1884
965
2279
789
670
3565
3705
2388
1735
4286
221
447
3272
4503
1307
4363
504
4291
1048
2835
3695
4612
3616
2084
40
2065
596
107
1150
149
4023
328
2651
1481
3169
614
3958
433
798
3132
2095
544
4512
3002
947
907
3804
939
40
2099
788
2628
3239
789
4583
107
361
333
2191
3567
556
4516
3913
1048
1848
2122
1836
2988
504
1292
3699
2911
1117
33
4476
2768
2283
4146
3707
4183
3004
1344
2039
3953
556
1235
3173
2655
670
3674
2910
1528
3506
1604
447
4295
2084
1483
149
3357
800
4616
447
1521
3466
2948
518
293
909
1739
703
2839
2735
4323
328
2569
435
1100
4027
3357
4623
1051
1635
3272
1307
1555
1074
4656
263
1618
2392
3962
353
563
1888
2065
3132
4474
109
616
2432
2224
4507
1010
140
2407
184
3346
3920
4255
544
1384
4290
2392
2557
342
4060
3620
221
1668
596
949
1150
4367
1863
965
4542
703
2685
2454
2121
2204
556
2152
33
1240
1673
3955
563
2941
1312
1901
1640
909
512
2422
3269
1629
4509
793
2790
4062
149
4218
109
1117
1505
1389
1876
2087
447
342
2592
2237
1861
553
4095
293
3997
949
2097
3742
4402
328
1010
596
1087
361
2650
3392
4181
140
3709
616
353
1117
40
4651
1533
4691
564
1534
1065
1640
4325
3948
970
2869
1305
4658
333
2757
3655
3602
3392
1150
3734
184
3162
800
2429
3501
3839
1858
3988
2414
4330
952
4618
3039
2305
3381
670
2599
3302
1752
2978
440
3541
2069
107
3018
1568
4290
221
3208
263
447
4358
4551
789
1056
4511
2945
1349
523
743
1646
2690
2103
4318
184
949
2069
1904
3409
156
117
811
4442
447
1573
4258
4598
2951
149
457
4112
3642
553
2137
596
1044
4707
1550
3995
1117
2598
440
3202
4559
2422
1161
2969
3798
4025
564
704
3408
354
2293
3055
1858
1752
3547
3214
2978
1861
1568
2807
2457
4591
3762
40
2414
800
1065
1901
512
263
2305
4358
2615
293
2158
909
1093
3759
233
389
1729
3018
1389
4151
1200
1305
333
3855
4414
2454
2254
4375
4004
1340
587
986
39
2685
4551
1349
4209
616
556
350
793
4747
109
4668
3398
3319
2869
1629
952
353
4708
3507
3358
2846
2121
1056
529
3964
3671
1240
1690
1505
1059
499
4790
2646
4193
383
587
4135
1044
4426
177
354
2898
1970
4528
4543
1200
2469
2282
743
3091
539
853
4252
4917
335
882
4401
1739
156
117
2169
1578
3382
4634
1587
3049
2261
1684
291
4047
3519
1393
385
3399
1529
39
127
1352
4291
3590
389
2155
2695
2238
1932
1117
3282
1700
1159
1892
457
676
1479
2843
233
3438
1698
3051
1009
4761
1144
582
674
3165
2165
4751
50
577
2742
811
3902
4174
540
4928
1121
3839
208
1010
2708
3869
4878
3752
4811
3228
2596
704
626
2069
3548
3178
350
4578
2509
3908
1699
2552
3717
470
2019
1350
4967
2321
2859
4582
1583
3767
1161
996
4224
2238
3902
1587
4765
4228
3438
4291
3752
3091
3282
676
1350
811
39
2073
630
1063
2321
4971
743
2509
4545
2650
1686
1698
156
1483
2845
1578
2859
4135
3594
3841
680
3182
582
4921
996
4582
2165
4794
1393
3049
3232
2600
1739
4584
4178
293
233
2742
1146
3399
1013
2155
457
1583
2695
587
4815
1699
1932
1200
3548
1700
4405
387
3165
3721
1970
1121
540
350
50
4638
4252
1044
1117
1896
1159
4051
1356
4882
4932
2473
4532
127
704
383
2169
1533
3908
4755
354
2263
886
2023
3384
2708
4428
1161
2282
337
3055
177
577
3869
389
853
470
117
2552
2898
4195
503
1010
539
3519
3771
210
470
4238
4054
2030
1698
4428
1020
2898
213
4135
1350
4797
996
1073
3091
1587
2169
156
344
3165
3242
3781
1932
4889
4825
293
117
1970
1899
4185
4291
2155
4545
2321
2552
1700
4592
539
582
3282
383
397
743
3908
4408
233
4195
184
2845
39
4942
1543
354
1359
3548
811
457
1739
690
3728
2695
637
2476
3438
1578
2859
3399
2263
3049
3597
389
3519
2607
1117
2708
2238
2083
4772
4584
1490
1393
4539
1159
506
2660
540
3841
2742
4641
577
2165
131
1121
4252
2509
1010
853
1583
4928
1044
350
1161
3189
704
1699
587
4758
4981
3752
3384
889
1200
2282
1686
3058
676
3869
3902
1146
53
5009
457
2788
2949
5048
5101
1044
3459
3646
131
354
1603
156
1708
4389
405
1451
4233
929
2574
1954
117
4878
708
389
2705
891
1200
659
2353
1143
3170
547
2298
2758
1191
350
401
1645
2304
1161
1747
587
1155
4659
307
39
712
3848
3109
1419
2195
4305
2241
1591
3599
1060
1004
1758
811
2642
2187
1198
221
3189
1751
596
704
4917
3901
4945
4761
2938
3949
743
1738
3245
1550
1113
3498
3354
4528
2343
2549
2755
595
3832
2110
4174
3988
4000
4350
5062
3342
1600
4892
490
4358
4696
4307
1979
53
2782
352
560
528
4657
2163
3953
1358
1050
184
4712
2046
233
4540
3717
3301
2899
3496
5082
352
3918
5266
1767
617
1419
4119
1188
5213
1550
133
307
2281
435
1685
1818
1670
2172
1113
5165
1247
3972
378
3663
2858
254
1060
4506
4373
4153
1180
3482
5218
490
2378
3400
221
3741
3566
929
3046
48
401
1603
4554
3347
4105
2995
708
2850
3094
891
765
2659
1295
4680
387
3787
131
2913
1114
2048
3259
3228
4400
4647
569
2119
1797
2302
1228
1988
1866
1431
2435
184
2368
4269
611
2287
528
1460
2783
712
3615
1799
1198
4813
1053
860
2483
3971
3340
53
632
3718
2071
405
3216
4778
5085
4861
181
571
813
4453
4048
482
4901
659
2599
1059
5032
5034
4426
2688
1670
4831
2730
4123
3400
4558
1988
5089
4651
2730
4109
1689
1822
181
571
767
1251
4271
2052
4510
401
307
221
490
4402
4430
4905
4050
891
2439
712
1550
5086
3976
3216
3566
5038
528
708
2852
484
380
2917
569
4157
387
2071
611
3918
2783
1059
3098
1870
2858
3486
2378
352
5222
1055
53
1198
1228
2287
929
1118
5217
1799
1113
405
3347
1670
634
1419
184
3971
1672
4782
5036
435
3232
133
815
3743
3787
1180
2487
4455
2119
254
5270
3050
4835
1460
1603
1060
5169
1797
4684
1299
48
2172
4377
3722
2663
2368
1435
131
2599
3259
3342
2688
2306
1767
4817
2995
3619
864
617
659
2283
3667
1188
4865
1506
4575
48
4761
2337
5170
435
571
1241
2237
359
416
4989
131
387
4735
5120
2936
4507
1118
3324
2302
1822
4188
4355
1653
1435
2807
1679
2886
1094
2676
2184
4002
1831
4207
1299
506
4894
412
3069
3653
3392
4159
4442
2129
3871
584
3808
1247
864
1870
4866
3643
3266
1689
1207
380
2053
2446
3431
2860
2753
5173
2448
5354
4026
184
181
1825
1147
2494
922
1818
1251
547
1195
624
228
5253
2908
1713
484
3772
678
3072
2402
4919
4055
3117
319
634
815
767
1469
5301
735
4942
731
4127
53
3484
5122
2313
3300
1090
4623
2059
3701
254
963
3520
623
1600
1055
4539
5306
133
4486
2682
1821
4536
792
3541
864
61
4171
2968
2746
5538
3199
1344
2638
5695
1300
2519
1710
131
444
4116
3552
241
3667
1579
619
5041
5384
1236
1855
2879
1763
53
3063
2592
5251
3683
1175
2295
420
1033
157
1292
546
925
4355
949
2073
4087
3138
4980
5166
1393
2208
2492
5407
2528
4831
2241
2685
287
1454
5809
1967
3311
4531
4374
218
584
3417
3930
629
449
1624
995
1846
768
5748
4700
4823
3010
5591
1963
1973
5323
372
4879
5120
3736
1164
1338
3587
2912
1148
5564
5756
1217
2012
5304
4884
529
3985
707
4592
673
715
2392
5625
425
3356
2339
184
3828
4302
4046
343
3121
1568
505
671
4459
1859
507
5170
4596
1570
711
3063
422
5388
4116
289
5045
5306
2689
3930
5760
868
3203
1164
5253
3138
2077
995
449
715
792
5568
3989
2492
1579
951
1338
4827
1963
3736
4984
1763
3360
241
3832
3311
4535
3667
1710
2968
2243
619
446
2339
4881
4884
673
218
2208
3421
131
4538
1624
2879
4700
929
629
1821
61
5411
2016
5595
546
184
4050
2519
425
4355
3010
1973
4831
1846
2532
4459
768
5122
3683
4171
1175
2392
2638
2914
5699
3543
2295
1240
5752
5327
1033
372
1397
1967
2750
4089
671
4302
1148
157
5813
1292
1300
1458
2592
4378
3552
584
529
53
1344
5629
5542
3121
1217
343
3587
1245
3692
2708
5762
353
3278
425
1061
4570
1449
3044
131
5547
5037
2989
5972
157
218
6033
5023
570
2157
1358
739
5980
456
1192
3261
5332
1903
4218
1939
5631
2604
703
5516
5390
4788
2799
3500
5919
1200
4000
2047
3745
517
993
5788
2860
725
372
5091
53
2472
3823
1037
3876
1350
1390
3451
553
2288
5463
2061
2343
5076
1227
2419
3173
1404
1928
4298
5815
4523
3343
5194
957
647
3120
1510
1292
4892
4470
4651
4157
4339
184
2642
1762
5608
1694
3831
896
1815
1640
4727
3701
61
2395
778
2631
1631
594
4098
4271
3098
2096
701
657
5255
820
467
2748
440
299
241
2051
3561
4738
5849
4185
5079
3359
2328
1843
3223
1292
709
711
3507
669
3170
3729
5132
1640
731
1200
1059
600
241
4610
184
4311
1077
5519
5818
784
359
3871
4526
5244
2157
1909
5572
1208
2349
5147
5905
131
3289
2067
3318
1420
1380
896
5446
3516
425
218
4788
2096
4948
1659
6028
2439
2089
1449
993
2805
299
157
739
1962
3577
477
1251
1261
1939
5388
4395
4028
2736
5871
4707
2866
836
582
4767
6089
3879
2648
1510
3795
3060
2671
5664
5687
4828
3932
53
440
2459
4246
61
4579
2512
372
5844
4348
1728
957
1356
3748
5087
517
647
553
3148
4154
1790
3039
6036
2620
5975
456
2087
2798
5305
1418
5603
5854
3151
440
4028
843
1200
5142
363
1380
2620
4610
2442
375
3233
6046
5828
5089
5881
2648
428
582
738
5529
53
1292
1731
669
1640
4536
1909
3729
4714
1669
5090
4311
711
5582
3758
4185
647
1356
3889
4958
3942
480
3180
2157
3289
5985
2805
2866
607
2805
2671
61
2096
3060
4828
1425
1510
1218
1271
3871
5915
993
553
2089
6038
218
5697
6099
4246
1800
1449
3359
2522
157
1962
1939
709
5308
4161
184
791
3049
4405
4589
2094
1251
3514
3577
4351
739
299
5247
896
517
5453
131
5398
2469
5610
5154
2338
3318
1062
1087
2349
2067
957
3516
244
1420
3798
4767
5671
456
1853
2736
4791
5885
3062
5957
3556
6201
3959
1282
4528
2246
1439
2758
5810
3230
375
5019
4429
798
2527
1456
428
5952
975
1884
2866
1229
4854
2170
3468
2152
472
3805
5626
5154
575
696
3454
503
3139
1700
1563
1386
1635
3883
2041
326
5285
2183
6083
184
3926
6260
1298
72
854
5594
4910
3270
4501
791
1743
2015
2532
4252
1427
1789
249
1098
3276
5382
244
177
5708
2318
2069
5522
2487
5757
2785
607
4547
2396
1271
2990
6136
4750
4566
131
2580
5103
4067
363
491
1060
4697
744
4014
2895
6332
2813
6313
5338
6129
1831
6385
602
1487
588
743
3733
3323
5345
683
5031
4056
1047
738
4322
53
1093
3639
3999
2630
588
3562
3470
5059
1047
2945
683
6257
6185
4556
2069
5341
1310
177
706
5866
3326
4753
53
1743
5210
503
1386
3939
2318
1924
5432
6441
754
876
6316
1823
744
472
381
3689
1563
1427
4882
4070
1060
434
4517
2196
5059
5758
4445
6369
2015
4123
614
6192
3942
5385
2990
249
5394
2199
798
72
2882
5935
4622
3496
2572
6007
4960
131
6008
5682
1493
1257
2176
2577
5813
184
1126
4806
1455
2813
373
4084
1490
1871
1271
503
3739
1320
3379
623
975
250
4587
2487
5634
326
575
2813
1117
3062
2246
6388
749
3811
807
4268
3236
1635
5131
2069
3316
2446
6139
2764
3195
4372
1740
5562
2196
503
6261
6392
1126
3066
3326
4123
1455
2813
6373
3379
1429
4560
4886
3195
3316
2199
6011
1310
184
1117
623
1062
5870
4964
749
975
5939
3474
503
2446
1490
685
2019
5345
706
575
614
2630
5063
4521
249
3815
3939
2073
1637
590
4808
6012
4449
6143
2069
4088
3946
2577
4591
1747
250
5638
1565
5389
72
5566
3743
1823
434
5817
4001
3689
1257
4624
4374
2945
6196
5436
4272
1275
131
5762
2178
5063
2322
2817
5686
3566
6445
472
1924
1493
744
373
4070
5135
2572
1740
2994
754
177
6189
3240
3498
6320
807
876
1388
53
2768
381
2491
2250
5398
2884
1320
1871
798
326
4755
5214
1047
434
2196
575
4525
5943
2945
1047
5067
1871
3244
4968
6015
2888
2201
2577
4092
1495
3570
6396
177
2495
3941
3318
250
2630
1823
1277
6265
1388
184
754
1565
687
614
4005
381
623
5690
3379
4812
4595
5402
1126
876
249
4564
6016
1310
3478
373
4276
4890
5570
1257
5139
6449
4378
2998
3326
2772
4628
1062
2023
2572
2252
5393
2182
5874
6377
3502
1749
2815
746
3070
1637
1320
975
5218
2069
72
6147
1490
503
326
3819
2821
1740
5642
1924
4072
53
6324
4453
472
5440
749
5766
4759
1117
2075
6200
706
3691
1433
807
3747
5821
2324
131
5349
503
2446
3195
5067
590
3950
798
4125
1455
6193
840
4763
6544
531
5976
131
3000
1493
434
1518
777
5090
623
381
5386
4518
2888
3728
4182
3987
3025
4952
6226
5277
618
3428
1458
513
187
6485
6597
4458
3406
184
3275
2139
6013
6357
807
2175
1099
2248
3632
2283
6616
1267
603
1717
2951
3459
4250
1645
1768
1320
2111
4746
1335
1027
1362
1114
2498
4899
2629
4645
2915
1952
250
3384
1145
5862
5349
6669
72
1831
2652
5632
5790
2607
6235
1136
373
4114
5517
6163
3138
344
5603
2270
5882
5136
3801
259
717
4145
3915
4235
4768
5570
632
5259
2682
3618
4717
6413
6066
53
1507
1553
1875
496
754
776
3210
6410
886
4051
2362
730
1899
2434
6753
3543
5840
603
1114
1826
1389
742
496
262
400
344
2568
2173
4266
1717
2434
1335
3352
1831
3490
3994
6150
3922
917
3478
1099
5309
5697
2759
6494
1493
6490
4813
650
191
5653
5654
1027
1645
717
1964
1370
5463
3210
4195
3866
840
6300
1560
4133
1317
788
2951
4284
1176
6097
2702
5201
6700
138
1179
2362
3090
4128
1564
1458
53
2895
187
5383
6228
4664
776
5311
529
4319
5124
647
4736
2306
4477
841
3637
5912
453
72
5036
388
3019
3735
4780
3138
784
6562
2111
259
531
6441
3391
2949
2302
2017
5601
4583
2706
5959
2607
3666
6303
2175
4983
1918
6628
4845
618
1526
2277
6041
6681
2920
1717
2788
4484
1465
966
6597
2683
1114
5819
5748
6160
1249
4354
6347
3200
496
1831
4710
3219
5603
717
6099
2120
531
6784
412
5139
283
5201
2234
4850
785
6630
3947
4422
763
1585
3736
3985
3019
618
3760
4268
4523
3683
4290
2348
2400
849
1988
2074
437
3065
603
911
2960
4908
2434
2302
6253
6918
1434
3416
62
154
2899
6846
800
3573
72
5816
695
259
840
6007
1099
1502
5381
6856
6443
1637
344
6659
3699
3637
499
5757
5320
6702
554
4179
6315
1563
2136
2175
5935
4702
6419
3147
3483
1335
2362
1403
5453
5194
1920
2837
4782
1225
1458
187
671
5404
1027
4985
2616
4019
216
1645
6722
283
2136
695
1595
4374
3703
1514
2444
4278
187
6119
6679
6617
2372
72
6367
840
804
4199
2185
1465
2136
531
5217
4494
5155
3235
2899
6180
4928
2940
216
2074
2632
437
154
6650
3752
6876
2792
4306
2683
4870
966
911
1345
3967
3163
3487
3436
3780
1118
1434
1225
5623
5955
1249
259
1988
6439
6804
6273
6335
1462
1649
2976
2238
5839
1099
3029
4802
3703
6866
344
1027
5777
603
5001
499
4730
1920
4543
3204
791
5473
723
6463
412
1721
2837
4039
763
5836
4718
1567
6938
2318
5214
3995
5768
62
496
622
3641
6027
1637
5340
554
1841
3583
2358
2400
3081
5401
849
1403
4432
671
5424
499
3163
1595
5781
6808
4374
1118
913
5005
4543
1841
5627
344
2372
1514
2318
3703
3208
6443
6654
2140
1462
2794
970
496
804
3585
671
2632
4722
723
1721
72
3780
5221
6184
1345
3645
187
6123
2903
5344
414
3029
259
2687
6277
62
283
3491
6029
216
3707
5473
2444
4930
2358
2841
6880
2404
6726
1227
4282
622
1641
5401
437
2078
1027
603
4730
4199
5426
763
3999
1567
4498
1099
5840
1649
5214
5159
1407
6870
4308
6371
5843
1253
154
6339
6467
697
3235
531
2940
6942
3752
1990
4039
2185
1434
1924
1469
4870
4436
4802
851
6683
2976
2238
6621
3436
556
791
5957
2136
5770
840
3967
3081
5431
4653
6677
5010
1373
6635
6333
3813
1099
344
6032
2078
2388
6559
1647
1487
527
6841
1494
3725
3043
496
1472
2188
584
6376
2817
2684
5837
5938
5098
5536
4628
1556
2188
603
3020
4163
4904
3215
1723
187
5369
632
4119
5613
301
3516
3882
2213
6563
3181
4464
1323
6197
2326
3348
3287
2516
72
5594
1027
965
7100
2910
3141
4047
793
531
2250
4690
815
5354
1869
1128
6864
1625
6063
840
2400
3860
6497
2024
739
5541
6936
2981
7090
903
5205
2472
465
1549
226
741
832
1731
2440
6903
3813
4912
1659
3028
7162
259
1022
3875
6125
6001
4514
4466
438
3649
164
62
701
4309
4840
1285
7028
3215
3053
6073
1647
4309
1731
6011
4471
534
2400
741
1025
4166
4047
5379
6569
167
840
2472
7110
6638
4653
6507
815
344
4840
6035
229
1559
7172
1726
2440
1659
746
2326
6379
632
2991
3882
1285
5594
5441
62
1869
5938
3020
7038
793
1472
3885
531
72
3181
6871
4700
3516
1494
832
603
6125
2388
1128
2031
3141
6566
4466
1330
2684
5010
3287
5541
6340
4638
6943
4907
2188
3028
4912
472
6851
5354
1099
441
2260
2198
2213
5098
3813
6684
259
496
7100
5212
584
3656
1625
1027
975
4514
4119
3823
3860
2824
6913
3351
1373
913
5613
2910
187
2078
701
1497
5844
2519
6197
5539
1556
305
3725
5541
1625
173
496
1472
1285
3882
7120
4119
5098
1730
239
4840
6039
6093
4481
4047
2400
3905
1513
756
445
2834
6570
5938
1869
1029
3073
3666
6350
2472
3215
1579
1731
6383
2684
72
5395
344
793
2326
3020
1128
1556
531
3860
2388
2523
6953
6694
4654
929
6881
3725
1340
484
603
5854
5613
5010
4911
5461
3141
7192
2078
1099
6523
4170
2213
3028
1027
6589
584
4514
4309
259
2188
7126
5543
3007
3181
2280
550
995
832
1659
187
4466
66
4720
815
6197
311
2910
3839
5594
4912
5354
1647
3813
3516
2041
2440
1494
2214
6125
741
840
701
6027
632
4653
6867
1373
7054
5222
6642
3287
6933
3355
4048
1285
6571
2280
2388
2910
3516
66
3813
1730
2684
832
4309
1494
6643
4654
632
929
1647
995
2523
2078
2188
584
3355
793
4466
3288
701
532
1472
6039
3860
6694
496
445
6383
3839
604
5594
6350
3905
4170
6954
72
7121
3141
7055
5938
1732
3007
6093
4911
6198
5543
173
4720
1128
3725
3181
3073
815
5222
1029
741
2440
4841
2213
2326
2834
1869
2041
3882
4120
5542
5098
3666
550
6523
2214
6867
5395
3020
7127
1373
6027
188
6882
5010
5854
4481
1660
239
1028
6126
756
311
5461
4514
840
6933
484
1579
1556
4653
1513
2401
260
344
4913
3216
5614
5354
1625
7193
1340
6589
2473
1100
3028
3203
1398
794
260
1660
1556
604
3922
3764
6448
1373
6463
516
2462
604
6635
3868
329
4863
3216
1526
4991
4579
3435
5158
5507
4128
2366
6139
6651
2130
1100
6792
1028
4056
72
1069
7241
719
5394
1055
496
3288
2595
3181
4554
1788
1659
2378
188
532
7313
74
6186
590
3785
1323
5952
2188
1869
807
4675
187
5998
2396
1655
6709
3835
4250
3111
7167
4935
1128
6979
6258
2117
2684
1732
2970
5050
7052
632
5320
4766
5654
1472
2924
3524
4526
3951
261
741
5581
4840
6119
7053
2213
6723
2304
840
1585
3028
840
3185
2473
5654
4331
6213
2401
5582
4025
815
6980
3028
344
7239
981
5623
465
1647
544
2623
7307
1096
7003
4891
7018
7993
1540
6149
1185
7690
215
1230
7689
7602
3212
881
5186
5370
383
1172
878
6808
6721
5987
6505
216
7386
687
2415
87
4308
1830
4232
2821
5578
89
4197
7234
6459
4603
4093
7817
3493
599
1951
5275
5067
801
5404
5283
4500
2583
6122
3270
3404
2652
3509
4090
2553
3189
2366
672
1614
2718
2308
513
7601
6076
4413
779
1844
4919
7218
3725
5772
304
6635
3596
4397
2534
1649
5846
927
3293
7904
6674
2631
1231
2910
1488
686
6763
3453
3814
4971
4140
870
5463
7321
1679
368
1774
3431
6091
2319
1782
583
7906
1438
6062
904
2032
1917
1755
4684
659
303
1143
5463
2366
583
3493
220
3431
7331
1617
4200
6818
8003
1774
672
4397
6159
4232
3606
659
4919
1755
4093
1782
5772
2652
4510
606
1096
7914
7218
513
5186
215
310
801
304
7693
3212
386
2821
4420
2553
7307
3296
544
89
904
1951
878
1679
687
2418
5380
2638
5290
6076
870
1488
3404
5404
1438
2534
881
4308
1844
5849
6763
7003
2623
7241
6508
4971
4090
5987
7824
696
7699
2583
5070
6674
7913
90
3725
930
6635
6122
1540
2728
6459
2319
1837
2032
7604
5578
4603
3814
3189
7021
6091
2910
3270
3453
779
6728
2308
1927
4684
1231
1150
6069
1185
7609
5275
4140
1240
4891
368
1172
3516
1649
7389
1172
8134
4342
304
2329
7213
831
5051
1220
2605
2633
2544
5514
789
6279
1755
3382
4449
3511
7038
5355
8123
7796
5590
2336
5266
5059
410
1816
2849
7386
3774
5882
3026
648
3432
4842
881
6803
7551
1677
928
3674
4702
1961
5718
4683
4145
2037
2665
6379
238
1737
3264
5631
368
5001
717
7885
3436
3777
6903
7819
2868
2530
572
1185
7451
8223
6700
4360
4270
89
1096
982
583
1548
6938
1540
2120
1320
3521
7171
4170
2454
6814
906
1844
7581
1448
6599
1937
6097
6290
1289
3217
5252
1699
8034
659
3553
100
3954
6041
7919
6231
888
2768
672
7475
513
6186
1834
4602
338
748
4364
5490
215
2722
1214
1317
3754
7761
1876
5219
909
5696
6074
8343
2172
2409
100
1124
582
7230
6209
8443
6809
5900
5730
992
2820
1789
7695
1735
2418
6289
6482
1965
1807
7423
8105
1892
1330
7391
6892
2582
2713
4841
238
1590
934
531
5630
7130
817
735
4064
1896
6447
2810
3482
4812
4589
593
410
6378
215
1213
6547
3376
5523
8039
3106
2747
2624
7606
8354
4500
7801
3542
648
7024
3907
683
2031
958
2524
5217
682
2920
4712
4482
4982
1727
7113
5434
4400
4310
6431
89
3854
3627
2693
4474
3516
3327
5392
2065
748
918
8016
8254
855
304
4285
5799
378
3665
338
1592
3631
7013
8139
1500
7661
5165
2949
1230
2716
1503
5737
215
6441
5229
7811
238
5706
8264
2920
7023
6902
4989
648
3549
2582
2425
4295
922
961
682
855
4510
8026
909
1789
6492
1592
5399
3917
5809
5910
2627
1883
992
4407
5637
2703
7433
5227
1330
8115
3106
8453
5533
3672
4599
2034
3637
6819
1213
5444
2750
3854
6388
100
3754
1895
4492
6457
378
735
593
2817
7401
3516
4715
7671
531
7616
8149
1590
89
7240
2956
934
1124
6299
2172
4477
410
6557
820
748
1965
1896
1807
3386
8049
2820
1742
683
1317
7140
2065
8364
3334
3638
338
6219
4320
3485
304
7705
6084
7123
5175
582
1727
1230
2412
4815
4067
8353
2524
4851
7771
7034
1214
3549
739
6445
4411
8473
961
8384
820
6235
6388
5706
1896
2840
7691
758
1789
1895
5914
89
7127
6823
304
1124
5231
8131
2182
4599
342
531
3672
683
7791
2956
7160
922
1592
1213
4835
8373
2085
2817
1883
5415
2703
6477
7449
3489
2716
100
6918
3917
1004
3774
8169
8284
2528
4493
588
6502
4510
4320
5229
7626
6084
4295
4492
3334
416
1985
7715
7038
8042
2627
7033
3637
1742
378
909
4077
4851
934
2598
6577
5657
1346
1743
5757
3874
855
242
3638
5444
2425
5819
1807
3116
4999
215
1327
1246
6299
1503
2412
1594
4735
3386
7827
2034
1214
2940
658
7411
593
5533
682
8069
7260
3532
5175
2750
4671
575
6853
1893
7508
1407
5993
1995
414
1963
344
4832
905
2983
8689
6725
256
8677
2066
3815
7891
100
5820
7919
5115
7267
783
241
4177
3888
6484
4098
4317
5923
7611
3693
1688
3998
758
2869
6828
1852
8830
8930
7700
4759
1230
798
5015
3110
7477
989
103
6093
5737
1722
5579
3300
1422
6967
2676
698
3742
733
7344
3857
8574
356
2754
6278
4590
2910
2312
5545
7600
2837
3160
978
1322
1017
1066
6169
655
8933
988
8132
2182
624
5495
8235
3574
5295
6070
2940
2205
1333
874
6867
3010
1849
1607
8589
5165
4591
6902
3602
2585
2596
2105
442
3918
8275
8333
2005
1308
6611
9033
4935
4762
8175
5730
1367
1735
8521
1880
3390
4079
6495
7531
5898
2053
602
1014
2066
5796
3168
2236
7886
8864
4342
765
3724
4776
635
4188
3068
4760
8963
6048
1288
8418
1052
3740
2962
1801
6807
1020
7928
6294
6365
1923
7083
932
7572
2710
3995
1438
803
3976
6980
252
8530
256
7828
4927
1433
8430
356
8964
2370
3065
7163
6154
2975
1952
7732
3004
3807
5692
6254
9216
1674
798
9116
9319
9219
909
5240
5131
2072
2688
3086
7783
103
2136
5140
4088
5456
2156
2812
7063
5362
4821
789
7097
355
4442
434
8608
686
4884
6151
4018
7130
1333
5028
100
2755
6728
1391
3290
1036
8166
3832
2276
8174
442
1077
8860
698
9275
2856
1674
2078
3118
9272
4342
2975
7170
9020
4943
2710
8224
3430
4144
1462
8658
2783
3882
1391
8206
355
1288
1757
8458
252
5368
5708
7984
4079
5131
7884
8586
3724
815
1923
2688
434
5296
2053
7219
3976
8910
6157
1099
3065
1361
452
4766
4849
1461
103
1968
1014
4034
2066
9013
2404
3290
6996
6857
100
5948
647
6310
4776
7811
5196
2156
909
6744
765
4934
3835
4482
7914
7125
5758
686
1914
7099
9172
2962
3020
2276
1367
9375
2176
6210
1036
1052
2276
789
714
602
6405
6523
814
5496
3092
7119
4244
8561
942
7772
1026
262
362
6054
7622
3740
5028
4001
5802
8486
6310
3218
8920
7559
1801
5309
3312
4973
686
8596
2161
789
815
7149
1687
3887
4101
5403
2975
1461
6345
6232
6435
5161
2083
814
1060
9310
917
647
8693
6192
5970
3118
1940
7205
942
100
8259
5058
6558
7594
9410
3218
2276
3848
4801
2289
2723
4871
9207
8521
8955
8493
4372
3998
2788
7919
4031
8945
6779
3033
3114
2176
1361
602
4149
5743
7949
2856
9307
1036
3435
3078
8621
770
355
1757
1462
8241
9048
7031
1023
8019
4056
4806
2710
7249
714
1372
434
252
3000
7807
6089
4249
4495
7134
2091
2058
6887
7160
1031
7657
5209
103
3770
1391
2404
6332
1288
1806
5518
3746
4947
262
5837
1914
452
5788
7846
1099
9055
362
1973
8020
1462
2091
5161
2083
2723
7160
5310
6333
4801
5837
814
3746
1372
8622
3888
9411
1031
3000
1023
1915
3848
7150
5519
2975
8694
3219
815
1757
8597
1973
7949
9056
2405
686
2289
100
3770
452
942
8522
9049
2788
4948
1288
7031
648
3119
8260
3998
9308
7250
7206
2710
4973
5210
1687
1036
6345
7134
4150
789
5788
4806
8242
1060
434
9311
4056
3114
7808
4031
6192
7658
5743
7846
6089
5058
3078
6779
917
1463
2177
3436
770
3312
6558
262
4250
7920
1806
8946
355
5403
714
1391
602
4871
8956
6888
5971
1940
3033
9208
6436
8494
4372
6233
2058
7594
2161
2857
2277
4101
1362
362
4496
103
1100
252
6516
1940
5425
5322
1795
108
2357
3317
7370
355
6385
1372
2161
384
1414
602
1503
3073
7654
7286
5046
2723
6618
1068
2975
3508
9531
8140
276
9428
4101
2058
7174
8677
470
2710
3008
5848
4096
686
746
9044
1522
3209
2113
854
9068
2249
3746
1036
1138
960
5066
3978
1687
7888
4931
8009
5599
3778
103
7220
8634
2463
7071
4380
3136
3998
4814
9320
5783
2289
1288
8032
5013
2933
2840
9147
4823
6069
3078
770
2091
6986
8792
8742
4362
1806
434
252
2005
789
6819
6214
1023
668
1973
4576
9176
5169
7906
835
8358
5859
3312
9423
1391
4053
7756
4254
5430
6453
7262
6345
917
6111
1045
3908
8322
8574
1301
439
8664
779
5861
794
9079
103
2113
6415
3141
1953
2005
1795
1503
1973
6074
2357
5026
3317
276
3908
2183
746
3005
1068
7689
7250
2080
6854
6458
4033
4066
4936
9182
4849
3800
6350
4845
3073
3108
8054
8827
1138
2096
610
7941
7778
4136
8712
1404
2249
1414
7918
6146
8357
1049
355
835
3978
925
1028
9355
2732
1828
3781
5322
384
6249
4576
2933
1522
9463
6999
9566
3342
960
108
3021
4362
6640
7275
3209
668
6529
8388
5805
9103
5204
4410
854
1045
2314
8162
7308
8609
691
7209
2840
5894
5430
8044
4101
9211
8772
7383
1704
1389
5046
5604
470
7106
5101
3508
9458
2753
5455
2463
4254
252
108
925
1953
7808
1436
9212
7702
6420
691
9246
8089
5626
1704
439
7029
2963
794
1155
7940
7310
7330
8631
2753
3530
1404
3005
3108
3781
3244
9493
1049
9138
6146
5101
4008
5357
5455
4410
3921
7263
2279
3021
4397
9390
2080
4106
1828
6249
677
4033
5810
4066
2387
759
779
4849
5031
2010
5204
8057
6385
3078
1068
1301
281
6551
2314
1028
5874
5894
9498
1808
4598
252
5465
1520
9109
6493
389
355
610
2853
478
3800
2096
8699
8857
6104
3342
1045
965
4136
8379
6859
2732
3352
103
4845
8197
6653
4289
3141
8734
2485
2113
7418
9601
843
7111
8418
7954
1998
1544
2183
1389
867
5076
4949
7214
8807
1720
8897
7968
7316
867
843
7742
8446
371
3078
2279
5880
9549
1436
3244
108
8419
4889
5357
6899
6385
3055
3027
5626
9440
5483
2793
7424
1862
6448
3821
7035
1155
4072
4289
5037
3164
789
7824
109
9548
3370
8105
2387
8213
4083
6669
1520
4192
9268
3921
8835
1411
5260
2233
7161
965
622
4397
1045
2963
2342
1444
9286
1959
9657
7270
4008
931
8004
4949
5465
6196
677
3352
4598
2124
8727
3530
3141
2485
5076
1028
8790
8113
1544
2010
2113
713
5151
9159
451
1068
5826
281
6104
6305
1335
5934
6557
4438
2853
2096
9178
262
1808
8681
1998
6493
7291
389
822
3816
759
4861
7346
4106
2748
478
1073
793
7616
8543
4232
8286
4788
1500
1068
8435
3202
109
5856
2297
879
1107
1608
5237
4471
10021
5581
1110
6649
4332
1884
1586
5288
9120
108
7724
2086
5689
5695
3145
293
834
6529
8304
3498
707
8042
9804
644
5149
2893
6700
4081
6116
6823
1463
2188
2197
4178
3384
401
262
967
1369
2487
5051
8749
7534
8142
9249
3492
2430
2591
901
9187
3265
1207
7579
9912
7642
4608
6356
1926
7323
8786
9511
9650
6056
371
463
7425
819
500
5071
3964
6757
2092
4579
9542
4223
725
6420
2854
8413
6935
3264
2035
1786
9079
3678
3155
9011
3961
9913
2178
7163
2971
6158
3091
4270
1478
1005
1087
2379
9620
5333
5442
2197
5689
3146
4471
5288
8287
109
1884
1786
725
3091
9621
9805
6117
7643
7580
3678
10022
4233
3965
9121
2036
371
879
4579
401
4224
8787
2086
7324
3202
4788
819
463
5150
1463
644
7164
2591
1005
9913
6530
9512
8143
4609
5334
6159
3266
6758
1110
2188
1369
1069
1207
7535
901
707
6936
7725
6357
7426
4333
5696
8414
1586
2487
8544
8305
967
1608
1107
5072
9188
8750
9651
2379
3155
2430
2971
6057
834
6650
2893
2297
1087
5052
9914
3264
9543
5581
9250
500
9012
1478
1926
6824
2855
9080
2179
293
3962
5857
2092
8043
6421
262
108
5238
6701
4081
793
4271
4178
7617
3499
3492
8436
3384
5443
1500
5696
9825
2430
7430
1478
108
3694
9671
2102
1894
4198
371
725
10042
1087
8053
644
4804
8807
3512
6946
8315
7745
6705
7168
6127
5709
5308
834
5072
5601
8766
2855
8303
6159
3266
713
5242
504
1618
3962
6778
7659
293
905
1369
3404
9137
6061
5443
1217
1598
5334
1009
9100
9641
7637
4091
5873
3155
2188
4609
6421
401
7344
3965
9563
9933
797
9270
262
1110
9934
9208
4491
8564
3111
2981
2395
463
2297
3264
1510
6377
4275
2096
1107
2893
9028
967
8163
4333
2607
8456
9532
7539
8424
6530
3206
819
109
1786
1926
2179
2503
885
5160
1069
6840
5052
2197
1463
4224
3146
4233
2036
6670
4599
3499
7590
3962
3111
797
2179
9270
9100
6531
7590
504
5072
1786
8303
9029
6422
1510
8807
1110
6778
7431
3512
10043
7168
2189
5160
5335
9642
2036
6159
7659
3156
4599
1894
1479
819
885
293
5308
2298
3404
5242
4334
644
713
4233
5696
3694
2102
2503
9671
7637
108
6840
5601
2096
2197
109
1463
6377
3266
1926
1069
9563
1618
9208
9826
4804
1009
372
5873
8425
401
9934
7344
8053
263
905
8766
6127
4091
4275
5444
4609
4198
1217
6670
2893
5709
7540
4491
3499
1370
2855
1598
2607
8456
9533
3265
2395
8163
1107
6061
8564
2981
9935
9138
4225
726
6946
967
3206
6705
463
5052
2430
835
8316
3965
1087
7745
3146
293
2228
1116
4899
4032
5430
7885
10208
1627
9698
263
8319
5992
3042
1951
1623
2916
7308
722
4268
1135
372
901
6496
109
3276
1823
6650
5270
1488
3569
8468
2246
1093
10100
5815
4704
4404
9303
8209
4051
9194
797
2939
6980
504
4669
6789
3216
7680
726
5696
8612
3450
4561
9836
1519
401
5403
1379
2420
3558
835
6278
2081
8720
7571
2214
2476
9807
2323
5162
6192
9373
5804
4327
2528
5539
9728
6845
8931
7777
2653
7815
6897
3202
988
9265
6541
4369
1226
5167
7484
1030
653
1111
10099
8472
1931
2127
5357
3339
3764
463
905
835
108
4177
1488
8972
4295
7746
9435
9991
7093
3311
2141
6258
3157
8581
263
3219
2653
5804
4058
9846
504
1030
8478
797
2246
7822
5177
1519
4042
4330
10109
3450
3157
2141
1135
3339
6789
3042
108
2486
6855
5825
9383
1119
6551
9313
6199
5549
8941
293
4714
8727
4268
3276
4561
8219
905
2127
5440
5270
7756
2923
1111
9275
4414
656
5169
6496
5360
1931
2084
8482
5992
5696
4305
9445
9817
7487
4669
8619
835
6261
1226
3212
7318
3558
9738
3321
2949
6897
6660
2228
839
3764
901
6288
8326
372
1958
1627
401
9204
991
10001
1491
726
10110
1495
4177
7780
7581
8591
8982
7888
1623
5403
10218
1830
2528
4899
2330
7690
463
4369
2221
7100
1382
2420
6983
722
9708
109
3579
1093
9102
4474
5463
7986
504
3580
7876
835
9433
5756
4959
6758
7802
6967
905
10121
6386
293
726
4406
2975
3804
1155
2173
5629
4102
3328
7934
853
4794
1009
10229
9061
1044
3277
2526
108
6576
6303
9324
3397
8839
6649
1226
1517
8602
9858
109
1129
1499
6359
2989
9828
7212
909
2536
797
5257
3361
4709
1390
1862
1113
9565
1627
8598
3639
6977
5923
2428
5350
463
3472
6072
2122
2268
2675
1953
7081
1127
5450
5864
8731
7878
263
7430
5259
4365
4308
9966
664
8438
1980
2284
10230
7693
3179
1631
2243
9395
3082
401
1519
2352
4601
8339
8711
5520
4237
722
4441
7585
9937
2135
372
3252
6869
9503
10338
4130
6092
726
1161
8458
3183
6774
2428
7450
6889
8859
835
7101
8359
9848
9415
2536
1517
7822
9986
1226
401
4719
9453
6665
7605
9878
3287
4975
2243
1980
8618
8751
7954
6323
5530
3584
6997
2135
3814
3476
6379
4478
9523
9081
463
1009
6987
9122
108
1957
3413
10358
10141
7898
4140
3252
10249
5275
2352
722
1048
2126
5370
2526
6402
293
4804
4611
2979
3092
1499
4253
372
263
109
8006
2679
853
4106
5267
1631
3361
5880
10250
5639
1627
4461
4422
2989
905
5772
2278
5939
1127
7713
1862
5479
4369
1390
3643
6596
3344
1135
7896
504
664
9585
8731
4318
2296
8622
5470
2183
1519
9957
9344
1117
909
7232
797
905
9751
6540
3615
4974
1584
1193
2477
401
9840
2355
120
8947
5970
4575
5065
1933
5495
4674
8150
293
4552
1642
8897
1519
9643
4376
3781
6136
4271
9350
1162
696
888
283
7428
2629
9336
9739
2146
3423
9619
2197
10133
3150
9055
6721
3214
8097
5867
490
3507
6508
10123
2345
5862
4278
3390
797
8167
504
722
3402
10416
108
7122
4777
1627
7014
773
10241
2357
3522
2074
8654
1186
1045
5569
2547
7977
7029
3872
3507
10243
1988
8846
3119
3085
1226
1068
2439
6217
893
10536
9017
4554
8059
7694
403
6626
8614
7766
4669
5747
10644
10524
4343
5464
1152
1589
5440
2710
1469
2230
5620
7262
920
6909
8124
7204
8960
120
3395
705
8172
4301
2146
8064
10679
5494
2230
3150
7122
10163
5970
5065
2651
1226
10559
1068
3423
1193
10451
4996
3615
5902
10571
408
722
8868
4589
8644
6521
8146
498
9773
6721
2710
797
1627
401
8132
1491
3098
3437
9870
2355
4709
4669
920
3803
8163
2439
1946
5862
2507
6217
4343
9366
10158
4291
7064
6944
7267
2345
2202
5625
5782
1203
5495
905
896
8012
1519
10271
293
10278
3149
1152
4376
8932
5453
3872
1988
504
1611
1642
9052
9372
6158
3507
1162
2547
3557
6545
3214
7226
1601
2099
7771
288
9068
9665
786
906
2387
5569
4777
9774
7014
7724
7441
108
1050
4575
8667
3507
6656
4557
9654
2687
534
3903
10074
2252
1727
10488
10803
6234
5265
7422
2421
2070
6987
1503
5001
2828
3621
10137
5136
120
1080
120
6775
2715
5815
7302
4705
960
9954
10200
4881
2133
2567
5634
8382
2268
2421
3797
5799
2314
4735
288
315
1215
758
8356
1718
10923
1188
7450
5623
10608
9666
3547
4689
8067
3274
3186
11043
3501
906
2437
4507
4401
786
1998
10515
3501
918
1204
4419
408
3677
6733
1110
5922
8502
9168
1635
7693
8410
7948
3362
3213
8985
8908
1233
9196
9316
5695
4566
1607
1623
2541
9300
10923
3625
8236
6114
4809
498
6453
8451
10017
9420
969
7246
9702
6042
1292
10635
6838
717
7126
849
435
4032
7533
6340
120
9716
3677
6888
4881
9328
10979
4741
8479
4745
10664
4451
802
6993
5701
729
2070
10130
2314
1204
5001
2427
6380
1090
930
5978
1651
6459
1110
10979
120
2252
1233
5831
3274
4566
3547
7490
2567
7308
7998
2437
7302
9372
2167
1659
5684
7549
6234
3517
4507
10544
4865
10859
2687
8518
758
9208
1718
8398
4447
7428
3551
4032
315
9013
3362
508
9448
10685
435
3214
922
969
1531
5265
3943
10565
1292
8292
10177
960
8083
7721
6761
1607
6114
2749
2461
2581
849
414
5176
4721
8450
10010
3671
8412
5651
1727
6098
11099
7182
6791
2020
2828
10057
9252
8958
3797
2284
1237
534
294
5799
10250
3257
1194
9742
3631
2819
3299
2531
423
8598
3646
4561
4037
3371
2474
827
10295
7063
4984
4807
2252
2228
1218
5845
7630
3587
5291
4906
120
750
524
3686
5311
5926
6886
8457
1220
11144
9882
4591
849
10197
9872
11024
1727
2837
8577
6880
8493
5761
2567
3806
3343
1274
8154
10317
3593
6529
10829
4057
435
5026
758
1697
8178
2687
9114
9417
947
4811
303
10841
1718
10721
1607
1292
2339
6511
2333
3766
7644
4553
2069
954
2651
7458
1115
534
3692
6118
9348
7840
7035
1119
10175
6238
10406
9537
3287
315
4541
1577
969
10709
7378
120
7338
2079
5815
7498
6280
960
6160
11264
4864
1704
2472
1254
5771
9447
11144
8590
9132
8613
9567
5481
1770
9867
3471
8442
2316
3906
6741
11193
7287
2631
1761
120
3786
2751
9432
8757
7722
2925
6741
5961
546
7602
7287
7896
11388
2556
435
5046
8886
3405
3906
2751
2316
315
9666
7602
1260
2415
861
1770
4731
3711
981
5166
2556
2145
4185
990
10212
2145
1641
8886
9867
6027
11073
1641
4185
5166
11508
7896
435
5481
3471
7722
6126
3786
780
10647
1326
8106
3405
10527
11628
981
7116
990
6462
4971
2415
8757
8877
4701
546
315
4731
1155
1326
9747
10647
11508
11073
2631
780
1296
2925
10212
6342
6462
4701
6027
8442
6342
11193
7116
120
9747
1761
1155
3711
4971
5046
3816
861
9432
5961
8877
10527
1260
10758
