0
0
0
0
0
0
0
0
0
0
0
0
0
0
0
0
0
0
0
0
0
0
0
0
0
0
0
0
0
0
0
0
0
0
0
0
0
0
0
0
0
0
0
0
0
0
0
0
0
0
0
0
0
0
0
0
0
0
0
0
0
0
0
0
0
0
0
0
0
0
0
0
0
0
0
0
0
0
0
0
0
0
0
0
0
0
0
0
0
0
0
0
0
0
0
0
0
0
0
0
0
0
0
0
0
0
0
0
0
0
0
0
0
0
0
0
0
0
0
0
4
0
0
4
0
20
10
20
0
0
6
20
4
0
20
20
20
20
4
10
0
10
20
20
0
0
20
20
4
0
16
10
6
4
0
20
20
0
0
20
10
16
0
0
0
16
20
0
4
0
0
0
0
4
10
10
4
16
0
20
10
0
0
0
0
16
0
0
4
0
16
20
10
4
0
0
16
10
16
4
0
0
16
0
20
20
0
0
0
0
0
0
0
20
16
0
0
20
4
0
10
0
10
16
0
0
0
20
10
0
0
0
0
16
0
0
12
0
16
0
14
40
0
40
0
26
40
0
40
0
0
36
0
26
4
0
0
14
0
0
0
36
36
0
0
0
14
36
14
36
0
26
0
0
26
0
14
0
0
0
0
40
4
22
0
4
4
0
0
0
0
14
26
0
0
0
0
4
36
14
0
0
14
14
14
36
0
0
0
0
26
4
36
0
10
0
40
4
0
26
0
26
40
40
40
4
26
0
0
0
14
14
0
26
4
0
22
0
12
36
0
0
0
40
0
4
0
36
40
26
0
10
0
4
26
36
36
32
4
0
27
22
1
26
36
0
32
1
36
14
1
1
41
1
36
0
1
27
36
1
1
27
5
1
1
4
36
15
0
40
1
15
0
0
1
14
40
0
40
0
5
1
26
26
0
1
0
40
1
37
41
36
14
1
5
1
5
14
36
10
36
0
0
4
14
14
4
1
1
26
14
40
0
0
15
0
0
27
1
41
0
40
0
0
4
0
22
12
4
26
0
0
14
37
1
4
26
0
40
37
37
4
4
0
26
0
1
0
1
1
41
15
1
10
1
0
26
1
1
0
96
106
180
206
0
70
70
25
24
121
49
115
180
24
47
60
180
120
45
51
90
20
161
166
72
141
206
71
192
0
120
109
19
49
155
45
10
0
10
0
161
4
86
141
131
14
47
161
0
16
151
202
26
96
96
26
141
47
154
45
161
22
202
26
31
145
41
94
73
21
12
192
141
120
61
37
114
65
26
192
120
135
192
110
71
84
196
192
26
41
206
61
96
176
94
21
10
39
202
71
71
0
180
206
110
135
170
96
10
133
47
180
202
159
82
86
182
10
65
131
105
106
211
294
39
189
136
402
158
31
400
398
22
19
206
117
243
30
41
381
62
52
158
224
316
254
211
264
101
51
284
10
302
34
44
289
319
422
312
426
194
114
61
400
371
183
62
75
149
215
390
49
155
78
412
351
106
364
28
88
14
201
0
353
170
211
320
28
201
48
54
236
45
10
162
12
341
360
157
18
264
129
96
148
350
53
269
140
157
416
71
147
250
4
381
107
275
412
426
351
422
255
372
384
245
100
394
10
323
69
312
95
110
412
87
265
306
26
338
202
122
30
28
329
366
261
14
455
155
465
437
320
26
435
174
359
379
496
437
115
10
60
69
41
4
389
315
506
18
10
19
70
31
371
361
233
482
496
76
198
0
407
478
45
136
75
381
28
95
245
329
68
191
125
310
163
12
260
261
59
117
106
10
474
41
192
456
484
49
396
293
56
415
465
427
66
510
181
441
249
235
244
69
204
61
181
22
496
274
71
251
389
264
107
425
121
138
500
136
97
486
484
204
510
223
319
191
385
506
125
319
128
468
305
301
177
167
46
340
435
584
125
375
370
227
94
280
580
594
300
540
125
310
59
439
431
472
294
521
514
429
38
68
580
52
252
568
302
4
14
590
179
41
353
83
155
76
170
220
26
288
90
417
188
411
69
594
566
241
80
455
314
165
82
525
469
0
12
443
115
198
231
542
580
465
238
382
198
335
69
141
500
205
217
473
552
10
10
28
97
568
73
590
280
26
370
42
363
314
363
129
61
151
439
48
344
155
490
159
129
392
558
532
22
511
28
499
211
103
270
542
500
396
137
56
570
562
262
10
18
609
577
445
281
583
605
549
101
624
239
41
189
97
174
360
542
75
14
567
10
338
10
97
245
217
314
642
69
652
678
312
457
99
385
532
372
504
364
122
413
4
674
263
48
28
344
164
314
104
91
0
476
504
646
409
26
678
595
664
182
616
132
435
265
626
494
69
546
148
403
413
461
49
494
304
650
10
636
190
652
261
360
59
668
626
217
170
350
664
598
132
207
63
26
87
52
557
508
287
160
213
18
654
251
122
85
196
28
12
447
674
664
148
520
435
286
577
73
38
22
269
0
174
10
645
14
309
522
364
126
435
52
204
473
48
26
85
686
376
400
160
364
425
734
105
548
22
75
674
696
570
550
720
548
682
720
648
451
34
599
526
734
51
279
239
212
477
122
87
730
303
682
698
257
708
724
384
251
85
560
635
720
469
330
91
24
101
700
10
150
710
75
560
708
75
672
463
97
160
49
223
34
148
257
633
730
170
172
473
261
344
38
475
354
469
213
26
459
73
370
160
649
10
107
597
560
574
623
196
356
265
623
318
12
633
164
247
4
97
366
575
365
675
473
224
205
571
401
634
721
107
150
280
91
98
10
122
365
699
476
697
356
85
239
310
303
683
355
160
75
174
10
105
735
160
248
376
523
4
561
470
101
735
24
26
673
634
251
709
0
451
701
331
711
213
48
725
636
477
212
38
258
598
75
687
52
51
721
344
549
49
649
561
385
87
650
436
721
261
126
196
265
73
549
425
683
75
258
26
527
474
600
160
10
12
646
170
269
370
85
463
34
709
97
624
731
34
173
318
164
731
22
366
624
148
460
470
561
551
14
386
158
445
721
616
205
364
543
150
719
571
85
280
741
314
224
48
277
595
229
650
483
464
338
10
729
281
695
392
365
206
490
160
109
22
581
34
180
79
26
170
91
640
85
101
173
565
0
741
255
10
731
474
693
618
10
389
24
105
126
497
4
26
644
14
729
751
267
355
745
707
258
365
717
741
390
313
12
285
331
440
38
703
97
107
493
132
537
669
656
591
75
53
176
474
98
411
34
258
650
51
79
248
52
571
75
486
755
184
751
471
670
755
561
666
569
703
160
216
376
705
971
871
51
917
332
941
951
781
469
417
836
136
116
181
790
0
671
247
236
367
681
395
780
24
160
276
511
534
131
131
384
886
665
54
10
911
890
921
268
170
871
504
647
866
937
75
397
975
85
454
921
558
756
751
620
971
294
585
837
50
20
100
421
80
30
50
252
790
81
544
383
185
417
504
270
109
85
786
10
137
887
286
975
701
85
635
554
965
201
4
554
170
373
34
417
127
264
104
161
596
34
240
961
689
286
317
805
290
407
941
861
190
554
520
685
24
801
951
681
955
50
689
290
558
554
201
116
794
104
705
504
963
127
38
185
546
913
558
925
943
647
805
890
967
50
635
161
268
558
109
384
887
20
85
863
534
51
955
685
801
247
240
673
190
979
367
665
421
12
278
941
4
469
252
836
781
875
511
786
100
270
417
136
12
181
837
26
0
395
794
975
520
137
131
332
866
886
77
290
701
875
917
979
409
24
317
782
30
89
751
264
975
38
756
421
131
620
174
80
294
421
236
937
596
397
89
685
54
454
81
504
685
162
290
373
383
585
174
925
1002
670
174
940
865
149
889
138
123
403
1001
574
320
630
428
885
773
26
158
195
0
116
1021
221
635
283
554
486
38
215
291
806
162
252
89
416
99
287
428
769
902
339
1047
913
4
390
749
545
1027
136
488
89
174
1039
577
37
970
974
62
1059
1002
539
719
565
1063
61
85
1063
254
950
631
219
12
712
844
96
57
12
340
429
707
142
1059
681
267
832
990
119
928
719
51
482
363
964
1051
766
20
755
278
290
38
344
577
940
851
416
425
462
828
512
844
1039
201
611
1025
650
290
77
24
125
390
829
162
850
602
49
740
85
339
789
26
850
379
1020
956
180
311
138
278
719
291
542
577
944
254
1041
502
403
390
856
1107
38
676
905
1119
0
1071
116
229
290
1109
174
40
528
174
201
1079
123
259
681
252
1018
400
74
142
956
38
1067
136
719
867
428
12
1119
12
149
360
453
1097
838
290
89
1079
422
941
666
545
416
429
89
532
945
89
630
707
691
1030
273
10
1030
488
1081
1030
565
819
131
992
79
1109
77
428
287
990
269
153
539
163
651
237
560
51
935
30
106
782
918
761
812
577
681
1144
948
869
361
948
463
569
979
89
422
184
652
1022
681
400
783
600
142
74
754
991
602
379
0
267
1065
292
320
49
565
651
291
269
416
237
360
153
131
612
79
502
612
689
163
31
434
1042
308
885
671
558
451
1052
218
43
532
510
390
1101
1142
991
873
1154
1111
196
834
842
311
229
1114
124
1144
43
745
153
259
123
1102
143
196
102
1114
711
30
1071
320
824
885
277
94
963
12
889
542
1132
1154
453
794
1065
102
90
1012
59
528
958
12
10
1053
742
754
40
420
918
691
463
273
795
149
180
106
90
43
1098
102
1041
1041
94
367
882
925
469
974
1170
259
80
89
388
741
40
12
1019
308
432
462
880
159
572
1210
469
801
782
275
10
890
116
413
731
1078
493
1167
680
1200
1158
426
456
1004
998
196
585
79
729
1157
339
845
143
1014
297
542
1121
1188
218
102
0
428
43
823
701
582
418
1198
285
129
1170
320
169
1029
1108
59
277
1109
616
526
605
31
572
1121
273
1210
159
245
739
313
782
850
30
1068
196
628
1200
153
154
149
628
124
1127
184
196
652
939
12
586
913
721
49
925
320
457
308
770
925
1072
458
10
339
129
894
733
1131
943
929
116
169
153
1045
1125
102
277
154
1174
275
466
79
1204
654
94
632
1082
1018
1162
80
1202
743
929
590
259
1161
275
786
428
413
774
12
89
418
196
471
1125
684
40
1214
297
886
805
574
159
1045
320
102
43
388
471
827
929
786
161
1204
542
459
589
530
218
1174
582
1192
0
632
151
1112
245
196
285
436
854
184
30
143
620
312
1033
849
725
320
1171
493
369
884
703
978
1113
315
49
1214
572
743
59
428
12
733
917
124
1102
90
31
1023
609
1008
308
196
43
1002
5
506
939
1249
542
1135
315
40
350
899
1160
388
330
312
1028
418
1015
756
481
80
67
703
796
816
275
206
805
1184
964
733
662
572
1144
948
196
223
821
1239
161
1214
849
1018
667
725
929
124
1077
501
574
89
259
297
959
1055
231
493
10
602
169
978
654
1008
245
1107
590
441
166
151
20
428
226
733
275
116
107
1075
285
99
1209
1234
40
25
884
129
60
65
49
1204
154
1184
894
290
143
374
582
466
535
689
1224
1095
642
743
159
1174
1117
854
609
127
458
436
1080
30
339
79
355
1244
1155
832
413
132
542
707
275
413
127
606
300
572
20
67
89
816
555
1095
157
836
60
1127
233
79
682
1180
1100
1097
388
1229
1155
360
1194
945
5
365
1075
30
619
776
322
132
287
143
582
522
285
116
457
984
1164
1224
1048
622
107
170
159
245
865
852
1234
230
749
493
169
709
196
841
418
40
737
919
815
904
658
428
339
210
1035
968
452
235
297
1175
1137
1244
578
80
979
662
1034
130
687
10
994
1269
154
49
25
1204
40
340
65
1264
476
864
959
497
165
462
1254
259
319
1024
1204
129
894
747
735
1259
517
103
390
1115
1549
1124
332
727
987
328
104
910
1156
40
744
224
253
532
1294
774
950
538
1334
1684
1666
635
1589
639
412
618
1127
382
148
10
62
550
1604
848
419
531
180
925
801
597
979
1472
712
384
255
18
1560
166
528
1380
390
1232
737
326
969
1706
178
1579
796
1383
1369
345
595
1186
506
436
568
1128
1234
1696
183
92
1351
756
213
1442
73
372
206
107
1168
1307
1051
1518
196
1054
117
135
1456
102
1652
498
1622
199
44
206
1662
1714
944
1146
697
1324
315
852
355
1724
1482
433
1622
940
1500
1116
30
1487
1276
950
242
62
745
149
434
135
44
180
744
329
970
213
1707
1128
538
1550
382
1352
940
206
206
256
988
1519
332
40
796
1125
327
1146
727
950
345
979
1457
569
737
910
1663
1623
149
1277
1235
1725
62
166
945
355
498
1381
1052
1384
1443
597
713
1685
1697
1653
62
1308
801
1334
531
30
1156
102
775
178
853
384
757
1128
199
697
635
92
640
73
595
183
1054
315
196
533
1667
1294
1370
1169
107
1501
1580
373
1187
391
1590
926
551
746
436
1473
1715
419
242
149
950
1561
117
10
1116
224
1623
412
1324
848
18
1483
618
528
253
1488
104
1232
507
1605
795
1340
44
939
1813
1861
1997
1664
284
1590
1192
407
633
192
62
1532
1115
944
208
498
1066
329
414
236
554
1498
144
225
1351
2067
1358
857
1765
1150
379
1761
1110
740
135
698
1140
2005
421
306
2015
1128
18
1529
813
232
736
1923
1835
254
874
961
1953
2071
1669
2027
1880
1290
1382
171
615
290
1932
189
242
887
621
571
1307
1576
495
1594
92
2089
703
1169
993
719
166
961
450
52
1214
1721
1048
495
1954
1648
1642
1788
1234
22
253
74
119
720
425
908
2049
1456
363
494
473
1434
1369
1783
655
140
1459
466
117
1905
73
646
241
875
924
1407
306
263
247
144
1390
661
1410
1704
2061
329
1863
1885
1630
472
780
1116
189
510
306
2123
915
1821
495
1515
646
1844
1230
764
2145
2009
1650
62
2071
698
44
554
225
2010
73
1043
918
2083
1462
401
2127
421
441
1936
1839
1318
125
1425
473
1484
661
220
1579
1160
1290
1988
74
414
232
198
52
1165
1961
897
1719
720
2053
1538
18
1064
1811
893
801
989
92
1209
1704
135
1156
181
1178
853
1917
1208
1363
967
1777
984
1398
1682
945
260
735
117
737
242
1632
643
1588
1979
1178
22
517
140
526
284
474
379
599
655
423
254
166
2105
1368
18
74
556
632
2435
2007
727
1412
1390
467
559
523
1932
1233
1634
2000
104
178
1686
2111
1409
1689
1149
2318
1790
2361
1628
642
928
1894
1107
1530
2095
156
1402
2313
260
1148
2169
340
2487
773
324
592
1781
2257
305
2509
2162
2413
1097
1626
1520
162
548
783
266
1234
1072
798
169
2469
1328
52
2340
1708
306
767
1876
2185
541
1085
601
287
151
1079
1384
1033
1950
480
2417
929
381
217
1968
853
74
537
1946
318
2491
2435
477
888
1365
250
261
95
820
1023
1338
1671
1615
2163
219
746
1845
22
155
296
1078
2266
2151
801
372
2331
56
861
485
340
219
1149
2011
1107
318
1691
2189
266
1148
1082
162
2171
1344
559
381
2489
1708
821
78
1530
1946
601
938
561
1117
1039
104
60
2167
2333
480
537
1952
1631
296
74
485
2377
221
746
1634
1404
1099
260
1085
161
2529
18
2276
161
1686
1530
1243
820
178
2111
1791
1709
929
1849
179
642
642
592
2451
2115
556
1368
340
743
1628
1072
322
1412
2437
1338
2429
2328
2350
2511
483
1369
22
1409
1892
305
1234
888
1630
1790
262
1894
2273
261
52
1970
548
767
1033
853
2351
803
1968
1390
2172
798
2507
1422
861
2010
287
382
101
156
2455
543
2189
481
777
743
2343
2199
2465
1801
2447
18
1378
1376
1400
749
308
318
178
1859
1638
2521
101
561
642
864
1082
340
1640
296
2360
2021
2020
322
537
2121
264
266
604
1800
1085
2387
78
1244
52
543
1716
179
1159
60
645
2199
1407
2539
2517
774
1419
381
2286
2177
895
1537
938
2283
1980
161
162
1039
2361
863
1092
485
1902
559
74
382
104
1644
777
1962
1718
2499
1540
1956
1696
803
1114
22
2461
291
483
1117
1155
555
161
1040
823
2338
801
1638
1978
221
1904
483
481
1348
2125
1099
219
821
1347
2181
340
1422
156
936
260
599
556
2182
1425
1698
2439
262
1246
321
1162
2135
2031
22
1246
561
2128
1966
558
556
1425
1645
1914
165
811
2397
1905
322
2192
1410
1039
1866
743
2457
267
2209
2471
60
1422
946
291
2371
1102
777
864
308
544
2353
1706
262
1432
2370
1117
156
566
1698
1728
1550
2527
1407
78
1965
759
1385
1085
2549
2293
1810
52
1358
1376
543
604
2188
388
490
269
821
2531
1654
1124
1347
179
483
2187
101
895
74
642
340
2449
1155
104
2206
1988
161
1804
2027
161
1254
221
1643
1089
492
178
343
18
1050
2509
781
1537
803
655
599
1638
833
1983
938
1716
296
1099
223
866
2348
382
2475
260
2296
481
2222
1167
2506
1159
2141
2544
1102
2214
794
1376
322
2326
556
543
563
1445
846
1572
405
1388
561
78
1137
260
1879
2566
1398
789
191
22
169
2201
1039
2487
161
340
604
1741
1970
596
296
365
895
174
574
1763
221
286
2484
18
599
1832
231
1117
2405
871
1648
161
2001
1427
2375
677
743
1698
777
1467
1425
968
1347
1638
1910
483
101
382
1099
868
2023
517
60
1155
2219
938
503
481
2053
1537
179
262
2040
2244
2393
1080
642
1246
1658
1988
1944
112
57
2165
2562
291
2383
1407
2315
2427
1684
864
79
343
308
1085
1716
1809
1276
272
2505
803
2584
821
1764
575
308
503
1832
1698
1276
821
1684
1910
112
1809
2384
58
677
1427
1407
1246
517
192
174
2141
1155
60
101
2585
1537
1716
938
2487
864
286
78
1742
272
22
1425
340
2545
2245
1468
2002
231
161
1944
1080
1572
2053
556
1446
291
1117
221
599
1376
871
1970
18
642
483
1138
161
561
1879
2201
1102
80
260
2563
2214
170
2393
405
2326
1085
2219
2165
777
2485
789
543
1167
2507
1988
2040
366
344
2406
1388
2024
1638
869
794
968
847
481
2375
1648
2427
2567
179
563
1099
1658
1398
296
1160
895
322
597
1347
382
604
262
803
2505
743
2223
2315
1039
2227
1574
1974
2491
1744
262
308
2549
2330
78
517
170
2489
1138
823
745
1446
291
1836
262
298
1652
2319
2589
868
1429
1351
1914
80
1043
112
340
221
2223
1388
2249
286
1431
382
18
179
869
322
1276
2028
483
2410
871
2388
1468
231
2509
2571
599
2511
1250
1380
483
805
60
1662
366
1720
644
1102
161
1160
781
2205
101
575
1813
543
1948
677
2145
2431
2169
174
2397
1121
1642
1992
58
161
2218
1686
344
2379
560
2567
561
2006
897
1541
942
1702
1411
405
968
1089
2057
1766
789
272
794
22
606
847
1080
597
192
563
2044
503
1883
1169
1103
1159
1400
170
1272
1672
1468
1080
871
2352
1102
847
405
789
2410
1464
362
677
1574
1446
1841
2240
1953
2027
279
1667
2258
869
2414
1944
573
291
286
1160
2011
170
109
112
1138
2461
964
2432
1138
83
517
1896
308
174
272
503
2009
2584
1563
1102
1744
897
794
840
22
229
606
192
1164
1388
1393
591
1400
65
174
508
231
597
1276
2070
2544
2349
565
1686
2240
1381
2526
344
858
873
267
1446
1169
2624
2262
2606
344
80
192
1073
1835
968
366
2240
18
2033
2541
2182
2066
1156
599
775
1766
298
2175
666
1737
58
2432
1665
2602
563
1436
794
496
2519
1755
399
575
2109
941
643
2489
667
1510
276
1807
1519
1900
612
174
1391
329
83
505
2767
279
128
675
508
315
1148
573
229
344
314
964
1279
591
67
22
217
2210
2700
412
2682
2039
2572
2617
192
867
1098
1586
1922
989
2427
297
2015
942
89
2597
2104
1825
450
1608
867
2749
2176
1742
195
2359
1463
1181
2377
18
875
919
323
1633
2380
1510
2405
1981
645
1234
1930
362
2338
2789
2294
1196
552
255
2554
849
2575
1163
747
1062
1760
578
1255
1257
195
1833
170
958
390
784
1318
1786
399
1427
65
1492
590
2684
2122
1705
1190
2508
2771
644
2198
2185
1531
109
819
2706
1550
279
2845
1816
1467
1745
1683
1550
2483
109
1532
578
65
1940
881
2350
1295
667
691
1873
558
865
2545
1209
192
2631
405
579
2738
667
323
2756
2031
1358
18
883
645
597
2564
1278
1224
2159
2461
174
2241
1078
255
83
2160
217
2248
514
1986
390
1206
450
1547
953
2740
286
847
303
2178
2266
235
800
2827
1614
2823
521
128
753
1962
326
1857
2433
1188
2415
2226
2762
2673
1295
970
612
67
2805
666
412
195
89
1636
1017
628
969
170
992
883
2071
2653
1419
344
1836
1273
2394
2628
1581
2610
362
2436
325
1191
1126
1513
2095
195
22
341
1875
948
1792
303
2517
996
1974
881
2929
195
558
1428
353
1329
2889
552
1256
381
298
2179
2298
2840
2318
1959
195
1026
2276
2526
89
2262
128
2459
2081
2708
2694
1191
694
850
631
685
2712
116
67
548
2641
181
613
1881
970
1302
667
432
1544
645
1213
217
893
2434
1075
635
1280
1779
2244
83
250
1246
1578
1941
2136
255
341
643
2911
1438
2331
1566
1655
2824
2063
390
450
2209
1631
734
2513
1243
363
1907
1627
412
1876
1996
2730
1328
182
65
890
2907
18
199
948
2846
1584
933
578
988
1633
22
1085
2548
753
2822
1609
2499
2629
1274
915
302
2757
1886
332
323
1760
1326
1693
587
390
2669
323
1874
2200
2400
1348
1663
743
2922
963
125
198
366
1415
326
2859
1538
353
22
1003
654
672
1069
1746
1369
89
2002
3072
412
469
2418
195
2471
2989
406
2794
1096
692
597
271
2666
388
2091
1422
936
1259
920
583
1131
2012
65
319
83
1351
795
730
2099
1161
2328
2276
2069
18
1636
985
1703
459
2395
2599
3054
677
3076
2081
2688
217
195
906
2599
778
2335
1340
2682
995
1286
2474
2886
2877
208
1313
2210
3011
1741
1679
190
1725
2016
1891
264
67
3094
3005
1508
1728
2005
323
1049
2797
128
676
594
2417
2664
377
2864
659
973
2987
1326
1341
1704
3095
406
2878
676
2396
1729
2336
2401
264
83
2418
659
319
995
2003
3077
731
744
2798
2017
1742
795
594
2082
1070
2887
2329
89
3055
2277
1875
1161
1314
125
1509
217
1664
323
920
1131
1259
2667
1637
1747
2689
198
1680
65
2600
128
195
378
2988
22
963
2860
654
1286
190
1351
692
323
3073
208
985
353
583
1694
597
1348
2013
672
2600
2472
1097
1892
326
2070
390
2006
1726
469
973
1539
936
587
2670
2923
2990
906
459
1423
3012
388
1050
2092
412
3006
778
195
2419
2100
18
2211
2865
67
2795
366
1369
1003
677
2665
2475
271
2683
2201
1416
2017
422
3093
3115
795
1070
794
3075
3026
692
1729
221
2610
2687
65
946
1324
271
985
2423
1279
2693
926
469
1147
1539
190
692
2100
1892
676
2349
2686
2082
1097
2488
18
2112
594
2287
1341
1423
2943
993
353
83
333
1747
2340
22
1003
1891
1657
2620
1161
67
1420
208
1746
3010
2675
1351
378
198
2709
406
471
2217
270
1015
1690
3008
670
963
2023
2885
1054
731
323
2811
400
3032
2438
597
1525
2090
388
2876
1286
2485
1369
3097
1746
2907
659
1724
199
2215
201
593
1664
2818
2405
366
677
2017
323
125
1368
2894
920
1346
326
2016
132
744
1694
89
2416
603
1293
2287
2910
603
1757
1891
597
601
1657
1346
3039
1739
1525
1341
422
199
2024
1423
2016
86
221
3103
995
798
68
2438
1164
1746
1147
744
330
1015
1379
1070
333
2347
366
67
326
927
2415
2685
2703
3018
731
963
1368
687
2110
794
1542
2217
669
132
2092
2689
3085
692
1671
2950
1097
2821
201
3036
271
400
1361
2620
3017
18
1420
2488
2218
129
2904
993
1054
89
2090
472
1690
1724
676
471
2023
1324
398
2112
201
323
946
378
353
3107
926
1746
1013
2709
2433
197
2416
22
2017
1694
692
2886
2349
2488
670
3125
270
2687
2888
1895
593
416
2617
2818
215
1279
1347
1379
2905
670
2017
326
1691
2951
1542
1097
1747
1280
2113
2417
2911
422
1725
2024
2348
1361
132
2704
2439
398
927
1325
1369
201
333
2018
2024
3108
2489
3086
1148
3037
378
2690
2092
1739
353
2350
2621
1892
400
324
3019
67
215
1341
2434
1293
744
2686
1526
1895
601
2091
1016
68
1747
692
2819
271
18
330
129
1694
3018
2710
197
3040
597
416
2218
963
669
2887
2889
687
947
199
22
798
731
472
2416
1671
995
89
3126
1055
2489
366
86
3104
201
677
1658
1421
1070
2219
1423
471
994
270
2688
795
1757
2822
1164
1013
2618
221
594
927
2110
692
603
2288
1070
601
86
1421
1148
2434
330
687
2024
1739
1691
2110
23
3041
2440
3127
132
2905
271
326
90
1347
597
1892
1694
2018
3037
472
215
2489
2092
2887
1748
995
2686
947
2688
1423
416
353
1325
67
2951
1526
1164
994
398
378
2114
1542
1341
2704
2822
677
1379
423
3019
1293
1017
400
1280
324
927
197
2218
2618
1725
333
3018
1747
2350
1671
201
471
2416
1895
963
1658
731
1361
270
199
798
670
2219
2889
2017
1013
3104
2711
2819
1370
2348
2489
129
201
744
2288
1055
2417
366
594
795
2621
693
669
2690
68
2024
927
603
2912
692
18
2091
1757
3086
3109
222
1097
1164
1329
927
669
400
90
1152
416
1423
1530
597
2625
2421
472
23
2436
2110
1379
679
605
1752
353
601
398
1749
2622
1694
687
2891
1896
201
2292
3108
2715
1423
672
1057
271
2493
423
951
692
3023
197
199
1542
1284
2955
132
86
1662
1895
2095
222
333
2020
1671
744
3113
2893
2118
1021
1351
3090
366
1293
18
215
129
2916
799
2021
2823
963
1070
3041
2826
2350
67
2444
201
68
1757
3045
2418
2692
695
998
1374
2708
326
931
272
1695
326
798
2909
1013
330
1739
2222
2690
1729
1097
2221
598
2694
731
2493
2028
2092
3131
473
1361
2024
378
3022
1341
995
2354
1439
2734
963
798
927
1700
3164
3005
2718
398
2036
1765
428
3078
215
2675
2650
1070
1013
2876
213
669
2262
86
96
2098
2174
695
2931
1293
3169
1071
975
2477
620
366
2116
201
3101
2030
2949
2972
1542
326
1192
1357
1901
2078
601
2320
2500
639
73
1785
1379
1361
129
284
451
1103
359
472
2049
744
1808
2237
336
378
197
1164
271
142
1757
23
1723
330
2863
687
2771
833
1334
979
1936
1407
2452
497
1048
2434
2533
3073
1430
2404
2736
238
2521
1570
3187
737
2151
1073
712
995
692
1671
2949
1739
18
3146
3091
215
1341
416
735
2366
355
1712
1429
68
597
2748
3184
238
1691
712
284
2738
1011
679
833
2336
359
2510
18
23
2472
1357
1399
1562
735
1439
611
205
2691
215
2764
979
3189
2756
142
1381
695
2541
975
1921
697
1940
1029
3093
1184
2386
420
3025
2487
1357
1071
2754
2118
1430
355
3207
370
2896
1334
2272
1107
2257
639
748
3098
1777
979
2136
1407
96
609
451
814
2454
1080
213
332
1073
402
1808
702
86
1775
2082
215
497
2992
1716
2059
1570
428
3166
2549
1759
1443
620
2050
2178
1313
2414
482
2969
1192
943
378
1712
1727
129
2969
68
1785
2155
2951
3111
1048
2883
334
3121
2052
737
336
197
2670
2787
73
277
2553
402
215
3368
2237
2383
3407
513
802
2898
2082
1897
1568
2496
1174
710
2769
1735
162
316
3206
2211
1471
1581
1495
107
556
1082
1687
815
1471
197
1403
3300
3493
246
1173
431
18
216
1179
2984
2406
2793
86
2650
2299
766
2742
1322
1940
1089
297
413
2765
2137
1087
68
656
3039
402
718
2955
872
359
240
1210
371
642
3452
2256
3384
395
2297
2966
1274
761
3062
1591
23
2668
3138
1196
2004
1001
2582
2279
1902
3278
1569
1484
808
413
345
3171
3475
1884
3009
2453
728
129
3470
1489
2658
1981
269
84
3386
1058
509
3255
3224
1897
927
1816
1069
1866
687
825
486
544
1600
1229
1916
420
107
2530
234
825
316
2318
1134
3215
1322
93
766
2659
685
1484
2425
414
1988
1904
216
3484
18
240
927
3536
788
3377
1521
1502
687
3236
395
486
162
718
1893
1566
1152
2011
2834
509
2776
802
2147
2290
1082
556
918
3320
1591
1916
1986
815
231
3050
778
687
3559
402
3089
1332
141
2752
1968
834
371
2156
3343
1101
246
1742
3308
269
1173
465
372
2518
1089
760
3112
3577
84
2402
2692
2603
1059
2799
1196
3470
1974
2381
2363
2975
447
1752
75
374
2288
1208
3461
1603
3452
3074
3290
23
3068
2287
2843
1548
313
2734
1186
1473
1568
3005
3554
899
3848
3368
2075
3323
3139
1313
3122
1217
3016
1662
2869
2212
2923
499
2116
1234
1006
462
3576
1706
2770
1470
3941
3918
3419
3275
916
1922
573
454
824
2587
1764
1932
411
902
3825
119
1613
925
1336
3729
1252
1207
1669
1460
3392
3620
763
75
454
2605
1159
2359
3672
2998
2235
1654
23
2980
18
3350
253
2526
2512
848
228
2386
550
3923
303
96
842
1750
2666
2106
437
3638
406
2796
3695
1033
3822
1200
596
184
3545
1326
2517
352
622
93
753
2174
410
270
3076
3099
749
343
1310
481
280
246
2570
1763
2168
3442
806
153
2689
1688
1773
1353
864
3804
2150
3900
2116
902
769
2533
550
1310
515
3458
3150
3997
1662
3723
868
109
1199
1313
2661
270
274
3950
3400
3315
416
3105
1336
2180
280
265
165
2116
2116
2570
353
3974
3865
2122
454
1353
916
1750
3769
763
411
23
1284
3694
1654
622
1223
925
3585
1200
2552
119
3420
3878
352
24
2802
2986
1685
573
2115
2224
1034
1470
848
2212
250
870
1932
437
2532
3072
96
2885
3854
2798
1769
2637
3604
3155
3670
1773
618
1764
1308
3700
2387
2386
892
3973
462
3888
2963
2666
3048
3435
1488
899
2235
1332
430
303
3082
2200
2689
1217
454
783
3339
1762
184
1653
1738
3424
85
1950
1033
806
539
449
3660
892
2858
886
775
3944
1778
779
1239
1809
4053
24
1228
119
1233
303
1040
1669
3013
2162
4006
3098
265
1808
109
618
2166
270
1972
353
573
430
1352
1049
1682
908
3514
3910
454
4029
2701
280
250
515
422
3641
1205
85
1702
2716
2427
2156
3825
421
3371
96
3491
812
870
165
2436
4030
2252
550
3750
3726
1387
1290
2583
274
539
1754
3211
2588
1329
1344
3395
2252
3138
3756
1801
3456
938
1778
3122
23
3934
1360
2677
3476
1713
474
3161
1314
2620
1978
3480
3042
868
2230
2275
3779
464
2143
628
2592
184
3921
358
2228
2739
2941
923
2848
931
1504
1498
783
3206
2270
110
3634
2226
2260
1040
31
312
1721
1011
1419
1280
1754
4142
165
1762
4149
1772
1314
515
3053
2859
1831
464
3493
2184
1309
1778
3721
24
2699
2364
202
3250
109
85
250
141
4173
482
1409
870
4033
902
3540
2648
3281
945
439
3556
817
2723
783
3001
980
1107
3806
4008
1882
3431
946
4064
1504
633
3899
3138
1570
2718
3516
1239
290
3162
4032
3266
3868
2516
886
1669
2449
3140
492
2623
539
2052
892
618
378
353
422
1848
668
343
1368
1290
1205
2236
2614
2828
274
3830
2395
1450
1986
2254
868
602
430
775
463
1384
4118
3758
2151
3291
2888
3603
3923
2938
265
1913
579
499
4768
3110
3938
2037
1695
3119
3592
4276
2721
3776
3505
1196
2221
1417
1555
1072
527
1009
925
4072
1511
1150
1458
338
3759
763
4814
3618
2593
2342
113
1407
1599
630
2047
2531
4451
482
3294
4184
2580
1203
1520
2081
1559
138
4313
1649
2988
4655
3248
1270
2175
1571
4428
4000
2276
241
2489
4389
4853
4669
433
46
1796
3421
1012
1730
2583
4701
313
4630
2004
4090
2802
3657
4807
4517
546
152
3301
3734
2869
2632
356
204
3730
1934
39
1025
669
408
4497
2098
721
717
1073
3351
932
3158
184
2767
4138
771
3006
2480
517
425
1077
379
526
3013
4051
890
317
2086
1038
1963
4705
669
2047
890
2179
381
4818
3734
3119
2587
4004
1200
1515
3252
2041
4634
3657
4521
4278
2344
4455
1963
1571
3780
2081
1798
39
243
482
3114
2871
630
4142
1555
499
932
3158
2580
1077
4772
3618
313
4673
2802
2632
2086
3596
3761
1016
2725
3298
4051
3938
1458
527
138
1520
3421
1025
3301
1038
1272
46
3505
317
1009
4317
4391
4188
1407
773
546
2225
2098
4811
356
526
2771
4074
340
1653
1730
2593
2276
4501
721
1072
184
925
1559
427
2004
767
1699
2531
4090
433
1599
1073
3013
408
3353
1203
204
1934
4857
113
1154
2988
4659
583
517
3006
152
2480
2489
4430
1417
721
3734
3738
3162
2729
2591
1575
433
2086
1272
3256
932
890
2348
1016
1200
2493
4008
3622
4505
1077
2181
4861
4459
721
313
1407
4815
4094
2482
4776
243
152
1515
4677
2595
773
46
482
39
3942
1203
3017
517
2584
317
4822
4146
2806
1603
1699
1800
1965
1009
184
630
427
204
4282
4434
583
3425
2227
4525
2775
408
4663
1027
2278
381
1653
4638
3600
1038
767
1520
4078
548
3509
1934
1730
3010
1559
527
340
2008
1154
2043
356
4709
3305
3302
925
4395
138
2047
2535
3765
528
4321
669
3661
1075
1076
721
3738
2102
1557
1417
4055
2085
2634
499
3357
3118
3123
4192
113
2992
2875
3784
1460
1934
1573
3459
3528
1083
4740
4128
2595
817
4892
1077
4484
2258
4332
4703
959
2047
3868
2603
1038
804
356
113
764
2121
517
3011
53
152
721
1557
3017
1203
2500
1559
482
356
4742
2042
1776
150
2482
3386
2092
258
535
3976
890
1265
1730
4445
1594
3407
1520
925
313
511
1965
2634
4590
3815
448
4589
548
4853
1046
1062
3324
203
3130
2108
3333
2656
3665
2569
669
527
630
2278
4128
4906
204
3680
2311
408
2086
1494
4276
614
2859
4073
408
2813
1009
3051
317
2398
1850
4223
4089
1417
3815
4793
4536
1212
1407
4945
461
2806
3772
4386
1610
39
3641
1075
2925
3183
1723
1315
3169
5065
1110
2025
349
500
3071
1602
4862
3404
1097
4838
959
2311
1802
428
2151
3447
1776
2560
2198
1657
2664
2580
2643
3408
4430
3091
511
4965
4604
3800
3908
4283
556
5018
682
2358
408
4688
4201
729
203
1041
5012
448
817
2867
2132
1261
804
3242
2893
4669
1610
541
1046
3753
1157
333
150
2591
4815
4557
3855
3852
258
4336
2754
2814
3289
3626
1062
1632
2258
4891
1573
1494
53
356
4208
4074
2050
127
1469
3705
764
2024
461
761
3519
47
1315
535
396
1091
2143
1723
555
174
1483
222
2406
1265
4133
1212
4616
2707
3205
928
3355
2947
1597
3875
4466
983
4248
1850
614
3115
2108
4550
3738
1595
960
525
1132
4368
1890
4586
349
4677
2298
1137
2991
1798
5138
5185
442
1129
4321
4935
3912
2148
3387
2671
2787
1650
2466
1005
4395
783
1523
4724
222
3953
2097
2834
5132
1220
3027
408
2438
5011
396
1862
2211
576
1273
4245
5085
2351
150
553
4448
203
3803
3175
4958
2258
3213
127
4328
2724
690
2650
737
258
1534
764
563
4808
1078
53
812
2084
4982
3488
47
4736
614
561
2110
1655
3516
3865
4006
356
1690
3435
981
1301
4194
3972
4789
3340
2733
456
2208
2660
3285
3545
1179
174
817
518
1654
3631
341
461
3987
1697
1079
1070
1745
2215
2927
2874
3189
1521
1337
1745
4328
2097
2927
442
563
3545
1655
960
4245
1220
817
203
2351
2660
4725
175
4395
1890
4808
1698
764
1337
5133
2671
2211
690
2215
1078
2991
1523
2438
4736
1129
1654
525
4958
4983
3027
553
461
1132
1070
561
1521
1301
2148
1690
2874
397
5138
1798
408
3388
5186
3953
127
3913
783
1650
738
576
5011
3865
456
3631
3488
356
614
2733
2835
341
258
2787
2724
2650
53
3738
4194
222
4321
3987
3435
4935
4448
3803
3213
3972
2110
5085
1862
4550
2208
4006
2259
2466
150
1005
1595
48
3285
1534
4586
3516
4789
1180
349
4369
812
981
3175
2084
1273
1137
3340
2298
4677
1079
518
3189
349
5120
2857
4356
2746
356
3773
3518
4041
5046
150
812
2682
4007
2245
3021
222
1306
2768
3370
3315
783
1875
585
1534
1676
614
4712
3210
2097
1715
203
3224
3988
1342
1092
1677
1273
1070
341
817
986
408
1903
1547
563
738
4022
4824
2224
2488
523
1132
127
442
4970
3900
3551
2238
3580
2132
48
5221
690
3243
3465
3948
4843
1528
4993
965
4483
1180
4585
4771
2119
764
2460
258
4280
3418
2311
2896
2161
2701
2364
53
1154
2809
4363
4621
461
3666
1600
1091
2949
5173
561
1655
175
4404
4760
5018
1750
530
5168
1220
4229
2272
1703
4430
2680
3838
1146
1005
3057
456
1803
569
397
1550
1559
2710
3860
4010
1728
4042
1109
532
817
743
2892
5208
4806
4859
3328
4310
2127
1905
1699
590
2149
1167
4063
5028
2790
1328
4747
258
577
764
3453
3602
3070
3246
1018
2495
796
1600
1547
530
5155
1193
1681
3278
4439
982
5203
397
1145
48
2260
2751
5256
2717
3056
346
5005
2254
222
2302
3405
5081
4656
812
1273
203
4795
4620
3935
3478
356
2901
1750
986
1220
1803
456
561
408
4391
3586
1725
53
2364
4398
450
4878
614
4513
4052
4264
3240
1903
3696
461
127
1070
2137
568
2714
2844
349
1677
2161
2258
695
2954
1342
5053
175
150
1091
4460
2311
2493
3983
3808
1151
3531
1905
4869
3240
4264
127
349
5056
2164
2495
356
982
3602
2710
568
3331
471
532
48
4523
1603
743
3808
3586
1550
1091
1725
1109
1342
2149
986
1728
222
2127
3246
450
3405
3056
5218
1559
4052
2374
3453
1018
2717
3863
4042
456
2260
617
5266
4881
2137
827
3983
561
261
3541
2964
1813
1699
154
1328
4398
1167
695
2302
5091
346
3485
2254
1757
1681
1193
4813
210
1073
1677
4073
397
4439
4747
2714
3696
5210
5008
3935
2908
590
2258
415
1903
3070
2493
771
4391
1145
530
1547
812
1151
577
3278
4467
2844
175
1283
4313
5162
796
5035
2754
2892
4659
2318
2790
4017
1227
56
4620
4795
4459
3955
4284
771
3602
986
1342
617
3485
1813
352
2714
356
3706
4640
3828
4411
56
2318
1113
1167
1209
4675
577
4885
2147
5238
1073
808
3250
4815
5028
261
456
1903
456
5182
471
3867
175
753
226
4829
48
3331
210
3070
4058
2493
2274
705
2374
3250
1757
1681
1547
415
1570
2511
812
530
4077
590
2794
127
4477
827
1603
2908
4323
2164
2864
578
5055
1728
1151
2159
154
5286
4767
1091
1227
2322
5076
1921
4533
2964
2258
561
2720
992
3606
1283
2737
4901
5111
401
3298
2754
1034
4003
1344
2912
3425
3541
4062
1697
4021
1745
1703
1161
4414
353
2137
5230
3473
1569
2264
3072
536
4416
1113
4477
175
4905
577
1757
415
1283
5290
1213
2151
536
456
1165
4887
2794
3250
56
3485
4060
2258
2493
354
1038
1681
1701
4415
2714
2964
1923
1813
456
4677
2916
1073
228
1569
2326
3429
617
5186
5234
992
1728
356
4644
127
4771
757
2720
1603
582
3074
3606
2164
3706
1749
1227
4323
4831
1342
1151
2374
2318
771
2868
5115
1167
3302
4062
2513
812
3604
810
561
1091
5032
709
3867
3070
4288
3832
3331
4819
3250
2908
3477
590
210
2741
827
1547
2278
5059
1703
471
5080
4021
4533
355
4007
2137
3959
4463
1574
2264
403
154
261
48
5242
530
2159
3541
2754
4077
1903
986
1346
581
849
4756
1267
1131
403
1354
354
1709
3362
2244
4039
2173
228
1757
2454
4386
5025
582
3443
810
1199
3348
757
456
1582
5410
550
5179
2324
3804
4158
479
48
3330
2908
4883
2553
1663
56
175
5007
1038
2398
5152
1323
1113
1817
154
2583
3684
2780
4561
544
1743
4141
1780
1000
355
127
4513
2804
370
4597
1213
1394
1945
3597
474
844
210
4443
1024
423
3718
5306
2852
3537
5362
3987
3062
1135
2300
591
3653
269
5200
5354
608
2874
4797
1165
639
2330
4653
4174
1739
1873
2781
4951
2348
4931
4087
709
793
3912
3006
3489
2199
3174
2956
4197
1605
3134
1189
5235
1591
1975
2213
4528
549
1451
867
247
302
4824
5449
5570
2087
519
1409
1292
410
1228
5316
636
1692
4339
480
5817
584
4387
4513
3929
1108
3623
3593
2365
2459
630
1867
5071
4033
4212
1073
619
5002
5865
3111
2403
1478
178
794
2743
5796
2503
1709
2637
3614
378
4112
127
5202
5748
2813
1220
959
3159
3449
3373
2706
712
368
489
5618
4900
1922
2157
3115
3998
4582
5268
2007
1231
241
2328
1819
5690
1117
4490
4731
3293
2455
4906
3751
1286
746
5443
2076
2984
3789
3104
4522
1876
1283
1829
69
48
1884
2995
3741
2506
5141
5621
1527
4858
4335
416
5380
929
598
175
2520
656
3039
3971
1235
890
3362
1747
215
5836
3433
4383
3280
684
2177
539
589
1404
5250
2669
638
5949
4898
966
1598
852
3913
2783
422
4765
1895
4711
5344
2861
5672
4476
6141
2607
1985
1035
2088
712
1177
1391
3964
192
5328
2291
2246
2044
4903
5442
153
4922
1330
4335
4179
4827
3003
6210
692
914
3495
2581
2042
1869
3053
4265
1876
6102
5511
699
2736
5621
6294
3745
3573
4334
1337
2726
5175
1453
5390
1009
1332
430
492
4972
328
3642
1599
3937
5933
1657
6363
3687
1396
1238
774
446
4117
69
961
4073
62
1529
2029
6356
3299
3381
563
277
2568
1211
4612
6164
5774
2930
3265
2341
6425
3374
648
2721
520
5864
261
2091
699
4338
5446
6360
3003
1177
62
422
1339
69
5674
6145
4907
5868
263
2181
3299
2029
2783
430
1332
4976
1404
1391
648
2865
1599
2721
3937
961
2291
6214
5515
3374
1876
1533
4335
692
6429
1602
1238
524
6298
1211
3687
5836
3265
2934
277
970
4269
6367
4922
215
563
2341
3383
3913
852
638
6104
914
3577
2091
4179
6166
5937
1039
4612
593
1987
4898
1869
2671
194
539
712
2736
1330
3745
4075
4117
5390
3433
5621
1453
4383
2042
4765
2088
5328
5175
4713
2568
5951
1396
2726
2581
330
3053
3646
492
2044
4827
153
5344
3280
446
2250
1657
684
2607
1009
3964
5774
5252
3495
776
4476
1895
3434
2250
194
2088
712
3299
2671
1332
699
1404
648
5621
2865
6167
5344
1869
2934
1330
5391
1392
62
1009
4075
3687
2726
6430
593
3003
853
1211
692
277
1339
6145
3937
4180
5868
2581
776
4898
5937
4766
6368
524
2291
5837
3374
5446
3913
6361
2784
6214
5775
5951
1876
2736
3280
5674
4335
638
3496
263
2607
915
493
4383
3265
1039
1895
3577
5329
6299
1238
3646
3383
684
69
154
4269
3964
4922
2181
2042
2722
4338
1396
431
4976
2044
1533
563
3053
2092
5175
4476
216
1177
539
6105
2030
1602
3745
4118
5515
5252
1599
2568
2341
422
4612
4828
4713
1987
330
970
1454
446
4907
1657
961
5379
2693
6396
5872
4858
216
2637
69
539
4202
4110
1344
493
2594
3404
6180
1014
3780
4642
1538
3293
4418
5709
4511
5903
422
970
693
2092
853
1335
3447
3287
1607
2573
5656
4140
2110
2363
1413
446
5011
6202
776
194
2069
5986
697
6249
277
330
524
2956
1039
5426
3943
4796
263
2263
2766
2887
3972
4933
6465
1238
2789
4942
1874
1392
5210
568
3016
699
2030
3413
638
2055
656
1917
4365
3676
1224
3083
915
2727
3607
1454
2296
2194
3986
5550
1876
62
1670
961
3334
3709
6334
720
1349
4957
431
1417
154
5972
6140
2000
6403
4748
4304
593
5810
1177
5481
4373
5287
3509
5364
1599
2748
2897
1417
2966
600
2789
4755
5491
2007
6190
2727
4140
697
3986
3420
2273
3943
1351
693
334
2110
4202
980
1599
1335
4511
5021
5560
568
5659
6475
2366
915
5982
3287
1454
4314
1673
1177
3404
1876
197
3617
961
2296
431
4383
1617
3086
5210
4858
783
6147
1238
1224
216
656
2766
5993
3783
5364
422
266
3509
3293
638
1049
2573
3447
1349
69
539
6209
2637
2069
6406
6259
6344
1392
4365
2594
493
1548
5913
699
2092
2748
4933
3334
4796
154
449
2030
3972
5875
2055
3016
3709
1874
2700
5294
1017
531
1917
277
4421
4960
5716
853
720
5426
4952
1413
6413
5813
5382
4642
2204
62
4117
3686
4643
5560
4314
1177
4117
2790
6260
2766
2069
1917
1349
6407
494
1874
197
2966
4365
4203
5876
1548
4797
720
3617
1049
854
2700
2110
2637
1413
1224
3016
6414
2748
449
2093
5211
2007
1599
600
4859
1617
3404
1017
5913
4933
2366
5021
62
539
3709
422
69
4421
3510
568
5814
1335
700
2055
961
4960
980
3334
4383
693
154
3420
1239
6148
2594
1393
5994
2574
2204
4511
6476
334
697
5491
2273
638
3972
6210
4141
2728
1455
2031
531
656
3943
266
3294
1417
2296
4755
916
216
3287
5660
2897
5365
432
6191
1877
278
3448
3686
5716
5294
3086
1351
783
6345
3783
1673
5982
4952
5382
5427
3987
2017
725
2161
2994
474
3458
600
2689
3702
3414
1617
531
4463
666
266
1493
6081
1548
744
3138
4083
1945
6150
6024
4835
4197
1351
69
2706
1393
2848
4394
2137
1049
6096
6627
2180
568
4865
5007
924
244
6383
1989
1321
5101
6358
5079
334
6430
6186
2412
5631
5403
302
6696
172
5550
5575
5700
6624
3156
2846
5647
4413
546
4169
3514
6452
450
1019
2233
1469
1017
2728
1237
197
6555
5131
711
2886
1234
5852
980
5100
783
3669
996
4531
2394
1455
5434
668
2958
2283
3630
3472
752
1565
2925
4533
3417
5062
3863
4341
4651
5884
569
1683
2214
2121
1687
2714
3867
449
72
4082
1377
3738
1962
2325
4358
5775
1448
4456
6568
6442
2078
482
3128
809
1675
583
1319
4966
608
5424
3647
713
3697
3353
3036
6032
5476
7079
2316
3711
69
3749
5806
6825
4763
3990
4126
3371
210
1801
1566
6289
1090
358
4130
1092
7082
2095
4713
759
6615
6894
3921
7010
2131
5448
5960
4841
326
72
3644
3161
1805
2263
6016
2888
773
3197
1658
5352
6800
7151
2560
5167
2578
3089
711
1552
1066
637
1418
840
2159
1470
5449
2279
609
2438
568
1322
4694
4484
6257
6514
2388
2904
2369
793
1603
2918
1119
483
5197
3038
1050
257
4357
3954
3882
994
2871
4839
1727
4641
6499
6872
185
6085
5931
279
1486
511
5407
3168
1717
731
2549
558
1393
749
1633
69
1459
210
868
4099
6727
4251
2469
4968
1557
641
1832
3812
808
4182
353
3801
1101
2400
1800
3255
3541
1050
5000
4543
644
4518
4327
288
5699
3899
2716
6281
2618
4609
7285
7368
4819
5411
1073
3274
5568
2466
825
6212
2419
3769
2201
5637
1908
6159
3357
4888
4080
358
2190
7158
6318
4680
1512
6796
2342
6235
7437
637
619
1159
2961
7080
3443
2136
279
4885
6717
6870
5358
7354
3026
1156
5677
2261
515
6800
1350
840
6002
2382
1738
7149
205
568
6030
83
5616
3069
1611
1669
5644
5058
4011
2976
1517
3150
1119
3186
7075
3894
482
5162
6512
786
6517
1738
1073
1521
2211
3079
2265
1156
5719
6232
210
4835
2470
7178
1459
3188
4198
1397
619
279
568
83
868
2971
1621
3042
515
2980
2352
1717
6301
6537
5378
3190
6816
4904
5431
2398
1050
6890
1567
790
1645
3259
753
4700
3284
731
5657
6179
7374
3453
2140
7169
644
4347
288
2190
3785
7305
2622
7388
3166
814
4538
5182
4905
205
5697
6022
353
3367
3557
1101
2469
637
7095
5020
1159
1512
4021
1912
6255
3910
4267
558
1350
6820
840
1119
1800
6747
7457
7100
5078
2400
358
482
2435
69
4563
6737
5664
1669
3832
4988
6050
4115
2553
641
4090
3919
5588
5636
2726
831
3811
6338
6532
1832
4625
2563
1595
5837
1687
3094
5746
1120
3312
6347
7515
4029
892
5829
5832
3912
3609
1159
2480
818
382
1541
4167
2609
1407
5068
3975
4425
5188
6988
1199
641
5188
832
7594
6729
1922
7082
7370
689
2738
3395
515
6957
2530
1769
83
855
1673
2228
7677
228
3348
7310
1579
2275
3268
3915
1920
558
510
1848
4673
4780
3266
2450
5322
7287
3962
761
1800
1717
288
6905
5570
4427
307
1159
205
7036
5877
3593
5798
4807
2754
6700
3120
6190
5541
1073
6478
5035
649
3083
7598
1410
2434
79
4282
6214
644
2239
6395
3427
4678
353
1512
1156
5114
610
868
4250
3107
6442
4203
2505
2302
4985
7389
763
6521
7392
627
3312
4780
558
7309
3142
1717
909
1229
2644
5592
6556
6195
2450
7340
3268
6751
2563
7001
3606
3962
1407
5149
1595
5912
2239
3094
5541
7545
763
1415
5065
83
5746
4233
4250
641
1145
868
6987
5201
4438
1883
1673
855
1156
1563
4829
1512
5845
6472
3266
7424
3920
7712
7104
205
3609
1073
3997
4673
3088
832
391
2434
4427
353
2324
5068
84
6483
654
518
236
1799
1933
3395
2275
3462
761
4029
515
2233
1687
2754
5188
6360
2560
6236
3107
4985
1922
4317
2751
1579
3378
6918
7629
1159
288
644
3912
320
7071
5327
1800
1172
5828
4683
711
6400
818
5842
5829
6713
7628
2505
2480
4167
4780
5593
3912
7713
627
3609
6361
3268
4830
1579
83
4439
1416
6988
5066
3607
1564
288
1173
1073
1407
1884
84
3089
1800
763
7341
391
5328
353
320
1595
3266
2480
5746
4167
5829
1717
1687
205
6401
7310
5541
515
6196
1673
6752
2645
2563
2754
4673
4427
5068
641
6473
3962
644
6237
4318
2561
3379
7629
1156
655
5202
3094
5846
2752
7630
3143
4684
5829
761
7393
3463
6484
1922
855
4985
3312
6714
7002
2275
7072
4250
2505
558
7105
3998
5188
3395
1934
909
518
4029
711
6919
1800
6557
5150
1145
5843
1229
4234
2325
832
1159
5913
3921
2434
2234
818
7425
236
2239
1512
3107
2450
7546
868
2304
3510
1073
2248
5899
5031
205
4473
7245
763
1604
2846
93
7038
2419
664
785
6629
7795
2764
1407
4381
6291
345
4275
4779
1710
4743
1800
252
5965
3404
353
5733
5985
1624
7702
542
1979
7533
288
3314
868
7237
841
515
3958
2495
871
3258
3717
1299
1206
7121
3119
5315
4474
3175
1159
2475
6892
7785
680
6579
5611
6480
5258
7590
644
5222
1886
5321
5938
1156
6833
6496
2480
839
7144
2563
954
3336
5816
3987
6078
1222
4192
5114
7450
641
1465
558
83
2763
1634
7878
1512
412
4970
4558
5423
6377
1717
3116
2275
1712
6722
1922
2007
757
4016
3634
4099
7497
3321
2551
2671
4826
4129
3603
3119
6664
4588
3747
6020
5351
1715
7625
7820
5960
3349
5829
7280
5036
4275
558
1482
5624
763
83
4801
793
2508
353
1312
6313
4831
3197
641
4509
5005
2556
5350
7179
4192
5271
550
967
4416
7913
7151
252
1073
1219
7272
2001
3545
6863
644
3963
3321
1800
669
345
6757
6510
5257
4164
1717
1908
7737
3634
1604
205
871
4756
2563
5995
2701
7068
4038
417
1159
4112
3638
93
2248
1407
762
3116
4478
7532
7830
5912
3404
2480
6518
515
2032
841
1239
689
1637
6113
3319
5768
5445
2475
1656
844
7485
5119
3293
2326
3987
1712
288
2449
1922
7568
6412
2275
6601
1156
6927
2763
868
1512
2794
2876
2626
641
4345
3405
1757
2581
6666
5585
7092
678
7307
4719
1156
5145
4926
1947
2771
1686
1521
3733
2588
345
2047
6658
3162
5131
3450
6176
1168
6453
2294
3443
6829
710
205
869
3189
4573
862
7224
6577
7650
83
1641
6922
653
3704
8078
2505
515
7019
6741
5490
5498
4057
6031
1276
4932
2519
7344
288
93
4222
3291
771
5390
2864
7790
4628
4058
1432
7733
1337
2962
3388
5397
2093
1527
6269
895
6151
779
1809
4153
2809
4535
4283
1702
992
817
5743
252
2396
5924
6100
7697
353
4875
7902
426
7985
868
3857
566
1954
1726
2536
7437
1764
2300
1073
4262
3640
5948
7445
3367
558
1244
5214
7995
6180
2868
4057
5743
4573
7441
7999
1958
5494
6273
93
7989
712
1764
641
345
1432
6670
5149
7794
252
771
4632
5131
1686
6455
779
7701
2581
994
2300
3293
7023
4875
4926
1726
2398
568
895
6660
7096
869
7906
2966
7654
2809
558
7449
2775
5390
5502
653
2294
205
1168
3450
7228
6031
353
1073
7311
2588
4058
426
5401
4345
1706
5928
862
1947
1156
868
2097
515
4287
1529
3162
2523
7348
1809
6102
1521
2505
4723
3392
2626
4222
3367
1641
3405
4539
4155
2051
817
4262
5587
6926
1280
678
1757
83
3443
6833
7737
288
6581
3644
8082
3737
3861
3704
5948
5214
2536
3189
6155
4934
1246
6743
1339
3477
1796
5685
2621
4155
7857
5014
361
4327
3447
1537
4360
8109
4579
671
3901
2648
7348
6780
2531
7143
5209
3265
3242
93
3333
2783
2594
1849
883
2988
2352
7460
1681
3530
7774
6353
7208
6008
3414
6260
8026
5326
5038
1178
890
4677
771
4443
3759
3794
2105
2565
6575
1958
4302
649
566
1246
1795
7431
1280
7821
1999
1200
1561
1470
1708
2051
1095
4148
345
825
7024
6679
712
6214
2876
205
994
8202
5502
2360
8119
1339
4672
426
4783
7569
5461
252
288
7553
2881
5243
6068
529
913
4215
6151
5863
5554
1766
3503
678
1706
6863
6253
568
5582
2678
799
6931
3666
7914
6782
882
4973
2420
83
1561
7867
1706
799
288
1711
5024
83
4983
7358
7470
7218
771
7563
1339
6263
678
825
252
4687
7579
6363
6018
566
1803
4158
1999
1766
6873
4450
3487
2423
1849
994
5695
6078
2531
1684
1958
6689
7441
6161
4312
5219
3340
2360
6585
3513
2628
93
8036
1095
5253
5592
7034
7831
1200
6790
4334
8129
7784
5048
890
3669
4162
8212
2105
529
2648
2783
568
3245
1178
4367
3908
5564
2688
3417
3450
6224
2884
1802
649
3762
2051
1537
671
3533
2565
5512
3801
7153
886
426
4679
5336
8119
205
345
2876
885
6941
1280
361
6270
3272
7924
2601
2355
5471
6792
712
5873
1470
917
1246
4793
4225
2991
4586
205
3454
3282
5612
1688
771
1849
2611
7173
923
5064
2704
994
8232
3533
678
3427
890
3249
4377
1178
2359
93
2648
4602
6290
6038
3924
6605
5532
5893
288
2109
7054
6244
1766
6098
649
4174
892
3503
1541
8149
7599
2535
712
252
7851
4695
1200
2565
4332
5491
361
2360
3001
671
3356
6810
2644
889
4350
5352
2880
7378
1095
6709
7238
7944
5715
1561
3811
2051
5044
6812
1721
568
529
345
5269
1470
7887
6181
8056
1280
3537
2888
1246
5584
6383
6961
829
6893
1339
7490
7583
1815
2433
7804
566
1812
3679
83
799
4703
7461
1706
5239
6283
426
3772
4460
8139
1999
2787
5003
4172
4813
4245
1958
2565
1095
4382
3249
5274
4716
5745
1251
1971
1828
2131
3709
6744
671
7089
1688
5647
7525
83
838
1719
678
7273
889
4354
7208
4275
6847
2064
6203
2359
771
7886
720
252
1849
3031
3287
3454
1558
6073
1293
6840
1344
4385
2666
649
4177
5526
1561
2648
4730
4465
6996
1470
7618
8267
3555
205
890
7922
6318
2360
7839
288
5365
2458
4187
1738
5554
8184
5619
5074
7979
1817
1999
5282
4637
5915
573
6274
5025
6923
2902
1200
8091
7496
1178
426
4848
8174
7634
999
3959
6325
900
2888
6120
361
6418
3516
3386
7413
345
2557
2616
1766
566
3537
6635
3816
799
3457
928
529
2809
2717
93
3802
5077
1293
7500
7212
6420
3457
1768
1828
6207
8271
5526
205
2809
673
2569
3820
7622
1719
252
4385
5369
928
288
3709
6927
8188
4386
3458
5649
7417
93
1474
4356
7926
6748
2618
7000
1817
1558
573
1344
6844
7890
5076
7529
838
5919
5749
1851
4848
7093
5619
566
6124
4191
3253
2131
6327
345
720
2364
4275
1251
999
83
7638
3541
1178
2003
1738
4181
7983
2557
5081
2666
900
6075
678
2902
889
2652
8095
1563
2363
361
1095
529
7277
5558
5286
2064
890
771
4469
1202
4637
3959
7843
6639
426
3518
3802
2892
5029
801
3555
3291
2458
1971
5274
4720
6851
8178
6278
3031
6322
649
4730
2717
1690
3386
1690
720
1344
2458
4848
5288
3518
7529
1971
4730
7093
7622
5274
1474
890
568
7419
4275
3253
7000
928
678
2892
5373
7212
7277
4720
1182
2557
5029
6126
1563
3386
2666
771
3802
4356
4637
1817
2809
1828
6639
999
3709
6846
838
2571
8190
8182
900
1558
7930
4473
3555
3291
801
2656
5919
5558
6211
2131
4191
6075
85
7983
3457
5619
529
6748
1202
2064
3545
3959
7845
5749
5081
6327
6931
6322
292
2364
1719
1097
1855
653
426
3820
3031
3460
252
361
7504
2902
1293
6851
2363
1251
7638
93
673
573
4388
207
1770
7890
1738
8097
5526
8275
4385
2717
345
5076
4181
6278
5649
6420
2003
889
2618
573
1251
4363
1820
3709
1697
1344
8285
6649
3525
6288
7648
7940
1738
1097
6136
5277
5759
2064
3959
8200
2371
7993
1719
5091
4730
6427
6856
4851
7900
2578
1182
3558
3386
2131
3457
5039
1971
1293
7103
2902
805
1205
676
2809
5298
3802
7222
292
771
653
7429
5529
1566
7632
5622
2458
2625
252
93
2373
4385
6334
890
529
7514
2663
2557
1858
85
8107
568
892
6221
2902
678
7287
4637
4483
7539
7010
3830
1828
2666
426
7855
3470
3263
5568
3031
4191
5656
1558
4201
4278
361
207
6758
345
1481
4398
6941
720
838
8192
5083
4730
3555
2720
900
5929
6332
1773
3301
928
5383
6861
999
2010
6082
3051
1303
3301
7030
4657
3470
676
4405
1003
5549
5939
890
8013
6957
1981
904
3263
207
2724
1729
2371
4398
2676
771
3529
2147
3830
577
4191
5642
1481
678
7668
5775
529
1820
2373
892
5099
3477
7652
361
8127
4294
2573
1570
3822
3402
6352
93
1205
85
2625
252
1773
2918
1566
844
3555
5387
345
4871
653
2074
726
7534
5676
928
1748
1832
3979
6665
6872
2474
1255
7960
3729
5095
6354
6146
2902
805
2010
6778
8220
6231
2578
7920
426
4483
6881
4750
5302
8212
1858
5578
6304
7242
3568
292
6102
1697
2825
4205
7123
1348
6447
7559
2663
5049
7307
7875
568
8305
1182
4734
7449
5297
4373
1097
426
5649
6223
2074
577
1831
1923
6004
2918
1981
7157
3402
2053
1348
7526
376
1612
4405
3547
2429
6931
8078
5809
2573
3639
1236
2648
4657
5118
3880
2740
8297
6812
7702
3575
1255
904
311
7357
687
2731
4301
1832
4567
771
5471
5379
1570
844
1508
7041
2825
7985
678
6730
7733
7307
92
7618
6949
1303
1232
8044
4392
5304
2952
4750
1003
899
2644
5083
3822
1827
6466
6315
252
5695
7609
545
5556
4256
93
4878
3335
3548
6121
4239
928
691
921
1748
1140
5628
3729
5160
4784
8204
8389
726
595
2407
3477
8296
2474
1729
3328
6373
345
2147
2676
3051
1716
6354
817
4475
7952
3979
6386
219
7064
376
1570
1232
7644
3992
1928
93
1733
1844
4763
6039
311
5195
1845
7737
687
6984
5671
844
3578
2479
3734
6389
3569
219
909
1255
5118
252
4274
3350
5506
426
7561
2442
1729
2974
1981
3661
2689
771
1617
3910
3827
678
936
6421
6496
1521
2825
8079
6258
1140
1753
2429
7987
345
7192
6403
3365
545
1003
1836
3597
8239
2669
6350
921
2074
726
2573
908
4900
6966
4418
4670
5414
5663
5844
8332
577
1303
8020
825
6151
2918
7653
7342
1241
5148
8424
2753
8331
4819
3482
7392
6847
7076
7099
2661
696
4323
1348
2147
92
4422
3056
8113
4597
4505
5578
7768
2753
595
5725
5326
3415
6765
4286
2066
6740
6061
740
635
3793
2244
462
6415
1674
5750
1216
1083
7516
2919
8877
8274
962
8552
983
2855
727
1837
621
1957
1863
740
5468
7410
7191
3035
5842
8045
3794
402
776
6089
325
8785
1308
4692
992
7812
875
233
1723
5432
6829
1954
8984
898
4150
4877
4552
2598
4000
5115
5676
4593
4992
3560
1361
1468
965
2639
8892
1859
6208
6789
8257
1321
6936
2048
7291
8150
3885
385
3817
6551
2757
107
2196
5099
278
6648
7569
1397
3142
2831
6013
92
5517
5214
4714
3158
4252
8137
2829
7424
4785
3569
581
3260
4534
2577
6829
2295
2923
3631
2137
7676
5954
8659
8599
8507
847
7872
3722
4107
1956
1615
1860
3158
2639
6830
5842
983
5955
8893
233
740
2296
3631
8138
1954
7424
2758
6740
1956
1084
462
1863
8878
6090
4993
7516
3817
635
992
6415
6648
962
7677
2048
8786
2138
4253
8046
8553
2577
4001
1398
875
6013
5677
6062
3143
965
3793
1216
7570
2919
2831
4593
3794
3723
4150
3885
898
3036
5115
325
1615
4785
8275
4534
6830
1674
7813
8600
4715
776
3261
2196
4552
622
8151
581
5517
5215
847
8258
5432
5750
4108
3560
8508
2855
7411
1723
2245
5100
2923
1308
8985
5468
4692
2598
6937
6789
8660
92
727
107
7191
7873
385
1469
6208
1321
278
7292
2829
1957
402
3569
4877
740
1362
6552
1837
2166
6720
385
7105
3995
2348
922
2678
4280
4081
9098
2266
5817
8083
7401
6010
992
4925
3910
3003
1888
6998
1022
5626
8361
2937
7621
740
847
1915
8468
4832
8358
4674
3903
7634
3731
8820
6195
9205
9113
5273
412
1426
993
2810
1895
6202
1372
1094
8033
632
3195
2911
7869
1336
5596
6095
3341
1244
5017
233
737
462
5355
3681
1363
1716
6258
764
1011
7762
8266
3258
8773
5210
2659
8728
6607
903
8495
3088
794
4825
1479
6989
3929
3803
599
2008
5685
4188
5918
5103
1775
278
6390
2917
3670
6932
7726
92
2709
325
2015
6840
9006
645
107
8880
7484
4363
7022
3007
2273
4692
1667
2014
4723
2100
107
644
4077
2200
9210
3185
2096
9462
9465
5951
3441
8383
1981
8026
442
1922
697
2240
385
1979
104
278
2307
8618
9569
952
801
1491
2826
5177
5999
3125
8133
3860
6277
8078
1332
4219
3081
3259
1029
6206
5022
816
8825
1062
847
740
1077
1034
1749
4181
8768
3041
1768
4288
6461
6903
5509
3845
3903
6384
804
5243
3152
8363
359
1439
6482
462
4922
6642
9184
7158
2797
8661
7748
1384
1436
4503
7222
1106
2384
9080
5281
1881
6310
7329
9358
7286
3859
2136
4893
5537
2412
3418
5350
7921
8722
7974
945
4115
4480
2783
4965
5838
7719
9103
2091
1460
4070
7262
5826
255
2874
3043
7277
635
6944
4874
8826
359
7974
6310
4070
5838
5244
1029
6903
8662
4503
104
1460
3043
4874
1881
8027
8722
1107
2240
5537
2091
2308
1981
1979
3859
5509
1436
6482
3185
9359
816
8618
697
7921
635
6461
278
7719
1749
945
1034
7223
5281
6945
107
6642
4182
8769
2384
1077
9570
1062
1492
2783
8363
1332
3260
1768
848
2826
804
2201
1439
1385
442
8134
4219
952
2412
3153
4289
2136
801
3904
5177
6385
2875
5351
7330
9466
9081
9463
8384
9185
8078
4966
4115
4922
463
6000
3081
7262
4480
6278
7158
2797
741
3041
3845
4893
1923
7286
255
7749
7277
5022
4077
3441
9104
385
3860
5826
9211
3125
3418
5951
644
2096
6206
5050
8882
9267
2107
104
7186
4105
4086
2384
1077
6334
3485
7290
5300
6326
4339
2229
6056
4115
747
2783
3954
2446
5587
1034
7279
1332
3418
2826
469
7336
2240
3081
697
6682
2102
7759
442
359
1508
6489
8440
1482
5022
9522
7971
2003
1951
1792
5525
3860
3300
8083
9160
4933
8718
9415
1439
1401
5407
964
1436
5967
8413
385
945
9626
804
4928
8190
6441
255
7386
9519
1123
5287
8118
107
2831
854
1881
3193
3851
828
3047
8668
5878
801
6222
5854
2336
4486
3071
7317
2915
3899
6532
6931
4219
8825
8014
1039
9241
1068
3185
8772
5183
654
4553
2136
7001
278
1979
4232
7805
3141
9137
635
4890
1749
9636
2391
3870
2229
1443
6336
964
6685
5050
104
469
6441
5300
3954
4086
9425
5532
6334
1068
1891
804
2003
1123
8128
3195
828
1951
7324
7978
2831
8782
8086
6056
6941
278
4933
3485
5297
3854
4493
3425
4229
4893
5193
9170
3899
3047
9529
654
1508
9147
1034
7769
7001
747
8447
8024
639
2146
2836
2102
359
4105
3193
700
3141
9532
6532
7300
255
4553
5407
854
6496
2107
4938
807
1339
7279
5022
385
5878
8423
7196
8678
2446
7339
445
2786
2250
8193
3091
7808
1482
9277
3071
3300
5587
107
1446
1792
2915
1979
1752
5857
1084
1039
9251
945
4232
2336
5977
8725
6232
1401
4339
7386
8832
4125
8892
278
8136
1454
6312
3129
445
4269
107
1973
982
9267
104
8313
2258
7294
804
1774
5955
7398
9649
2140
2251
2413
842
6539
1339
8543
3340
3914
7436
2011
662
6057
2883
5253
255
5685
1059
815
5357
9290
4998
4633
2154
4158
959
1504
6154
3971
3545
3113
7113
7039
854
2041
8240
5487
4014
1084
7459
2955
6644
1131
8798
1088
2358
4181
3465
9012
385
5612
8098
9545
3099
5102
7928
1824
700
1516
2486
8206
469
3910
1443
5982
1899
5023
4292
9756
5380
4973
6432
3233
8952
747
7881
359
4165
2147
8902
7391
3217
9397
639
9652
1052
3199
1409
8845
7498
9371
6797
4399
2858
8567
4553
5140
6416
6594
2826
1454
2154
9300
8139
1084
2140
6312
2858
4998
9407
2826
3465
1416
959
8855
1899
7294
2258
2261
9277
5357
3243
445
700
3914
9662
4269
1774
5112
4553
7938
385
2041
2965
3552
7884
1138
6549
4024
8216
4409
5985
845
857
3129
6594
2886
3113
8323
4640
5955
7439
639
8805
1059
6164
9381
8105
4165
7398
1339
278
2413
5253
7508
6442
3217
750
2368
255
8550
1983
4158
5612
359
4302
5497
666
2147
4181
7466
1443
1511
104
9022
4973
2011
8909
6800
8243
3099
6416
8577
8962
5692
1088
6651
9766
3199
6057
9555
5026
9659
5140
472
1523
2493
1827
7123
107
815
7039
7401
982
804
5390
3910
3974
1052
3350
2019
2834
8903
1002
700
4046
2413
6015
8648
286
9007
3936
3113
5200
5652
4241
6749
3181
1102
9420
6654
1060
7235
8689
1899
4173
7521
865
5609
5216
9527
3473
9782
4400
6065
6097
2944
7099
5013
1084
4198
3323
5275
9493
1170
6669
8219
445
1077
3037
4730
107
772
8203
1774
639
2079
2035
1454
9886
804
2162
6562
4114
2858
7354
9082
5502
255
1443
393
6352
5790
3121
3918
8336
3430
6456
4507
2428
3239
1549
8050
7964
879
9779
6276
6880
1563
5106
959
815
7519
1339
359
2258
5379
104
9389
7564
8443
1867
2321
9675
3217
9134
2179
5020
3628
486
4575
2154
8975
4277
684
7458
8323
7628
1456
2551
2483
6739
7255
9222
3332
2907
5262
5548
1960
684
6632
3046
3208
461
7623
725
9683
2321
839
5151
2207
6794
286
6244
4030
2224
5519
3227
984
7330
5295
6999
2944
1563
2969
1121
4425
1084
1385
3312
7683
107
5415
2035
2560
6134
2328
3439
2104
5783
2428
6612
4292
1456
1499
6160
9576
865
9944
9840
9172
6346
5860
4532
4396
4690
4092
8384
368
5176
1093
393
9290
7616
6844
10051
1876
879
4284
2216
8562
9115
4139
8804
1549
3653
9554
486
3567
8455
7659
264
104
9658
8169
8829
829
8120
1123
660
1011
7519
9068
6508
4311
8343
1489
4028
4776
772
7723
2068
3300
5123
9947
1823
8488
5655
1170
3191
2266
4304
1128
8316
2129
461
10337
8848
1121
3600
4086
4441
4610
8730
2975
6994
3330
3075
5609
1854
1510
6295
5505
1047
3482
819
5908
2175
1653
1004
264
5341
5241
1616
6057
3176
10233
7784
1229
6570
2339
9969
2115
10219
513
9913
9508
9851
306
368
1489
4120
4728
7880
2965
725
2663
7680
5445
4780
2235
8580
4946
1971
3343
9809
3394
7061
3791
5248
850
5765
6737
8571
9400
8424
6955
1155
1535
6633
1947
3270
5883
1385
7416
7855
9390
104
7911
2553
937
2283
424
6876
4230
4454
7998
829
5459
118
716
660
9545
8684
7574
9032
6345
9084
2435
3239
3625
4398
900
2514
7195
1111
4350
9296
6369
10115
3562
10335
118
4414
10029
7848
5076
868
3035
7243
5351
6453
2263
5599
4430
3352
8111
9304
1158
2181
1395
6773
8781
5585
1185
3705
829
1131
5719
8634
2605
4838
7584
2367
8940
8772
1681
2487
4534
104
4342
6509
3482
10071
3680
1563
9058
8876
7044
7766
4166
7377
6509
6215
1999
9506
264
368
10439
7952
3027
10189
6023
1999
2343
8072
5615
924
3291
9610
3395
10557
5378
424
1658
1139
523
461
4720
10133
3891
5905
9610
10453
4220
829
4890
306
2324
8190
3418
9242
670
2733
3157
1499
3256
8047
1257
725
2233
7123
4557
8508
2566
1896
6738
1075
1028
5481
734
6877
4510
2167
1538
6048
9728
7162
9765
947
7904
3063
5905
118
8558
2605
3445
6933
4414
8968
1145
6525
5775
8821
1562
104
2600
2303
4563
7168
8088
10239
1999
5601
424
2487
7163
8139
6023
1038
1075
682
5406
4486
4590
306
6088
845
9344
2033
9768
523
829
10613
10391
6481
1527
2233
924
9562
7050
8828
6221
4930
4342
9815
3368
3891
270
3256
2733
5401
1563
734
1257
5671
6559
3488
2343
4720
10509
1681
7405
8206
1158
3745
741
9086
947
4526
2330
6829
4248
3341
7782
8932
10085
2183
8087
1658
7634
374
10121
5599
9666
3680
1918
7259
10495
8662
2181
5487
1153
10189
3562
1185
8008
3157
6744
2407
5076
4216
4838
3071
9292
471
3418
880
9650
1423
880
1681
1257
523
424
3752
6098
3256
2337
734
5611
270
104
6943
3891
3070
5416
4493
6228
8098
5681
8097
7269
9354
9096
471
5785
9676
4345
1562
5602
1075
2605
10519
8838
5908
4720
6026
3495
3344
1188
7914
8216
947
2190
7175
1921
8018
9302
7057
1999
682
3157
10199
1423
4570
741
2407
7792
9572
9778
2181
10249
845
8831
10401
3680
924
2303
7415
6491
1563
3448
8978
8568
2233
3074
5494
9660
374
8149
1149
3378
4536
6569
3421
9825
2603
1153
4838
10095
6839
2033
4414
5079
2733
4597
7173
3562
10623
6751
7644
10131
2487
4258
829
4223
8942
8672
1658
306
1158
5411
2346
10505
6535
118
1041
4940
1527
5908
9782
1188
10523
2346
4497
1999
4227
5418
4720
8842
3157
8022
741
7918
6535
10135
1149
3562
5685
6947
845
306
10253
2190
7177
4838
10099
6751
1923
4414
2605
7057
7792
10627
2487
5602
4601
1155
2607
8980
9664
3680
3378
3452
4536
3348
5494
118
4260
1041
270
5415
1257
7269
10405
7648
6228
9358
3072
2307
1075
829
4570
2733
424
5789
1566
8151
6573
3756
1658
6102
1529
9576
7175
734
9829
10509
3421
1158
2411
4944
9098
924
3078
2337
8835
1681
10203
471
4345
104
3891
523
8101
6493
6026
8216
882
684
1563
374
2233
7417
9680
8572
2181
1425
6843
2037
9306
8674
8946
947
3495
3256
5079
5611
8098
1923
2348
10139
9668
8220
5615
7273
5498
845
6497
5685
4497
10631
1160
374
10257
7061
7796
734
4944
947
9684
3497
270
8678
2735
3078
4227
8102
3452
4574
7922
6845
4418
7179
684
6575
4601
1257
3895
2001
9310
1681
1155
6030
7421
9833
741
4260
306
8576
7181
6232
2487
523
829
2307
3378
4842
8026
8950
10103
2607
10409
1149
8984
9102
1188
5912
3161
2237
3258
8839
8846
1077
3682
4538
3425
1041
2411
3564
2605
6104
5420
8155
424
3348
924
4349
9580
471
5415
9786
10207
882
1566
5789
3072
10527
6755
3756
5606
7652
2190
2037
104
8105
1658
2181
5083
118
2337
4724
6539
10513
6949
1425
1529
9362
1563
1186
306
2095
4009
7645
1195
2060
3168
534
1456
3481
4849
5785
104
1705
6073
8448
10799
374
2257
9637
9855
10695
6736
7398
2419
9357
9239
840
6694
8399
4676
3772
9585
1224
10119
4352
5576
3542
9103
8933
7880
3603
10813
7041
7257
5663
8330
4967
6289
2469
2663
1073
10425
2304
6771
2239
424
3870
6417
5767
9959
909
9943
7375
7490
482
10389
10917
5233
2814
951
1712
6191
2408
4726
118
9205
8024
4479
5585
4543
10493
856
7145
4712
270
3528
4390
754
10543
1613
4622
1109
1560
8150
3166
3654
2365
1184
9101
1594
5094
3348
6951
10061
1288
5950
2545
8254
752
3438
8831
5846
2686
1982
3255
958
8349
704
2363
1233
8644
10316
2107
8526
2328
7622
731
7418
9480
3282
306
10394
8220
4633
1299
887
1672
5358
4939
1514
385
2559
783
3706
6486
4000
3622
2576
10245
7862
4502
9860
958
2174
9358
10700
10818
3334
11085
104
10141
534
1618
8124
2872
1136
3406
7373
8627
7269
1605
9376
4528
2694
5950
6921
6578
3667
3587
8509
11203
1736
6198
3830
4099
10198
941
9585
3269
5057
10779
4593
6988
6316
1227
1108
2270
971
2479
424
2486
10981
6146
4887
10675
5761
765
7536
5259
1259
9892
8593
4783
840
502
1723
11099
9161
7112
6042
5755
7686
5813
1220
4814
2780
3712
2049
281
9467
5892
3563
118
8405
9095
2455
6891
4842
7689
3677
2270
10685
10208
5269
8529
7869
4535
9368
2363
10404
7279
734
3712
502
306
1679
10326
2331
765
3706
2181
9386
6156
6924
8134
2486
8603
8634
7632
1299
9870
2872
8647
971
2479
385
945
6898
104
4939
6998
1111
6496
2694
8223
4633
2462
7112
6198
10991
10710
1605
958
11213
8415
9168
4897
3622
11095
10828
2790
3276
5813
1723
4817
4793
10789
10151
3406
3573
11109
3334
4099
5953
8519
5358
7383
6052
783
1236
1259
2056
1621
4010
2566
9592
5771
118
2107
1220
4593
5892
281
6316
4842
9105
10255
3590
534
9902
5762
7418
1736
9490
4512
9474
1227
2576
3830
1517
6578
887
840
424
7536
1136
3292
5057
1691
9487
2270
2548
4627
11147
7582
8293
4621
306
523
2107
2516
9245
5857
1605
10327
4618
11378
10021
4888
4924
113
2872
10307
7548
1236
4104
6312
8274
297
8717
8722
3386
4108
1723
10544
9542
1736
1578
11260
10445
10420
5859
5917
820
3346
9687
1241
11265
2661
2863
3651
5066
534
971
3796
1299
10841
7435
8571
3830
7464
4948
9655
4887
6223
10010
6023
3712
424
6994
6993
2576
7759
1281
8599
970
410
3683
4642
840
2511
8684
10968
2694
5037
1275
958
6615
7964
7158
933
2372
758
6624
3752
7751
2376
3406
3647
6341
9569
118
7138
5383
2105
2251
6199
5379
1135
1728
8729
765
10850
3343
1136
10954
9263
5902
8729
6341
6624
7442
116
8722
1275
11272
3651
9687
4887
1136
306
1701
8717
9263
5047
1728
2105
840
424
5917
9487
6993
5066
8578
6615
10853
4948
943
2107
10971
9248
827
534
11388
3343
9665
2376
10848
417
7141
1736
7759
5379
10445
958
7464
10013
8599
970
10327
5905
1723
9549
2576
3712
2863
10021
1236
4621
10314
3346
971
10547
3406
8277
5383
9569
3806
301
2872
765
11154
8293
1585
4618
1605
3830
5859
2555
4931
8694
1284
2270
2372
526
1299
1135
6206
4642
1241
7751
2254
3690
4888
6994
10964
3752
5857
3647
2671
2694
4104
758
6223
7158
2511
4108
7964
118
4630
11270
7582
6023
2516
7558
6322
10430
3389
4693
10543
6083
1766
1289
8698
990
10968
958
5899
11274
1316
776
1625
10425
1136
11083
9785
2921
6713
534
3703
8814
1259
9585
9669
10119
5939
9767
2694
3351
6245
3406
3404
8777
5937
6363
3712
306
5469
7504
8820
3669
424
11392
3886
9343
118
9360
6664
2576
7849
425
1244
7253
4180
2380
2414
2107
7073
4650
10965
3792
540
10659
2145
3770
116
10550
4116
6009
11508
2872
7198
1736
5074
2270
4956
1155
8659
8809
6434
9649
4640
1605
965
8389
7622
4928
2615
5029
1299
7678
4720
765
11390
2533
6318
7562
10434
1723
2548
3461
4947
3830
5145
10125
2731
1741
7819
5405
840
8044
2306
309
971
8353
7054
11084
849
3461
7080
974
9595
3404
10669
2697
4126
6434
8830
5029
1739
849
3719
9659
2414
2615
840
4950
3361
8787
3795
11400
4693
1625
6373
10975
2548
2306
765
3676
9795
5909
7632
534
1247
1741
10553
3413
1155
7208
7681
776
10129
10435
10444
2731
10135
3770
3703
2879
1289
2536
11093
9353
11094
9370
6318
2579
118
7514
7256
1605
6009
540
4966
6255
958
2921
9777
8396
4935
965
11284
116
2273
306
7856
6716
4180
11402
3886
2114
1766
5940
2387
5084
7565
2145
7064
8821
1299
425
8705
1259
5469
1140
1723
5949
6674
4660
8819
1316
8363
990
3837
7829
4650
4720
5145
424
9679
8669
11518
5415
10560
309
8054
10978
6090
849
6735
5043
10637
1625
2145
540
1766
7894
2747
6739
1741
1316
8880
6325
9430
2145
3404
1155
4969
116
5145
11486
3886
2414
5959
2306
5476
7275
11177
1259
118
425
5480
11171
2925
1155
6016
7598
4720
3814
2555
2414
3784
990
4700
1757
1259
309
9845
2629
2316
8430
9729
2921
977
7584
776
2731
7285
6026
4700
6457
4180
9861
7716
965
6441
11059
3902
10200
3710
9743
8440
7114
4184
11368
11484
8884
10625
2615
5959
859
8739
10509
2555
5161
3461
780
7700
5029
11602
1296
7890
6124
10746
546
1326
990
4969
10519
8104
8871
431
6339
8753
9660
10206
1770
3770
8855
3404
1639
3710
9420
4730
3471
11055
7114
313
1259
2555
10510
2145
10626
4701
5029
4731
1260
3405
2415
2615
7895
7701
8431
2629
5960
10207
3902
8885
4970
990
10747
4720
4970
5162
8856
546
8754
2731
11172
8105
3815
6740
1766
9661
1296
849
1639
540
4700
965
6736
1770
2747
2921
3710
7276
9744
2145
309
11060
6016
6125
5960
7599
7115
8872
7286
11056
118
7891
3770
1741
2306
7115
7717
10201
116
9862
431
3784
1155
8441
8740
313
2925
425
11603
9431
977
1625
3886
6027
3461
3711
2316
5481
2414
1326
11178
6458
10520
6325
9730
11369
5145
5476
7585
10638
859
1757
11487
780
6340
11485
3471
1316
3404
990
8881
776
9846
6441
5044
1155
4185
4180
9421
2556
9431
5162
11623
1155
1260
3711
8876
2751
4700
546
2316
11188
3471
5960
6341
8441
3405
2414
11070
1155
8756
1770
6026
9431
10526
10646
7601
2631
435
6027
120
546
7717
11505
3784
5480
7115
780
9746
3404
2145
2555
2415
6461
431
3710
4730
861
118
2556
1757
3906
7286
2747
780
1296
859
3902
6740
4185
2925
1761
7286
6125
6340
1641
1259
313
8441
2925
10642
7115
8872
990
10757
3786
1770
11385
9866
11503
7895
4731
4184
4970
3815
5481
1639
315
8105
11192
7721
1326
5165
7895
9862
9744
10524
2316
8754
11072
8885
5044
4970
9665
10211
6458
981
10211
7599
4701
2629
5960
8885
5045
977
2145
6740
990
3471
1326
7602
1770
3711
8877
435
8442
5481
4185
4701
120
6458
9863
9432
7600
8873
546
10212
313
2316
4701
3902
6342
315
8886
4731
1155
2556
2925
9666
3711
3405
990
2145
4185
1761
2415
10647
3816
2631
118
11189
546
1770
11624
6340
4971
10527
10525
11193
11386
7287
6741
1326
1260
1326
5162
3786
10212
431
7896
990
5166
2925
6126
6027
8755
7116
9745
2415
2747
5044
5961
7718
2556
11504
10758
8886
2751
11073
9432
780
8106
6741
9747
2316
1155
3405
6027
1641
3906
1639
11506
5481
7722
7896
8757
5961
5046
780
4731
2145
2629
977
1757
3471
7287
1296
7116
3471
859
10643
3784
9867
981
8442
4971
11071
6462
1260
861
9747
2145
11073
3471
6126
7896
5166
3405
2556
1761
8757
11193
10758
7722
435
9666
11193
4731
780
2751
120
3816
5046
5481
5166
11388
2145
3906
7287
6462
8886
4731
1155
8442
7116
4185
9867
4701
5961
4701
435
7722
5961
4971
3405
4185
9432
861
7896
990
9747
546
11508
3711
2415
7116
5046
8877
2316
2631
2556
1326
6027
3786
8106
546
2751
3786
6342
8886
3906
1260
5481
11628
4971
8757
7602
6342
11508
861
120
10212
6027
10647
1770
3471
6462
1761
8877
1770
2415
10647
1641
6741
981
2925
9867
2316
990
11073
7602
3711
315
10212
1155
10527
981
315
1296
7287
780
1326
10527
1260
6741
2631
9432
1641
8442
2925
