0
0
0
0
0
0
0
0
0
0
0
0
0
0
0
0
0
0
0
0
0
0
0
0
0
0
0
0
0
0
0
0
0
0
0
0
0
0
0
0
0
0
0
0
0
0
0
0
0
0
0
0
0
0
0
0
0
0
0
0
0
0
0
0
0
0
0
0
0
0
0
0
0
0
0
0
0
0
0
0
0
0
0
0
0
0
0
0
0
0
0
0
0
0
0
0
0
0
0
0
0
0
0
0
0
0
0
0
0
0
0
0
0
0
0
0
0
0
0
0
0
0
0
0
0
4
0
20
10
20
4
0
16
0
0
0
4
0
4
10
0
4
0
16
16
0
0
20
0
0
0
0
16
4
20
10
0
16
16
20
0
0
0
10
0
4
0
10
0
16
16
0
0
16
0
0
16
0
10
0
10
10
0
0
0
0
0
4
4
0
0
0
0
6
16
0
10
0
12
20
0
20
0
0
0
20
4
0
4
0
16
0
20
0
0
0
0
0
0
0
4
10
10
20
0
0
10
0
20
0
16
0
6
4
10
20
0
0
0
0
388
17
133
158
462
97
272
155
0
85
308
215
110
49
352
47
24
263
235
13
70
445
239
348
45
186
37
320
300
69
37
93
30
48
332
155
389
128
70
255
118
230
318
376
142
458
33
13
365
0
40
142
415
57
252
110
155
97
275
345
37
73
166
137
48
252
421
358
203
190
145
458
203
97
130
142
45
438
234
223
70
113
428
190
287
279
176
428
39
345
475
475
428
319
300
175
86
391
345
389
475
273
190
0
83
303
89
13
389
182
405
206
225
300
203
252
44
110
93
458
0
213
279
455
310
190
262
40
273
77
0
213
233
303
206
297
113
425
200
40
152
136
223
44
17
80
361
445
13
176
222
97
83
438
39
13
97
342
399
45
310
165
225
468
27
0
48
93
45
120
186
49
48
77
391
399
485
315
30
472
398
348
47
173
13
175
69
386
355
190
365
485
359
158
93
120
107
165
322
128
355
213
37
318
262
145
89
438
77
120
165
468
428
399
485
142
249
86
355
270
185
408
142
235
234
88
272
137
278
255
438
468
40
64
262
320
130
43
125
310
17
140
97
262
355
93
265
77
135
249
482
315
140
235
120
213
13
77
45
90
64
280
325
368
213
142
455
120
48
183
233
432
222
495
88
330
445
297
375
0
40
262
190
13
165
200
165
282
47
136
145
40
405
355
165
262
478
173
120
152
50
325
342
402
185
310
93
125
48
445
43
97
358
232
495
80
45
0
107
313
213
0
37
282
445
438
77
237
233
402
185
123
402
495
389
33
465
40
278
418
43
168
355
190
189
216
142
310
13
93
401
270
478
76
27
92
310
362
478
49
480
120
467
410
120
480
424
76
229
244
170
263
340
310
490
343
120
440
123
500
393
190
390
220
17
513
40
270
43
47
317
530
340
220
93
271
437
480
77
114
403
56
50
170
196
213
513
284
50
90
360
390
473
530
246
340
93
157
397
106
13
0
254
267
153
130
97
173
517
170
304
140
207
106
287
513
437
211
114
43
56
453
377
40
360
40
33
170
186
77
77
58
226
140
37
284
300
313
164
226
284
164
226
13
0
0
149
436
437
27
390
327
350
107
530
80
50
64
13
360
72
142
502
423
462
417
650
193
347
236
246
633
286
620
85
364
292
162
286
0
43
347
13
85
296
13
286
324
17
33
152
548
438
40
390
633
517
210
45
364
364
458
557
364
271
557
119
216
74
650
40
76
93
138
269
557
637
650
142
98
210
102
286
222
415
440
40
142
351
64
68
600
131
502
600
593
489
425
170
55
587
27
195
0
360
212
472
13
314
273
279
78
57
398
508
0
228
50
201
353
210
438
129
148
491
76
502
560
197
565
610
515
633
154
544
144
85
600
125
438
85
557
502
360
438
83
557
0
144
364
351
20
202
555
64
286
557
603
472
518
158
502
165
498
271
518
640
125
103
563
210
152
13
461
354
517
286
45
37
55
27
627
101
216
575
600
417
239
222
364
603
317
393
57
85
228
620
210
119
68
347
279
0
590
647
450
154
544
489
40
640
438
85
197
462
222
0
40
57
660
170
273
374
425
502
193
296
74
46
415
660
142
76
286
72
276
398
640
142
292
364
201
138
129
438
603
430
13
660
324
138
13
78
40
353
142
210
246
296
102
437
796
224
233
608
103
643
658
682
889
788
713
503
489
855
83
382
485
578
105
196
213
176
716
588
878
623
633
103
410
276
759
514
20
679
395
327
199
80
94
926
211
199
818
307
540
375
702
432
307
55
119
717
483
816
232
843
108
443
586
11
875
935
292
409
736
138
503
20
99
60
31
895
540
213
274
57
915
375
303
713
71
483
130
316
946
412
270
642
520
335
210
158
101
40
858
75
619
406
93
37
179
169
59
772
583
777
812
384
46
272
329
304
548
173
832
915
130
139
757
258
359
999
100
794
361
663
20
238
244
477
900
843
83
717
537
295
195
800
669
880
354
1019
605
979
149
418
210
37
139
517
585
145
215
778
239
1030
763
747
834
232
425
353
999
617
179
655
123
103
80
658
962
165
87
468
199
462
379
939
121
820
959
119
299
71
927
109
502
548
707
317
11
539
735
394
414
230
130
1010
720
942
115
40
797
459
700
568
57
341
555
62
896
916
338
108
59
60
310
482
902
854
973
638
440
548
180
304
856
196
46
252
767
425
20
648
31
99
598
865
279
1085
238
58
426
383
290
332
889
466
1151
986
423
1044
1094
534
389
1182
988
861
524
145
565
369
628
141
520
205
534
1131
62
665
83
46
1189
716
810
903
773
57
191
554
11
1209
820
1239
108
806
940
99
582
420
409
795
1136
145
249
130
275
441
514
762
727
1152
108
705
296
83
431
379
127
20
1068
675
41
242
960
830
1048
1074
97
182
30
145
1230
977
1011
617
369
321
568
286
965
224
1219
685
1147
1193
665
1250
679
262
477
296
151
947
1106
698
37
165
103
857
88
903
171
272
1048
571
279
850
159
704
574
536
379
151
385
133
534
610
296
26
675
30
108
179
1016
296
290
1222
278
919
141
426
886
953
107
182
1269
171
275
564
1207
88
238
1265
1051
312
812
565
459
590
420
83
1192
383
762
715
1134
820
861
58
811
617
145
885
1280
99
983
41
321
279
1098
11
314
1060
850
755
1090
705
993
74
741
1181
681
249
679
1233
429
994
205
1239
813
239
130
73
1134
668
419
131
441
1306
105
990
517
716
524
1175
860
466
1101
286
145
372
132
58
409
1124
943
571
1295
1164
191
240
181
554
1002
47
895
445
1076
321
1193
1307
716
611
571
426
275
1135
99
312
679
1234
179
575
565
1003
1061
58
134
1102
591
705
105
524
145
994
239
379
296
383
1165
58
705
296
1077
141
88
409
1270
984
537
1266
460
279
131
286
1135
762
534
30
132
1099
742
171
756
1223
861
1091
11
887
182
617
850
181
944
861
682
47
441
420
820
74
716
145
675
108
1208
151
238
191
995
73
41
430
1176
290
554
886
241
991
669
813
1296
386
83
205
920
1240
814
26
107
1052
1182
812
315
565
954
373
1017
446
1281
279
420
896
466
249
518
130
1125
866
887
386
1212
441
1081
310
259
36
679
814
187
74
565
1007
1017
611
742
315
132
107
571
440
145
286
446
1181
51
682
534
134
991
130
1000
383
766
295
585
15
861
238
994
1139
1250
100
1071
279
151
716
1276
830
1125
1327
426
87
669
460
1203
58
1145
241
26
570
1186
64
591
430
105
537
1107
275
239
115
886
881
205
151
1286
312
425
296
1052
389
470
1015
756
1239
705
1122
518
73
131
181
325
534
900
1196
944
721
621
202
296
1254
373
1312
145
736
47
195
108
575
920
964
179
813
812
1301
420
685
1099
534
1290
736
325
105
890
904
26
145
595
239
151
541
534
569
296
948
1143
108
570
1103
187
375
1075
73
1085
425
868
195
1111
151
573
464
1207
1216
998
87
132
434
36
310
585
390
1019
768
883
1280
312
136
179
115
243
470
615
995
865
426
681
1011
673
295
107
818
709
100
383
286
1021
1149
685
968
1200
58
51
131
1305
579
760
1129
1243
130
1056
746
298
721
686
259
522
832
422
1258
147
275
720
317
440
1126
621
443
448
15
816
1331
817
1185
47
64
181
389
205
891
202
924
1004
238
283
74
1254
1190
1316
827
181
100
471
1136
139
425
429
1066
1226
154
87
1021
15
444
26
683
450
425
58
187
719
625
64
202
1200
440
1341
1095
132
320
151
688
205
1139
589
756
585
1113
1008
51
978
901
1315
828
1326
105
47
739
470
378
397
286
1085
1300
151
238
451
730
74
290
259
576
900
826
239
145
724
389
1264
570
580
310
107
325
295
1014
1210
305
551
275
534
688
195
914
875
1121
1268
73
1029
246
130
934
1195
890
775
1253
696
1005
770
839
1290
1153
312
108
179
131
1031
875
602
299
115
529
958
537
36
1159
624
1217
383
740
306
108
970
1345
239
82
689
669
1510
178
1258
51
87
676
1088
348
151
485
195
1074
1150
303
1445
765
140
422
589
768
163
1359
847
101
1327
1474
770
450
1124
912
526
1068
386
169
562
321
1276
295
435
663
1460
100
829
187
734
1161
36
587
411
1251
248
357
408
1111
660
1176
966
147
1510
1378
948
183
919
1225
1215
1546
955
1010
249
179
310
490
1410
335
1409
1446
855
613
826
64
498
65
341
1525
791
481
1363
1261
928
1263
1024
15
285
1075
36
1139
202
555
102
137
184
399
591
1561
1323
598
776
937
520
259
115
1092
100
36
833
1514
51
974
435
1267
483
524
343
1255
613
1450
671
1154
310
183
137
859
249
36
422
772
306
667
1143
772
202
1219
181
742
386
1331
1413
591
830
169
1514
562
335
1464
1014
591
184
1262
1265
1414
851
941
916
303
1079
1449
1367
1229
793
598
151
101
1072
187
248
163
180
487
399
1128
530
769
408
87
1165
1565
65
411
195
1327
450
778
115
82
140
102
295
108
64
285
1478
498
239
1529
678
959
147
693
664
1280
736
1180
490
361
350
1349
555
923
15
1382
932
952
1363
1115
589
1078
1028
970
259
321
1550
64
1590
188
884
222
15
157
849
1439
295
259
1030
1360
562
466
383
351
382
122
1634
750
1325
195
613
949
1152
981
1183
945
890
1260
195
996
1072
1547
1012
599
570
223
733
187
794
1511
686
1331
1685
1483
345
310
248
379
1447
1168
36
123
1562
100
115
1252
1289
100
1526
981
1138
450
1447
502
498
344
1235
435
686
140
1670
151
881
566
546
727
51
301
1641
1626
279
1411
1347
1028
1225
1112
87
411
458
108
399
801
491
873
1132
202
661
163
689
645
44
187
840
1570
539
786
1191
335
1462
1340
598
303
761
179
1068
79
1375
1203
44
1105
919
1567
115
248
509
785
107
1218
613
1488
134
1336
1031
569
1531
1754
510
1290
1015
79
783
87
1337
186
195
1405
1275
1030
203
306
1354
202
399
418
979
172
310
1631
123
370
1089
15
949
1182
1118
1196
820
955
1646
1149
1710
1718
1233
769
1229
210
739
1595
295
915
580
1444
826
923
151
492
435
719
200
616
187
1674
1524
335
905
410
259
413
1026
64
108
1095
51
100
1319
230
140
620
241
828
505
364
1390
1424
805
618
536
605
413
705
695
375
585
170
1610
720
450
1539
1769
1654
320
310
1459
1415
36
1523
1725
1223
1716
1155
366
895
270
1446
716
1885
115
795
1652
1377
2055
466
206
1420
1550
288
2000
834
1798
239
279
1486
134
857
197
900
187
1679
446
507
674
2004
612
1519
1767
481
245
991
923
1940
1752
1120
430
606
1985
232
913
1090
429
663
1399
1089
1786
708
357
484
910
99
1394
1343
373
1853
678
1073
1949
1145
563
691
166
1286
1850
1699
55
100
1586
1601
661
1886
859
1104
1565
202
300
477
1574
306
154
1280
36
1379
845
160
64
233
2040
589
15
1192
151
627
207
746
51
1040
1322
1279
953
321
119
1901
454
399
1580
476
1734
87
1140
1013
1732
139
874
73
1491
1913
1864
233
1625
931
166
50
1097
696
288
262
724
556
1145
134
1486
579
401
1113
991
373
2152
154
2021
1721
661
875
1814
424
82
155
1541
239
1030
1459
1858
240
1620
1698
2097
845
300
629
935
1719
1566
1648
239
691
451
2047
1442
211
612
1965
768
446
245
857
1320
717
1998
399
957
1774
317
635
2175
132
1441
1948
328
1252
1202
1385
1308
1090
528
207
485
1359
1866
1231
178
2120
746
2020
606
767
1007
23
900
1120
55
246
507
790
1330
454
1759
1252
107
1514
484
1596
2102
378
506
1142
189
1275
389
99
1887
115
1097
456
1126
240
73
1237
1499
612
134
1781
1231
1880
1035
1274
665
1683
23
661
609
1549
300
233
400
207
691
154
99
2082
790
216
992
825
186
1090
275
1899
1647
2033
586
1481
1596
887
402
1150
550
148
1849
845
1935
334
752
263
1896
536
2155
137
507
50
1476
1065
931
2187
160
166
1147
484
1385
701
1333
746
1389
1732
1756
1922
1526
1310
449
454
1983
2056
1287
606
239
1733
2210
350
1633
1995
1546
446
1787
399
905
991
2050
1042
940
1762
373
423
245
2137
724
802
857
1447
642
288
1313
485
1330
202
252
55
87
1145
900
1601
2132
93
207
1062
147
887
1939
552
402
507
940
99
134
454
1865
233
55
1601
366
1772
1330
170
288
446
691
1651
554
1942
1160
1231
822
1278
1776
845
2207
373
857
121
484
1145
399
186
1753
915
154
1307
746
216
2053
675
485
338
900
291
54
300
2005
240
1399
612
1732
2153
152
1499
1999
1485
1906
701
1606
1546
1884
443
1097
768
724
1569
1333
1633
1546
239
166
23
931
1385
991
2175
2230
1447
629
2076
420
845
642
77
1785
1253
2098
1492
1919
1699
245
1147
2152
1313
214
456
459
1330
1039
1085
1090
794
661
1126
1008
606
1787
2060
268
606
273
1518
931
134
1519
204
661
1764
2314
706
446
1154
676
245
1830
1210
454
1320
167
1557
612
399
245
1918
965
478
174
1352
691
857
311
96
1608
421
2284
240
137
900
288
2218
1553
725
198
1384
833
2163
1145
1751
1385
1090
1073
1930
2064
1956
724
1312
1652
55
341
828
661
746
166
502
2229
154
2259
1685
207
66
1996
1139
1414
99
1073
223
1454
899
1449
929
2160
947
108
1330
1231
365
1656
2026
845
1819
2130
1145
1822
906
2055
485
610
233
606
588
304
373
239
708
412
1097
991
30
508
1860
2110
1623
1169
1318
463
484
1653
1806
300
1973
507
2279
1424
2238
873
916
502
1826
251
756
377
2046
2334
1106
399
300
676
198
1938
1161
610
707
211
2130
108
508
910
55
304
1842
1328
1880
421
1474
1628
1539
154
1839
1676
2183
1174
137
1350
174
2304
204
495
167
1117
1771
963
1639
588
833
478
1340
706
166
454
929
412
2150
2180
622
1328
1405
223
1705
1850
1672
2249
1784
1083
288
134
1251
341
740
1976
1007
99
899
1669
1173
233
30
96
1220
718
951
1465
311
456
1573
511
245
855
2016
365
2075
832
1394
1077
610
496
1573
66
665
725
244
467
245
665
1143
1950
1538
1161
1993
2084
1372
969
66
2039
2405
1566
1132
1763
796
157
2135
424
2321
1304
185
1119
566
96
342
277
1525
962
1339
119
843
1755
1054
538
566
515
987
99
331
1405
682
2620
1867
1101
1286
1620
1511
839
958
569
194
430
424
2370
723
1081
145
1569
299
700
372
1949
1670
824
1524
801
351
2251
485
2350
30
1248
2466
2436
2193
1525
2105
154
2524
2291
2225
2590
1267
1331
2054
1590
563
1682
286
258
244
536
2094
846
1231
945
276
2469
1238
55
701
1920
280
2565
1897
186
215
668
470
238
2248
581
1769
2106
1412
1334
2535
230
766
1054
488
1000
1024
1824
768
1900
1999
1801
2106
1267
1949
158
2252
1921
230
962
566
2525
582
801
1511
1566
1132
238
840
2094
569
1406
1670
2470
1900
145
2136
2040
286
2566
215
55
2371
277
2107
244
1000
1055
1231
30
2292
1339
1621
471
1802
331
430
767
258
194
768
488
96
1525
1525
1569
299
1755
701
1824
280
2226
2467
824
567
2406
2437
154
945
277
563
343
537
2193
1763
1101
186
424
1769
723
2351
424
1248
185
1683
485
2621
373
846
959
1081
1591
701
987
538
119
1239
1412
1331
2054
682
2248
515
1898
797
99
1120
1999
1868
1525
1305
1054
66
2536
2591
1286
1335
352
843
2322
1025
668
1132
832
725
1298
383
2650
514
1389
1274
1602
2298
2675
2376
1286
2471
2602
945
1689
1603
1789
2317
1986
1000
617
862
304
424
2033
99
154
173
286
1999
287
407
987
1088
430
587
846
563
1185
1365
377
1231
1813
569
455
299
30
723
843
73
2705
898
759
2172
1358
131
1132
2406
1952
238
701
802
331
1575
1102
1573
557
2448
801
210
2117
245
515
2088
1843
2303
1705
145
1934
270
1316
103
2243
1419
2416
1675
2220
1879
277
244
186
573
1518
1544
2190
1029
204
2620
1012
1088
2521
485
1471
55
2551
1788
1120
1982
1419
2144
2547
1748
668
628
515
850
234
455
1298
1575
834
1573
1358
1419
2448
1012
1709
846
1677
866
383
304
1748
2144
210
2088
1879
1689
1843
898
1274
2622
1120
244
287
1544
2677
2523
2224
277
723
131
2303
759
668
1813
569
32
1088
1231
1986
2317
1986
1286
238
2298
379
725
1999
1185
1788
1602
1136
424
55
75
557
1391
238
514
245
107
145
154
2547
1000
589
701
411
206
802
173
945
186
2378
430
99
485
2033
2471
1789
515
1954
331
2243
1104
2654
2602
515
1365
628
2555
850
286
843
299
1132
1603
1518
563
801
1029
1423
1088
987
270
1316
2410
2416
2192
621
2709
573
1471
1934
2172
2117
1546
1447
2280
926
2299
2010
1164
1348
2733
238
2658
521
1631
2173
1463
186
1052
1729
471
850
569
1984
836
2611
1247
1431
1302
2579
817
1415
1057
379
2765
1148
1727
1132
238
331
2228
1804
1398
411
99
145
2373
1116
595
216
1356
173
723
852
1935
255
877
1601
154
244
1653
1883
627
1759
644
2042
430
753
2055
424
485
2527
1584
668
581
1828
1521
707
2138
882
55
2603
537
1225
283
1003
1652
2434
1839
2710
579
878
775
2042
595
1869
32
131
296
107
2678
2354
951
282
75
1006
1132
2504
206
2359
520
389
2248
1302
304
2472
299
2083
1160
299
2200
2466
2506
1003
2055
1467
296
1247
1132
1839
1160
852
926
2373
537
2252
2605
668
299
2138
951
77
2714
1052
1653
1883
579
522
32
1435
2299
1302
1006
216
877
2014
2682
186
471
244
2083
1398
133
1631
2200
631
1348
485
854
389
109
595
1763
836
1828
145
2175
424
99
1302
569
1869
2470
415
1654
2583
1225
242
1804
1116
2284
777
299
283
1447
1731
723
2472
886
282
2042
2615
1601
173
521
1521
817
2527
1729
1059
430
1584
1984
753
1546
2228
1136
2769
306
55
707
210
2438
581
154
1937
331
599
383
238
2354
1415
255
878
2660
2737
1358
2361
2046
1148
644
1168
759
1498
651
2206
641
154
595
2051
220
2247
244
431
1412
904
1026
2825
597
631
2581
2658
2737
299
2462
329
1083
77
574
109
2690
857
452
2392
256
1711
2491
240
1246
934
1575
751
2880
1278
563
307
1355
2438
965
341
835
887
324
1899
2385
653
1164
1795
334
1228
2726
2242
2007
1968
252
2546
2989
2238
2306
714
2583
924
99
1216
1679
1248
1003
1327
312
196
1811
1986
143
191
1528
411
1169
2934
2129
1555
1557
443
440
2803
960
1272
683
2902
32
1607
1931
1382
2494
696
1869
2251
523
2023
2682
145
1724
2835
283
55
2152
966
1656
1822
2957
1058
1488
495
2497
85
2838
32
639
743
675
2614
2955
3077
341
157
2835
196
563
3022
1719
145
117
2778
2681
976
2051
307
2131
2472
1046
1871
469
303
751
2571
2582
1259
895
452
2626
1615
1678
633
893
1238
2241
2212
330
1091
2366
2008
1236
2992
366
1875
3054
3109
1312
2340
1335
772
483
451
2063
597
256
1344
1687
1003
1434
673
1568
299
2019
696
904
2693
563
2810
260
495
244
2780
209
2327
1602
929
2084
1777
1909
982
1058
343
1445
1014
55
759
1579
274
2311
242
1102
1308
440
1568
1236
2937
1934
1005
2326
2358
99
2923
2067
1376
1733
626
711
1764
1390
154
332
2536
256
1048
314
2698
3193
570
318
2128
2168
2922
358
1468
914
2620
1510
1426
2431
440
495
299
1613
32
2765
2208
2404
1010
2549
242
1854
1952
1618
458
117
762
2919
3021
658
696
1080
341
1065
751
2581
1394
704
1362
1255
488
3138
2132
2666
1309
1272
2277
373
2011
1294
1152
490
452
274
1667
99
1409
154
85
3161
1366
55
2894
3076
1767
645
244
1638
1814
2648
1354
664
3007
2058
2862
2442
2096
2376
1048
1936
344
1959
2703
730
2777
1022
766
2424
1016
590
1712
346
216
1110
1784
2325
2113
145
702
3039
806
1680
597
157
1752
3106
963
2864
936
2410
196
272
911
751
2046
256
3074
1354
2812
463
1545
2445
1958
743
85
658
696
681
570
1456
1044
3042
2299
2616
1702
2701
354
2733
2899
1972
1631
2579
2154
2203
828
341
440
1070
3228
2957
501
2655
327
1339
154
2733
314
766
244
2897
2678
3111
2163
157
2929
1424
3141
1772
242
2126
1668
1102
658
2800
3056
1409
1618
707
1702
145
1110
2238
1982
495
1010
99
914
1182
1255
985
2131
2453
2434
717
378
280
775
1889
1473
1819
452
607
1388
2477
344
221
2360
1787
495
117
2071
32
597
363
1324
299
1375
1717
1061
3173
2398
2459
961
911
1021
55
2954
1827
274
196
1277
1065
3196
1787
2913
2091
613
1044
2473
767
2945
1702
2753
1324
3216
2711
3131
1275
248
242
2698
2449
3076
775
450
3161
1668
1102
1968
1843
2046
85
2743
1182
505
2364
303
1545
280
2481
1030
2170
2599
378
262
464
1792
2974
55
2977
1638
202
2163
495
117
2671
2131
580
149
463
2469
2626
1706
658
961
1070
1085
351
1339
2319
662
344
2207
782
501
1388
1429
2450
1025
1126
3248
1287
1737
2418
985
712
931
607
828
707
1641
99
3193
1819
327
1061
32
1889
743
2248
354
1456
3062
274
2919
363
2146
221
717
1374
154
2820
1986
157
1424
924
681
318
1379
3094
1992
2828
1489
2181
1702
378
308
2855
1066
2508
1324
463
681
354
1719
349
253
807
481
2136
271
3009
658
1156
1519
2220
2453
3097
2788
2954
1309
946
1999
495
327
3228
2494
2126
2943
1673
1663
2648
154
157
1044
3166
32
1787
2858
1545
154
597
1102
274
326
85
1409
734
2168
1873
789
2733
2701
3012
2733
2634
2491
2270
55
99
961
675
210
828
1464
1070
2200
1827
3283
1990
743
1310
712
1393
1038
363
117
280
1182
221
1894
1060
364
2462
1424
3111
1819
1772
2051
1339
1392
518
2975
242
717
3196
635
2765
2354
961
2377
607
3129
775
2027
501
985
1456
2480
3251
463
1673
1115
2582
2248
2332
783
1102
1763
117
55
1178
1465
347
400
1019
1536
1799
250
1812
3132
1917
1254
3063
2070
481
1068
154
3249
1332
1867
1045
1713
2588
635
533
2280
815
2732
2886
2614
374
2885
1162
698
1559
1130
1885
517
85
154
334
2768
3348
2813
1800
1118
1998
518
755
253
645
1349
463
815
2967
1078
2853
32
1933
1419
2087
744
1486
2186
1504
3217
2497
282
485
721
2368
363
789
2578
3403
3286
1431
99
697
969
3095
1723
364
880
1400
210
2978
3231
3371
308
968
605
165
2603
381
2097
2434
3121
235
271
2533
3066
1635
2280
1452
2241
2163
3316
734
2831
298
1123
969
3404
463
2886
880
3064
481
2332
721
99
1452
1431
2732
1559
374
154
2097
2186
1045
283
86
2070
2978
32
1799
2241
251
2854
815
1635
2578
697
1123
1486
968
363
2280
3250
518
755
2249
1068
2497
1078
3132
253
2813
1131
2615
1812
1419
3317
2434
1465
645
1537
165
635
2603
1723
1349
2368
118
1178
518
1118
1163
271
486
2886
154
364
1400
3096
533
347
3349
734
1998
2281
1763
2087
3218
3066
2163
2768
298
784
605
744
1019
400
789
210
3372
1332
1933
3231
334
2588
1867
1713
1505
1800
3286
1254
1886
55
698
1918
816
1102
2967
3121
235
308
2533
2831
381
2583
134
99
3405
2299
1282
3172
1779
969
1181
1118
1974
1078
605
3271
2748
815
2337
866
3094
3152
2113
1723
308
1431
1332
3114
744
2995
3306
2026
755
2942
1713
154
463
1123
1349
1559
2440
2286
353
2808
734
210
1593
2087
2539
2186
732
363
661
2671
2384
364
177
2241
2537
1471
828
3018
1486
727
1035
968
2594
520
3367
1219
2076
481
2633
374
1555
2902
1867
2203
96
1068
1805
38
1108
2847
381
424
253
1933
3460
311
2904
1812
3268
1416
271
2594
273
247
3149
908
308
1936
3326
55
154
558
2360
334
1840
1663
1178
518
789
3422
1085
1459
2631
555
1452
635
697
2841
2091
99
779
2468
2731
393
1583
1050
228
657
3642
491
1945
1516
295
3051
786
3526
2823
760
2354
154
38
1673
1206
377
2084
1461
3215
1863
1233
1148
402
3000
3587
2240
2477
1137
1773
3680
1442
1362
1203
3314
3488
2632
3491
1952
2794
55
3546
1568
164
2343
2566
2839
3134
434
1596
2409
96
1049
583
856
3625
3362
134
1909
3369
2007
2786
703
546
257
530
318
263
392
841
687
885
3228
1271
804
3096
813
755
523
3324
177
960
1853
2166
3057
362
3392
2046
273
326
2705
1689
3112
1635
1539
2255
1541
1278
568
2801
1105
1950
2439
311
2958
2528
1166
894
2271
411
1190
584
1596
2834
2013
412
1311
3418
2311
1049
1467
1859
2895
2998
523
3602
810
99
2873
263
1541
1218
279
801
2370
2533
3698
2578
154
1584
164
2216
491
1442
295
3056
3681
3097
1273
546
318
994
922
55
3380
1556
2495
3265
1879
2761
2425
3448
392
727
687
389
1406
1949
38
1973
1958
829
417
3544
3101
1222
3190
1203
134
3152
755
885
1695
1723
1139
3419
2857
1050
2660
2399
3736
1148
2102
788
362
605
338
393
841
1278
3643
2759
2268
450
2107
2606
2140
267
546
317
2814
1823
96
3547
3284
1172
2271
2006
1589
786
2496
1611
1177
228
1685
183
3152
884
3582
3364
657
263
2275
584
3452
2610
3105
687
3288
812
99
2220
1591
1222
1977
450
2765
2499
1861
1141
2106
2500
2582
3269
1588
2015
2403
3606
1541
1226
414
994
3060
317
1883
1174
1697
657
389
1177
318
546
55
3101
3156
154
279
546
1148
1827
3002
2010
841
2861
3194
3422
2899
3384
3368
491
2429
1442
2315
96
2272
2763
1273
392
1560
1203
267
38
2838
338
727
164
362
1953
419
3685
2664
3586
3156
803
3740
1615
183
228
295
3647
2537
1687
1311
2374
1049
884
788
786
922
1278
393
2111
1469
523
605
3548
2877
2144
833
755
3551
2818
1960
1725
3702
885
134
1050
1596
3423
1408
362
812
3621
1697
1148
2242
3636
523
1722
687
2275
1588
3169
622
1442
546
2899
3127
276
1174
2823
3775
1541
841
154
394
3457
330
2669
2040
2374
1596
393
952
491
2534
1226
55
3318
1050
419
1207
99
1430
295
786
3581
2795
1278
1308
606
2851
914
813
101
139
346
2604
1966
2277
191
3015
1621
1573
1154
2111
833
2015
1203
263
3291
318
2768
2623
3682
414
755
1016
292
808
2328
392
1960
2141
3229
1883
3482
3390
1849
3583
164
2505
3419
740
1861
1049
1982
3720
3090
3737
3114
2433
38
2429
2934
467
3445
2896
3191
2179
228
1760
1620
568
1469
2572
1346
885
1227
657
1984
1620
330
2534
2627
1430
568
3587
99
2855
1473
2797
414
3724
2040
297
393
1207
1600
2179
154
2903
2279
833
740
3322
622
318
661
276
3394
843
2433
3461
2898
1590
3423
1227
2281
3295
3741
757
3195
392
788
525
812
2827
38
2772
3131
394
3640
1282
889
689
808
2673
2606
1053
1887
1966
364
2936
2509
1849
1760
1152
2330
914
1308
813
346
3118
3779
228
1207
546
2378
606
3173
1621
3486
3585
2141
419
491
2572
2115
467
1226
1964
1176
164
3625
2433
1446
55
263
3686
139
1346
101
1722
191
952
3019
3094
1054
2242
2019
1154
1865
1545
3449
3233
1016
1573
292
1701
2141
2877
1620
2242
414
1346
2468
3620
1895
409
467
1187
3776
3721
1999
3617
1621
1227
2054
1635
3655
1580
1154
1016
1595
159
568
2572
104
419
2807
2179
1722
1304
394
191
330
2137
542
346
3049
1486
1573
873
393
2640
1849
2703
1226
276
2534
2862
276
3153
3107
1476
1900
2335
1760
2611
3429
3814
952
2916
3246
3208
762
2309
38
3484
568
2531
3208
2294
55
3483
833
237
808
172
1242
3516
1723
1207
812
292
914
911
2903
369
3675
305
818
3153
3445
740
3344
606
1989
331
1308
101
139
2413
1966
2802
513
1430
3325
2040
813
714
1181
674
622
2941
1083
3759
1067
2433
626
1356
3465
139
2161
2822
2923
1217
714
1593
104
2058
1580
2878
159
276
1187
2936
1318
1899
1738
762
1236
305
2003
843
101
2060
2423
237
1776
3503
1476
1067
1304
3127
2631
674
1869
2199
400
2262
1026
172
3069
331
3173
1170
423
542
2478
2453
3637
568
3640
2823
956
1243
3228
2005
1242
3779
816
750
1637
818
330
409
369
2592
2897
1185
3741
1636
3345
1605
2147
568
3364
911
873
420
3675
2961
606
276
2660
3266
3796
820
2547
2719
2554
918
1635
191
350
1446
2355
3173
3834
1727
2310
292
3228
3449
817
3504
1910
1083
3695
2319
1986
1490
55
513
393
38
467
3536
3018
2245
3043
3906
301
3056
811
1584
2429
1327
1297
3338
113
981
444
1169
2779
55
1195
139
759
2917
880
2198
436
1662
1226
330
943
329
1842
2624
168
1365
3347
2726
723
191
3944
1763
1398
2143
38
3605
417
3225
3831
2056
3961
2988
861
606
775
3805
394
1639
614
3037
1586
356
2466
2030
2662
2332
1140
956
1282
3393
3643
568
409
1706
1699
3692
3860
3385
1754
350
559
587
188
3055
2100
3504
2020
467
1035
2579
3501
1915
2687
1255
888
101
3313
845
3246
3793
3999
817
2450
3614
292
2634
1289
1691
2207
276
446
918
2523
258
2278
3669
2106
1801
626
1471
1337
2875
3907
587
191
3314
3038
846
2635
3505
3502
3247
606
3832
1398
330
3794
1699
3644
3615
723
1707
1764
2625
2780
3945
2030
55
1586
3861
467
981
101
2143
168
2021
2208
4000
2057
1169
446
356
2333
1255
3019
188
956
437
2688
614
2918
2989
1365
38
3056
409
276
2876
1754
3670
775
3394
861
394
444
2430
350
3044
1842
1692
2451
3962
113
258
139
417
1035
1282
1663
626
301
817
568
1290
2524
1640
3386
3348
3057
888
292
2101
1196
759
2198
2467
811
2246
1140
3806
1584
1226
3693
329
3339
1337
1298
3606
943
559
2727
2580
881
1327
2107
1802
1472
2663
918
1916
3226
2279
3625
1169
626
981
3972
1337
1300
2201
2218
888
1305
3054
3404
3349
559
2067
1398
3515
446
587
1670
55
3257
1258
2642
1330
888
292
1203
1650
1926
1038
943
467
447
2790
3654
3358
412
1699
3842
3703
2928
1479
2146
2461
2534
2286
2886
394
1809
568
2737
258
3067
188
3396
811
168
441
956
762
3871
3512
1845
38
1229
3236
1717
817
2587
1699
2343
723
276
3029
113
1282
2698
2117
775
329
3804
918
614
1140
330
853
2033
606
1587
2111
3324
2673
864
3955
1368
3816
2474
2635
301
356
139
3917
191
1771
101
2440
2256
4010
2028
3680
3066
3048
3616
1586
1754
417
350
2999
1392
4137
1023
3264
790
3446
1703
282
3845
1269
123
2369
606
276
2880
871
3240
384
475
3569
636
2336
1255
1370
2298
1063
1722
968
4192
966
4052
447
1228
1861
922
1730
4230
139
1358
357
845
827
3526
3707
1839
2450
568
3169
1531
781
2601
2314
3086
1823
1387
2779
206
3425
467
38
2745
1396
611
2006
101
191
2177
2783
666
3900
292
2958
3808
2453
2191
1066
3624
1447
1716
2168
3209
2644
4036
2877
1811
3846
1817
330
3722
2241
1346
1894
1985
1257
2197
3516
1510
3234
639
360
3913
4091
928
895
940
4175
4014
3564
329
2598
178
2656
55
3068
3207
2834
488
465
430
424
3468
3689
1521
112
2171
1011
1327
3424
1984
2995
1160
4132
2798
4478
206
501
499
1661
451
857
1600
1018
677
384
4423
3801
1056
1490
3977
150
1806
3674
3076
2316
3460
178
1872
1483
1371
2973
392
4094
4311
2022
2439
1054
1440
323
4188
293
1358
828
2382
3282
123
966
377
465
2494
2940
2110
2861
3982
303
3797
1450
3839
3175
3462
930
38
2783
2494
1476
3405
361
4461
3852
1955
3101
1984
514
1307
2347
329
2406
2318
876
1505
4516
1868
510
3771
4100
3011
670
4366
3312
1121
2532
4300
626
1929
2650
2611
622
989
55
1817
664
999
2817
479
211
3478
4338
1941
4155
695
906
2126
112
3847
2346
3157
1912
828
4211
1392
2582
4033
150
999
2544
4244
990
1606
1005
2221
2706
879
293
123
323
3902
1510
1995
1518
2639
622
711
3857
2455
670
1511
4150
670
402
1313
632
3827
677
3322
4367
178
1701
485
477
451
2848
936
3895
4394
1549
211
4188
2510
520
1054
1121
876
206
3445
1833
4517
1033
2917
1327
1935
3518
3745
38
384
1912
4534
2968
513
1969
2446
2845
3534
3067
1188
1450
2397
309
3225
3023
4572
1990
361
4356
3029
3724
4479
1399
2024
3480
3116
2432
329
1505
2332
1812
2823
4422
520
1072
922
55
377
2062
3518
3368
3500
4038
1034
1456
499
4156
1754
3491
2764
4746
2869
2155
1645
3744
763
3078
2544
1455
1649
562
4145
4368
335
2316
4232
2202
3291
4480
3382
945
1136
741
4936
1018
432
4157
2117
4177
2726
413
551
904
4731
2133
1089
4708
1499
1993
553
1154
4042
2546
686
2391
223
363
666
4195
418
1431
3141
4898
491
228
4881
1829
373
4518
3253
2646
3632
1498
736
4045
3059
1115
3287
513
1276
1611
554
3097
4786
4843
964
1982
1642
150
3822
3782
112
704
986
3232
2052
4373
1099
3800
331
2172
190
2918
2060
3814
2164
1590
38
2587
2734
1066
3745
1580
3409
323
1227
527
2614
2679
1098
4596
4563
1628
135
55
3610
4508
1638
3764
1590
686
557
3652
2873
2165
2938
3069
1646
1645
558
551
2076
190
223
996
957
4165
3429
3830
4528
4248
4728
2316
3101
1580
3291
904
4616
3094
112
562
527
708
2746
4388
418
4215
373
1076
1108
2222
228
413
773
3311
2603
2784
2072
670
736
4538
1119
1018
4393
2184
2544
2734
3842
1154
1431
150
1455
135
2634
964
4918
3755
1515
4058
741
363
4806
3810
4177
3273
1227
4901
3507
4766
438
3392
2172
2656
1514
3161
3620
4583
1849
1292
3802
4193
4500
1099
519
1627
55
1754
2550
3236
335
323
2117
2411
335
38
4956
1146
1982
4751
2679
4065
2137
1089
4863
1993
1665
491
2747
3393
1090
3070
2635
2072
996
363
55
1647
1581
2604
3621
2317
3095
2551
670
527
964
4807
38
2222
2117
557
957
2545
4529
1120
373
2785
3765
4501
2874
708
4767
3162
1982
3811
190
323
4729
3430
4752
1515
4066
1076
413
335
418
4617
3508
4249
2680
4059
3292
2657
1455
4194
2138
4902
2077
4178
4166
1108
686
3803
1154
551
4584
741
3237
1431
3102
4539
135
112
1292
1849
4919
150
558
736
1639
4216
3653
2735
1645
2939
4394
1627
3274
519
904
2172
563
2184
491
438
1665
1018
3843
773
2166
1227
1146
3756
3312
335
1099
223
2412
3831
1590
4864
4389
1994
1514
1754
228
4957
1681
3202
4785
363
4585
135
1114
1606
2644
3677
112
4808
4863
3812
1671
1146
3815
2145
1661
4595
551
2010
1667
920
4450
1108
1459
996
539
228
963
1142
2200
2206
4222
4673
1040
2813
4115
373
4234
418
2440
686
1160
3314
2601
2200
3449
2663
335
2357
2105
741
3899
1471
501
558
1615
708
2707
2720
4250
1530
4975
2979
2182
2088
3887
190
742
4305
3853
323
4557
2924
525
1782
2034
419
3287
567
2775
3480
1865
1092
4920
1298
575
2238
4272
1521
970
2775
3342
4122
773
55
223
438
1105
4445
1243
38
4640
335
4958
3145
2585
5013
3352
3152
3703
3126
3564
670
1633
150
4823
3867
2740
2775
3202
1487
1865
112
223
1792
2026
924
996
2605
2813
1108
2206
4940
1180
752
4238
3903
1626
4995
2440
525
38
55
3307
539
702
773
4270
501
3314
1667
3887
150
4883
3815
3568
575
2707
4466
558
373
4455
1615
373
4839
2367
1671
1114
2663
194
2934
670
2200
1146
4689
3693
3145
4325
4605
3352
234
2165
1298
3168
2182
4232
567
335
438
1633
2088
4605
2979
3362
4828
428
2795
1092
2238
3832
1521
3897
4276
2038
963
708
1530
4978
757
423
3130
2601
563
2644
3459
1253
2105
1681
1125
4660
4801
3480
2220
4126
1681
4131
335
3703
5033
1142
4567
1463
986
1040
329
139
3853
2209
4286
542
2611
4242
525
2982
139
4615
1142
335
1688
335
428
1802
4670
702
3469
4893
3205
2440
373
3860
4615
3897
1521
670
2714
234
3703
2615
2663
2238
426
2230
4476
755
2805
2105
5043
3140
4811
1146
558
438
112
3842
1183
3317
3355
1260
373
1684
150
708
2647
3710
4849
3372
2088
505
2036
194
1633
2775
575
3913
1530
223
1633
3317
4699
1298
931
4950
2200
567
963
1473
1092
757
989
563
4248
3487
4465
1494
2944
2750
3578
3822
1047
3907
2048
38
4280
1128
3178
4577
1117
4136
2813
1865
773
4335
329
1671
2189
3152
1667
4988
1622
4141
1108
2175
55
4838
2377
5005
996
5223
373
3693
4542
535
448
1224
4599
3753
428
1045
5357
2847
1558
4915
609
1803
5352
1286
575
134
4006
1561
714
55
371
2278
4201
2785
4405
2751
849
567
2337
5302
2176
1654
5163
1162
3027
5407
615
3382
2517
4970
2904
1697
578
4171
234
3655
2275
3471
1023
2136
4795
4454
1791
4544
4638
5029
50
1752
1669
253
1416
1728
184
4776
2890
437
789
3352
4066
4588
2330
5168
3077
624
139
4190
1113
2945
2025
1176
1324
194
1102
1902
2412
1217
3218
4979
1802
3605
478
1236
2462
3927
2369
3830
769
5213
3499
3126
2640
1853
4121
2269
1193
4929
3554
341
808
4140
387
2893
3360
758
983
55
2337
5217
428
4780
4546
4603
3503
4125
3218
1669
3354
1286
2140
609
2279
343
1224
3655
771
5167
3077
2462
3382
1328
793
2334
1563
1728
1654
3471
3605
1791
2178
3364
3130
1562
1193
2755
4799
4203
4006
50
716
4190
1027
253
578
4456
985
4933
373
2412
4983
3832
2521
134
3931
3753
4548
1102
4140
450
808
2369
5356
4175
5033
1853
758
3697
4640
4070
4919
2893
478
624
5306
1701
2904
139
234
2847
1236
5172
2894
184
615
2949
4974
577
2025
1221
2640
567
2269
535
5411
4409
2278
1113
849
3027
1756
1416
3558
1803
2787
1802
1176
1045
5361
4590
437
5227
387
1166
194
1906
371
450
1674
2915
2939
1567
4675
3788
3160
253
4954
572
1858
624
1189
2367
3533
3417
55
4583
1236
234
1050
1166
1126
343
2291
540
428
4105
1919
1761
1333
4210
3635
134
849
2399
771
5391
139
716
1421
2817
990
4444
5207
1827
1750
2291
1102
793
3501
4160
2877
2292
3394
4238
4041
3389
4175
1221
2153
3732
3685
4815
4581
5202
1027
617
2425
184
2777
478
2916
194
4834
3099
2475
2038
2200
5396
371
5068
3049
5446
5262
3966
4968
1808
5252
1667
758
387
2662
3248
1210
577
1286
808
1813
437
4225
586
3867
5018
624
5009
4638
4491
2543
1241
5341
3588
1706
50
2971
4625
1576
2347
373
4703
1102
478
253
1226
1263
849
625
1391
50
3848
5382
1674
560
4235
1197
361
2433
1164
4078
4571
1030
1802
1050
4705
1634
2999
5327
1242
147
2881
470
5516
3121
3506
134
450
756
572
3083
5566
604
5364
2897
2684
1675
1808
5511
3258
1786
248
2243
3028
55
3071
4556
2046
5129
2633
4679
3675
2439
202
2917
3288
4280
609
808
3477
3725
5461
1841
4318
638
1286
3830
1867
2313
758
831
1236
395
2483
1421
4932
2299
5314
184
5116
3469
2445
2937
1079
2427
1639
3541
1835
2272
4285
387
3947
1995
4758
3653
5180
2390
624
5066
4225
4308
5074
3708
4927
1858
437
1281
4755
4101
371
811
134
5126
4937
2483
5324
3516
1805
1835
1808
1236
253
4104
4235
1649
2299
572
4768
395
4238
1858
638
5392
2279
3541
1242
1867
387
4318
1086
184
4325
5139
758
5076
2433
2917
4566
3718
474
50
808
3851
5521
612
5471
3288
5084
2937
3268
3954
3675
4942
3663
437
2253
759
849
1050
5337
5576
1102
4713
4288
1401
2430
4712
202
2891
248
563
1288
1851
3002
2455
4689
371
5190
625
624
4088
2643
2046
2904
4290
5374
4578
3038
3121
3840
2439
2005
5526
2684
1037
3093
478
1233
1675
3071
604
450
838
2313
3476
1421
3725
55
1286
3480
2400
1796
814
1263
1167
1197
364
147
1674
4762
1641
1738
5267
678
387
5520
883
1263
661
4989
1966
134
3211
1485
3470
2824
1270
2165
3706
3692
4384
4589
4206
514
4512
500
646
5436
5890
2399
847
770
3857
2033
514
2443
1929
383
636
3907
184
3357
4976
5654
3261
3121
2533
4606
4462
236
278
5704
2583
3087
1102
4106
1339
253
1361
5120
602
4018
3077
678
5823
4884
2843
50
2146
3290
1922
5503
1136
1519
1320
2679
447
400
4075
914
1872
3504
1985
3192
4842
3782
3951
4553
67
5426
1428
914
5242
169
1797
3104
2441
4328
2443
1119
5376
820
605
1324
5940
1941
437
1192
5026
5873
5689
5053
2587
5756
1251
1765
3723
1763
4620
2612
2590
2543
4626
883
914
4404
5456
5910
4904
278
447
134
605
5540
4095
5046
3107
1270
514
169
4482
1361
914
1742
383
636
2033
3490
5674
3927
2853
5287
2616
2409
1334
2156
3300
1428
4996
1351
1957
770
3212
5009
500
4640
4034
5140
5843
5523
1797
514
2457
3877
4573
3520
1926
5960
2169
1769
2001
1273
400
820
684
5724
5446
236
67
2683
3712
387
1255
1106
1119
4126
2840
678
2453
4226
3131
1136
4862
2447
5709
184
1773
4609
1876
3227
50
3798
3093
3743
1939
1519
2593
5396
1489
1192
5262
606
4348
5893
2606
1966
3726
3120
3367
5073
2607
3967
667
5776
1320
4532
437
847
650
253
3277
1496
1797
440
134
3937
5550
2553
2419
2001
5406
1280
914
605
5903
256
2606
1428
5719
650
5056
1146
4872
4358
67
5294
3367
1519
4404
3120
643
5970
667
684
914
5920
400
2603
3887
5786
5853
4492
3131
1192
3798
503
1273
236
5272
4229
890
2616
777
169
447
5076
1939
2169
3237
2033
827
50
4126
1255
2163
514
514
5143
1957
3726
278
3715
390
5456
5463
2460
1966
3967
4542
1330
4034
5684
678
5016
3103
184
4640
1334
3497
1351
2847
4907
4616
2453
4629
5734
1109
5530
1361
2607
5006
1776
3300
2683
1119
2447
847
3110
3753
3287
2853
1769
1886
4102
3520
1752
1936
4573
3212
387
606
5060
5974
5723
1275
3501
1282
892
4128
2447
514
5460
5907
1769
5020
2557
3967
1756
514
1966
5467
2851
2453
390
605
2616
2609
236
3941
5147
134
169
608
4633
4362
4034
1113
2033
505
4106
847
1428
387
5857
1192
643
440
2423
1119
1797
1890
4876
650
4642
2167
3367
5688
5534
3728
4496
2606
2683
5738
50
1519
3241
2853
3214
1500
2169
447
5410
5924
4620
1361
278
4575
3131
4406
678
827
3719
3798
1351
3520
1959
5080
3300
3107
3114
914
4911
400
5298
4233
1148
667
1332
5554
67
3757
2001
4546
5790
1334
5276
1940
184
2607
684
914
1255
2464
256
3120
5010
777
3291
1939
3891
1780
5060
1500
4620
5302
5151
777
2464
169
3214
5471
1365
1890
2167
1769
2607
3114
4876
3522
1255
5861
184
2557
2609
4130
3941
1521
5692
1939
3802
134
390
236
3719
1432
5010
1756
2171
5911
2855
505
4410
1113
387
4106
280
684
5558
667
5022
3120
892
2037
608
2451
916
4496
4233
827
256
2001
1275
2687
5928
1940
5462
5794
449
605
1351
4546
3728
4362
643
1970
1780
1332
4579
5084
516
5978
650
3371
5538
3241
402
5412
1334
1282
5278
1148
514
2606
4915
3291
440
3757
3135
2851
1119
3501
2620
67
4635
3891
682
3304
5727
4038
1196
3971
5742
3107
2423
4646
1959
918
50
1801
851
2453
1898
6134
3994
3623
715
2081
67
2760
1293
1392
182
1368
965
4924
733
2337
4991
1348
197
427
4694
698
6169
5683
847
3066
5287
1245
4241
280
420
5469
2796
897
249
1448
1431
486
4841
4891
2101
2146
1198
304
2799
2810
4089
1902
553
3764
650
5889
6236
3350
4414
5395
4983
2890
4191
6184
5987
6366
5956
4968
1442
6383
700
2095
3556
1204
1639
739
1943
147
435
554
2333
2641
5445
5403
3374
4271
4044
921
6316
2646
2613
4338
3344
2823
5248
2045
2125
5830
4742
5707
5536
989
1913
4438
4003
988
545
5880
3346
1542
6433
653
3543
4548
2192
1475
477
1618
3449
3785
3493
3070
2635
50
2967
4422
2395
6040
316
2810
4875
545
6253
766
3483
1245
1685
5298
570
2045
6450
3451
3640
6064
715
2190
3363
1368
965
67
740
5895
5075
4819
1375
189
420
197
5945
477
4166
6400
5364
4053
6320
4925
2165
2333
3353
6211
280
1020
5748
2001
2613
5445
1392
3135
2830
1235
5620
3500
1525
505
1450
2818
1898
5495
2900
2108
3073
6467
710
147
1336
256
5973
2115
2257
700
5018
665
4728
4598
450
5048
1455
6261
4260
653
3550
4210
2711
2653
2685
6517
1022
3850
4063
3707
50
427
1198
2095
3783
3400
4448
1945
1442
2760
847
5784
5008
4355
5468
4028
1913
955
1592
1618
4503
572
5553
897
4264
2992
989
6831
961
4714
1400
6247
3774
189
1031
3683
5920
159
6605
4013
3633
2290
1056
256
2031
1773
6814
2235
2481
693
4474
1274
2233
3305
4283
3563
2232
5786
3822
1532
328
517
2357
1072
2026
2783
209
450
584
3590
6575
4646
2990
782
2289
3565
302
4755
6303
800
4315
757
5664
2833
6881
4390
5314
6764
2813
1450
4579
2051
1542
2851
3040
6625
600
2523
3263
6370
5853
5775
1492
6416
5175
1656
3107
472
4864
5272
50
67
3724
750
752
581
5339
1333
4524
2101
2942
5825
5016
5083
4062
1451
1724
6114
6297
511
2982
1589
6672
1539
5336
5225
1301
3889
6088
701
5616
461
2185
911
6835
3889
3569
1546
4716
2982
1400
1072
6609
6629
50
4062
4646
6372
2357
209
701
2523
6301
463
693
1656
1056
1773
3590
5083
4319
4755
1337
6116
67
1532
965
4015
2031
782
4390
3822
5788
1033
1496
5620
2787
989
6885
3305
1450
2051
4283
2232
2996
304
800
3265
6676
2030
5920
915
1589
2483
756
159
513
2289
6818
1274
600
5779
472
2851
4264
517
5020
2239
3728
5339
2101
3040
757
3683
2813
1451
581
5179
2833
5272
3107
4579
6579
750
4864
6251
1726
2990
2189
5336
189
328
5316
6420
2233
452
2946
3778
256
1301
6092
6305
3563
1539
5664
5853
2290
4528
3633
584
5229
6768
4478
5829
6311
1281
4065
1542
6315
6778
6261
1532
600
5326
3275
989
5674
5239
3579
2523
1656
6639
2292
2246
4649
5863
2101
4393
1451
2239
3788
4874
2989
4274
1036
159
256
2196
584
2051
67
5630
1457
1072
5346
4538
584
2851
965
5090
1733
1773
328
760
2956
2233
3006
4762
5346
6619
701
6589
5930
6126
3822
782
697
4025
6102
3305
3633
472
5798
3690
6430
6845
1301
3040
463
209
6895
3889
4726
517
5279
2357
6382
5839
6828
2290
2823
5789
3738
1549
2041
1499
3593
915
2037
2833
513
4329
189
6686
1056
3573
2993
4488
800
5189
756
750
2493
304
1400
2797
4290
452
1589
1340
4582
5030
3107
50
2299
961
256
6522
4857
4993
2341
784
2548
473
3785
1506
5466
7060
1619
3125
3065
5185
3132
472
189
3683
2279
7010
803
608
6266
600
4652
4694
1803
2907
584
3679
6842
5982
6258
2917
3075
5441
5404
766
2123
793
5954
6455
6476
3063
3928
1569
6993
6804
3390
6586
5374
1401
6775
2110
3878
2876
6049
4393
2076
4463
3663
3868
67
1056
4644
2353
2114
5354
4476
1589
6426
4385
5186
2291
1310
517
1081
1072
50
2309
2587
1587
5465
1656
320
168
488
218
1569
6943
2366
3710
4719
3351
1782
5938
1330
5793
4866
4156
5786
3075
3935
1011
800
4135
538
6004
328
710
6754
722
989
2879
1476
1400
4483
1587
3152
2917
5958
584
3710
804
1322
6496
2568
5009
7013
2289
67
50
2587
961
4160
3079
3699
3795
3687
803
1599
770
4672
784
6862
5205
5461
1401
473
6606
6774
3679
4401
2907
6002
1486
6020
476
3390
2315
1573
3371
2126
5364
1082
218
189
5196
1506
6069
4403
6824
538
7080
1569
4877
1330
1798
2291
5394
3888
6278
2357
4648
3928
7030
2895
4876
6475
1619
716
6963
168
3125
1803
2309
4155
608
5970
3085
1060
6286
993
320
328
4739
517
6542
5802
3878
256
5414
6795
2382
606
2896
1410
3955
793
2092
5813
4698
5482
4480
6446
3073
2341
1666
488
3075
2123
2114
5485
1011
1081
722
3703
793
2102
2591
993
6844
4759
3904
2578
4175
606
218
5029
4897
7100
5822
6794
1597
2911
1011
4714
3938
2906
473
1410
1082
2123
1666
3815
3387
3129
4896
4664
3699
1510
4692
256
328
720
5216
6306
3720
5505
3971
4503
788
4496
1803
1599
5502
1060
804
3079
776
3400
5434
6040
1496
2386
6516
3888
2373
5414
722
5481
6022
538
5225
1081
6562
4421
1619
6495
1326
50
189
2927
1330
168
608
3162
1569
2341
6983
4423
6882
1802
1401
6089
517
3715
2319
2305
809
6626
4176
5384
2291
2911
3095
476
7033
5833
584
3093
3095
320
2130
6815
2118
6298
2319
67
5990
961
6466
5978
1585
488
7050
4513
584
2909
1082
2291
4906
961
4769
1081
608
3713
6892
7060
7043
218
2918
1802
3727
1011
4433
6099
4907
1604
3945
2123
2934
538
50
473
4185
4506
993
1499
5843
3911
6825
779
6476
2105
6316
2581
1599
189
2121
4674
1060
606
6032
804
1619
1326
5424
3103
3165
2341
3105
2312
256
1666
67
2594
6993
722
6308
1401
2319
6000
5832
6526
3722
320
3132
2326
6636
720
3407
5515
328
5394
3709
5512
4186
791
3394
4702
6572
2383
1569
5226
6050
476
2130
3978
1803
5491
1330
488
5444
1410
3098
4724
6505
3082
1513
4431
7110
3895
5039
6804
5988
517
3825
5235
6854
1592
2386
793
2914
168
813
722
6100
3945
68
538
2312
2918
6636
2291
3407
779
1082
813
4513
4770
3895
1599
1410
3394
1011
2130
2909
5832
793
189
804
6032
2123
6308
608
3105
6804
1802
993
2914
3103
3098
5515
3727
5492
3082
6050
2326
5512
328
4185
1326
2121
476
5988
6573
1061
3722
5039
5424
6316
4433
6825
585
5235
1592
4186
7111
2105
4907
6993
473
1667
4702
5843
3166
218
3132
4724
6476
4431
1499
1604
2383
2341
6893
606
4506
2387
791
2594
1081
3979
5394
6000
3709
50
3911
1401
2581
1569
5226
6854
168
2319
3713
1330
5444
257
7043
6505
488
961
4674
1619
7061
4906
6526
1513
3825
720
2934
517
1803
320
6535
7146
3082
2152
4920
3128
1432
6321
1803
3713
4906
1095
488
2931
484
3727
2110
5865
7073
1569
4674
5257
3407
6876
5044
2291
6855
1629
4535
6055
3895
4724
3105
2594
2923
5527
2422
813
2121
6928
5837
1081
2312
6489
5517
720
6062
2934
6826
821
722
6001
6005
3103
5226
611
3941
168
3132
5454
4805
1011
2341
270
2914
3945
473
1619
1330
3201
6338
3407
6135
2594
961
1592
4014
2349
2123
1331
3825
538
5444
6608
320
4186
1091
2383
1513
5528
4198
4732
6658
534
4436
3744
7023
3714
73
791
4506
7096
197
1401
6539
1018
4433
1702
1499
218
2326
779
793
607
608
50
337
5394
1604
1815
1803
6708
5307
73
2399
2341
3407
6033
4680
1598
4861
3257
6361
608
2594
2138
1569
3132
3794
3997
6926
4960
6591
6388
1513
2328
4585
347
5510
1849
4464
2634
722
1742
1330
276
793
1046
2934
203
785
5410
791
2326
4192
6876
843
4788
623
218
1353
2123
3184
6911
5915
5583
6579
7152
3447
4070
1119
4449
4512
3082
4730
623
3895
2196
1011
4922
5460
1619
6083
1081
3719
5072
5865
1669
2951
5568
320
1401
3119
1119
3727
6191
2981
168
6041
1466
4238
7129
496
473
6529
50
5545
2472
538
3111
2291
6664
1604
3841
7202
813
7079
1515
961
3945
488
6984
3742
730
2914
2389
550
6118
5242
2121
5072
730
53
3742
623
2351
4922
5510
3111
4861
6914
3119
6388
6664
1604
4464
968
3447
5245
5417
3407
73
1598
3841
2594
6364
2634
6041
1081
6711
2472
1742
4740
3142
5583
2399
4449
1513
2298
3902
6936
1466
4515
2328
6536
4585
3089
6040
1353
2917
3184
1849
5568
1629
1669
6118
2138
5470
7139
550
843
7212
172
5868
1576
813
6987
7159
4192
2981
4687
5545
1404
2196
722
1515
6093
3955
1021
2121
5915
1330
1119
3730
1803
4788
7086
4238
796
1046
5307
3997
2389
495
548
6591
3794
225
2934
347
6589
791
4070
6883
1119
2326
4960
3719
323
496
608
2951
2126
623
785
6191
473
3257
203
276
1513
6536
3796
813
4587
1746
7163
2198
2403
1604
6595
2634
3902
3188
796
2934
1021
6991
5587
473
1330
608
4001
4792
5245
3742
3719
5417
4740
1515
1119
6093
172
2121
791
2126
225
6040
1081
1629
53
4960
4687
5470
3730
2326
722
2476
623
2328
1404
5917
785
495
5568
4515
3119
6589
6885
4464
2138
5514
6390
2389
968
2594
3447
1598
548
6122
323
1468
1353
205
7090
4922
730
6918
349
1849
3111
7216
4865
1123
6364
6195
4074
1803
845
3089
73
3841
5072
7143
3142
2917
4449
5309
6938
4192
2298
554
2951
496
3955
2351
627
5868
2983
6668
6041
278
3261
1673
6713
1576
3407
1050
5545
4238
3959
3115
2138
6599
7147
2300
2128
6097
1404
1468
3411
730
5249
4964
225
3744
554
473
2938
5474
7220
53
5076
548
5313
6942
608
3845
623
1805
2951
2330
3146
5421
6717
2983
349
3734
5572
3906
2634
4240
4744
4074
785
724
6995
4926
5518
4196
1746
4453
4691
1576
6540
3796
2328
3447
1673
793
796
1849
3261
5549
323
6922
6593
2391
6199
4867
73
495
2921
1021
4519
6368
278
6889
3723
4001
4794
4468
1081
3093
2353
627
1517
1332
172
6672
813
5591
6394
3188
1629
1515
1598
968
6044
845
3121
2476
7167
1050
496
2198
1606
1353
205
2403
1123
6126
6045
7094
4589
5872
1119
2598
2125
5921
6182
2995
3885
5020
1877
6424
2927
2131
2431
851
6649
4493
349
3497
1622
823
5647
4224
5628
1484
1523
1620
323
1021
3975
1081
3922
968
1332
6450
6596
4850
53
2604
502
4124
6945
6255
1375
3143
6998
2128
4645
7223
205
4966
278
495
3794
3427
554
796
742
4518
2674
6147
5369
4547
2362
627
5977
2172
6655
2954
2419
1129
225
3301
3023
3152
1056
4719
3228
3846
4772
1404
3750
3099
2300
5599
473
6728
799
5461
1689
608
1539
1629
172
2504
3161
7203
4296
4923
7276
1576
633
724
5126
2353
1135
5922
3751
2226
1805
797
5514
7150
548
7051
2346
6101
6773
4051
5289
6978
6094
73
1762
5574
6955
4655
2514
724
797
1332
3311
796
1772
858
2604
4772
1539
2131
1021
53
742
6108
4493
278
1136
1622
225
5027
4061
3238
6097
557
506
6738
5987
2175
3033
7286
5925
3885
608
2128
4933
636
323
1620
1576
2927
2236
1494
2681
6988
3152
4224
823
6603
1805
3750
5602
6431
6460
2362
1699
3427
2954
7233
2419
1523
6656
6665
3922
3797
7061
7160
1629
4966
5379
6192
968
4719
1378
2346
7008
5657
3975
5514
6150
3161
630
2441
6783
2998
5129
1404
4860
172
5635
205
4521
3751
473
7213
548
2353
6265
3099
4303
73
1884
1063
4134
3504
1081
5584
352
3143
5289
2300
5461
3856
495
799
1142
4547
2353
4135
2927
4719
5988
1773
4493
4966
2999
5130
3143
3857
3922
172
323
4861
1063
2131
4224
1539
1629
823
7287
4522
968
4934
3975
6151
7009
4062
2954
1081
1136
6193
2362
473
796
742
1523
7062
2442
7214
3750
6604
2515
6989
205
3239
1620
6109
6784
4547
557
797
1379
3885
225
506
724
6432
1805
7234
7161
5514
2419
352
5585
1576
5658
6657
6739
1021
53
5028
3751
6098
3505
5636
630
608
4656
3034
278
495
5603
3798
3312
3152
3161
2300
1622
2346
73
1885
3427
2682
2176
2128
6956
1404
4772
6666
5461
637
1143
1495
5926
2604
2237
5289
5380
858
1332
1700
3099
4304
548
6461
799
6266
6266
6152
6605
1136
5927
2954
3885
5636
496
1620
5462
2928
5603
3976
1523
5380
53
1022
205
1143
7162
4493
1577
4773
4966
797
557
2131
5290
3798
724
1885
1379
742
3153
969
3751
6099
2346
2129
172
3857
2442
3100
1773
2354
637
7063
4304
6109
3312
823
1405
608
630
2301
3034
3143
2237
7235
4861
6666
473
1495
1805
1332
506
2999
3427
7215
3751
2515
1081
4135
5988
73
2362
4656
6461
1539
6785
858
2604
1630
3161
4062
225
4548
797
352
1700
2176
6433
3505
6658
3923
6193
2682
1622
4934
5585
6957
6739
2419
5028
7288
1063
549
5130
4224
799
3239
7010
6990
5658
278
5515
324
4522
4720
7074
3041
5078
7299
988
1546
858
3816
506
1664
4857
6743
1848
1639
7246
485
2515
4968
6053
3012
53
6258
2404
623
7094
637
2381
1649
3832
3497
3876
2351
1143
2237
6816
6183
5374
7372
5430
6236
1108
331
4558
2183
5680
5635
6689
4632
6011
6517
816
4000
225
73
5195
4338
1554
5599
1363
2662
172
2993
6331
1495
352
6186
5043
742
6869
3828
5708
3165
3218
2689
3195
3193
4690
3246
2442
835
6742
3018
3524
6538
2179
1439
4804
4301
1611
3319
5701
2389
205
1773
814
4053
804
5546
556
630
7041
740
4081
503
4154
1063
7147
1379
4572
1885
1041
1700
3935
4895
2177
557
1136
7319
2453
278
1111
3041
4572
2414
7051
5708
1649
2237
7329
7081
7309
2442
1143
2389
623
858
5701
4690
510
835
4154
7154
228
4814
1495
6018
1379
3935
4895
4639
335
5195
1446
6541
1546
3012
3835
4968
7104
6699
998
742
3018
2381
7382
4558
3195
823
4338
6258
3193
5609
5635
6331
6876
3000
352
2515
630
3816
1773
3832
2689
740
804
6524
278
1363
3228
814
1051
2186
5046
5683
506
2177
1136
5430
4867
1554
2183
5381
3246
2361
73
1851
4010
6193
563
3876
2665
557
6189
488
6053
6752
6819
3500
1885
2453
7256
175
1063
5078
4063
205
6246
3319
4081
3175
1621
1700
3524
53
5556
1674
6746
637
4304
1639
5730
4051
2319
567
2617
1161
66
6008
1746
3714
5361
782
2347
3215
5146
4942
4577
1456
788
6561
5147
2847
6926
4079
6603
7493
1100
3480
7559
1095
3414
7764
7771
1565
5220
1763
6929
3184
2352
643
633
4579
1452
4947
7572
1770
4833
4835
668
1651
1200
5212
2534
6031
5935
7294
1829
2514
6664
1732
4165
7194
883
205
670
4047
1843
265
6676
6033
530
3474
4297
5503
6399
368
3202
5365
863
365
896
2552
1173
528
895
7128
2831
7499
1196
3730
6598
570
2301
4357
4098
2595
1982
2625
278
5994
5928
2551
7698
4363
3383
7837
849
73
199
3401
1984
3377
7204
1564
6398
7131
3196
5729
1631
4284
1589
5869
6832
873
6754
1676
1868
7664
1104
1221
205
1590
5061
4379
567
5650
5505
6726
7359
2597
3477
278
6187
1795
4964
539
2917
7737
633
6148
7094
4452
1225
4966
368
4161
1493
3825
2668
2028
570
2398
3270
6759
1696
7369
887
2663
684
8002
6075
3288
7724
1781
66
365
6555
6068
199
2393
6134
3550
3544
3266
4696
4392
4458
3809
2901
73
1854
5266
643
1170
2362
2604
904
2584
1182
3285
2380
3484
5265
7296
6554
7658
265
1795
3471
1788
2598
2671
1109
5339
7929
537
7459
3471
5331
7863
803
5870
2030
908
5066
4174
809
7293
4157
6820
686
4698
905
6189
7936
5501
4193
1489
4280
7091
5366
2610
5900
6178
905
6761
5101
6169
6867
4996
73
3855
570
365
896
4488
1225
1594
3506
4718
2597
2028
7964
3283
2690
5083
633
2676
817
904
1868
6222
643
4223
1590
567
205
7394
6855
7772
278
2671
803
1795
4310
2906
7898
7404
3493
5288
4187
368
2411
2043
7126
5685
6105
7759
1109
7971
5904
1226
5535
4999
6103
2939
2598
7693
1793
7699
6589
4392
4465
7494
4422
686
3318
4196
3271
3822
3572
1489
4179
2367
5361
916
1170
5300
3507
7129
3476
1506
2393
1681
7331
1859
3549
689
5536
3307
2629
265
537
1812
6794
6590
2402
1713
1104
66
8037
7328
4733
6789
878
6224
199
1182
1794
539
1182
4392
1508
5288
1109
2629
7763
643
278
7975
1812
1225
817
3271
7332
3510
4737
6105
5105
6594
5083
4996
539
7902
6796
4187
5908
878
5687
3283
4492
691
4198
5370
1868
7398
6765
2680
2906
7968
2415
2404
5900
1598
2690
803
5304
4310
6591
6793
3822
4179
4718
2671
5001
1172
365
567
2393
8041
199
5535
3476
6178
570
3311
916
1795
7408
3859
66
7133
6869
2597
1794
265
6226
7697
2367
6107
1106
3549
2598
2943
4465
3576
6226
1230
2614
7130
3493
7703
1713
5361
5540
3507
1590
7498
1489
7335
205
904
1681
6173
1863
3320
368
4227
539
7776
896
2028
73
1797
2047
4426
6859
686
633
907
3847
1849
4856
7488
7563
1958
8131
4764
6734
2690
643
1167
75
6321
4490
6248
7916
6263
7454
679
6338
7249
3641
917
887
1109
5245
6175
7024
7273
8058
841
7527
3716
3037
1557
7928
1883
389
4293
2622
6048
1668
7843
6345
803
1795
1690
290
5334
2509
5605
3969
5535
205
952
1758
4648
716
2598
5129
1868
3426
2915
4417
604
3577
3539
1225
5096
2736
1819
2120
4380
3485
3308
8133
278
6949
5460
904
73
5066
3406
1242
6686
4225
5970
4212
7638
2724
365
1279
5659
2393
2671
539
5782
6884
2376
8206
570
563
1590
4573
6891
6964
932
1489
215
7853
2028
2799
1182
5407
3558
686
4358
2474
3280
2622
6177
1557
7456
8060
6686
1958
1819
290
8135
6884
7024
2600
1690
5129
6949
3847
7845
803
3280
686
5535
5659
3308
904
2393
5970
1668
2915
2509
1797
7853
6321
2474
389
917
4358
3406
1225
6968
4419
7920
75
1242
4212
1590
5336
3716
572
282
5245
4380
5096
8210
1186
2028
6252
6263
5411
952
365
7488
563
716
932
75
2675
6048
7928
1883
539
7638
215
1167
5605
2376
3426
7531
2724
6734
1849
3487
887
4856
207
7249
4764
2690
5782
2799
1872
679
8135
3641
2120
2736
604
1111
6338
4573
4494
647
841
3562
7273
3969
3037
7563
1489
6893
3577
4225
1758
4648
4293
1279
6345
3539
5066
5460
3539
4419
1186
3487
3577
7457
3427
215
7250
5536
6735
6264
3280
207
2736
841
7025
4857
1819
5336
7274
7532
1758
932
647
3562
2915
5461
2121
290
686
2475
6950
8211
75
3717
803
3308
1280
4212
5097
1489
1690
7854
2510
6049
1849
389
4225
604
6177
5066
5246
2600
887
2725
1669
6322
6252
5970
2690
4574
6969
3970
3847
4359
1797
365
7921
3407
2376
3642
3038
2028
6339
2622
1959
7564
282
904
5783
1872
8136
1558
952
8061
717
917
2393
5129
4294
1590
1225
572
5660
1884
7489
6885
679
5605
539
4380
2800
2675
8136
563
4764
7639
4494
1111
7929
4649
6687
6894
7846
6346
75
5411
1242
1167
1226
952
1489
717
1167
1758
572
2676
2121
4857
4495
75
1819
1873
6339
1669
4420
7855
3488
2622
8137
4213
7533
6950
3281
3970
841
686
3539
5246
6886
2376
6253
1849
5097
5130
1187
6735
604
3848
3038
1591
1690
1280
3642
3717
803
6049
2800
905
6895
2601
4294
3407
5660
7565
290
2475
3308
7458
5337
5066
1558
2736
4225
4380
2725
5971
6264
4649
5461
6178
6323
7847
1798
6346
540
2029
932
7251
389
7490
75
2510
1242
4574
1884
365
6688
7922
7025
2690
887
3563
6970
7275
3427
1959
7640
5536
8137
2916
4765
647
2394
8062
282
5783
5606
4359
7930
679
5412
215
3577
8212
207
917
1112
563
5130
6887
4360
6340
5247
5067
4225
215
1167
4575
1280
1559
3578
5098
5972
8138
8138
2511
75
540
7931
5537
2394
647
563
1591
3643
6347
2622
3039
2736
207
5412
7026
717
2601
4765
7923
5607
389
6689
1959
2691
4495
4650
3308
6265
3408
4381
3718
2376
1849
7252
7641
7848
952
2029
7566
1798
8063
4213
842
4858
5784
75
8213
3848
6971
1226
887
6951
290
1242
365
2122
679
1884
7856
6254
7276
5337
4295
905
803
604
2916
2801
4420
3563
1759
6324
1489
7534
1187
6179
7491
3428
2676
686
7459
1669
6736
1690
1819
3971
282
1873
1112
3281
5661
3539
2726
6050
917
2476
5462
3488
572
6896
932
2916
1763
282
7868
7661
6183
6906
1112
6258
8083
2029
686
1900
7943
846
7550
2695
2736
4765
905
917
4595
4225
1489
3488
6285
1177
6981
4874
5267
1819
3582
2531
1252
5337
75
7876
393
1292
7511
6971
3738
215
4420
6363
2746
540
1873
365
3055
932
4213
2394
8158
4495
5108
1685
6360
2486
5130
803
6699
5071
5557
1591
75
647
3448
1849
7268
5677
2601
7296
4385
1226
207
8233
5482
3663
1798
6903
569
4305
3563
962
723
6070
3539
3987
5794
3418
5611
7046
6334
290
5412
1569
7475
3281
2138
1975
608
2821
2676
2376
8158
7586
3308
3848
4380
2622
7951
6756
4670
1187
5976
887
572
683
1690
8248
1868
1984
4400
5552
4740
2695
7667
1800
608
4340
3494
683
7715
1137
1694
8033
1594
2806
1637
7640
4332
4450
556
2771
827
8041
4896
5362
5652
3668
2163
5477
6479
732
2532
5227
1919
3958
707
1252
1534
7111
862
6339
962
7186
4539
4495
1739
5796
2090
2446
4614
3488
938
75
7742
75
207
6404
5758
4969
6132
3658
3101
1909
5202
5577
6864
1263
215
656
7452
7826
6189
4665
930
6414
2556
393
6503
569
3709
8323
3402
1894
956
5270
1844
912
4057
1177
8108
282
7059
3633
3784
7146
6896
7071
2464
2671
3376
8116
8398
2746
2756
290
581
1212
374
3002
8323
3583
5934
6490
1301
7433
2846
2090
707
2695
962
4495
2806
3668
7111
2556
5577
1212
4665
1894
569
956
4741
5477
7059
938
8117
8399
8033
4539
2671
374
7433
1694
5796
8323
656
930
1985
6490
5653
6414
581
4400
3709
912
75
556
3002
3785
684
1177
6339
282
215
862
291
7640
7146
2847
5270
6896
8324
1800
5934
2532
6189
3402
3488
2163
207
6132
4340
1868
8248
3494
6503
1739
7667
7071
732
608
2464
7826
7743
2746
5362
1301
3658
8108
8041
76
1263
393
1637
4896
3958
5552
7452
5227
2446
2756
3101
1534
3633
1919
4057
1137
2771
827
5202
5758
3376
6404
6480
1253
7715
1909
4614
4332
1594
4450
1844
4969
3583
7187
6864
984
6536
5276
1205
827
7174
1868
872
3002
8097
5218
6946
5483
5412
581
2671
581
2090
7723
6518
4346
8455
5558
4332
2560
744
4511
656
3516
7243
2772
3544
282
7502
2600
3658
5009
6239
2897
2446
1919
1637
5709
7099
2821
2464
8173
1739
3583
3684
556
4797
7755
1212
7167
4539
944
1900
2812
707
3402
6355
5255
403
2197
7876
4721
374
4097
8304
5836
297
6460
3376
2746
7799
7680
3141
2025
1137
2695
1263
3958
221
6148
912
6430
3639
1816
207
956
8083
3765
1844
1281
1728
3841
8380
8379
1534
75
8158
7099
6543
4902
6892
624
4428
930
1325
76
4500
700
1949
5633
4614
1616
5962
7473
5774
7134
2825
1276
7834
5646
2693
1650
961
4376
5518
624
7209
4367
1551
4505
1816
4937
4649
3544
6482
403
5722
8193
1205
6927
3993
7790
282
2777
4574
2197
75
3688
8132
1905
297
2486
1616
4726
6261
1881
8208
1325
6558
1217
2560
3521
5248
581
656
1142
2600
1949
5992
3661
6390
5809
2897
6553
6573
7758
4533
5022
2025
2112
715
4802
7197
3765
1857
3613
1756
3432
221
1728
581
984
207
7911
5593
1281
8414
8118
935
7273
8490
3141
3697
6465
7715
5311
561
6183
4441
5277
5858
700
944
744
920
2471
2717
1932
7537
7508
6976
5425
2821
4102
374
2768
3841
3032
8339
7134
836
76
3406
8415
872
442
90
3947
6412
2904
8740
413
1879
770
8298
738
3674
4058
1411
6066
340
6713
2360
5613
2964
3367
8341
1939
2738
5642
2032
4746
5703
249
7823
1731
1379
7650
8092
2275
1870
8063
8989
7041
648
6271
1428
5021
4834
8432
4392
2119
6960
1792
4843
2688
6222
3809
3996
3258
8505
3015
932
3763
9079
2210
2649
6157
1071
5375
8845
3051
8388
629
8830
2027
3671
896
1666
983
6870
7053
3906
6635
4681
691
235
7434
9080
3911
5083
325
5938
799
8754
2117
1257
3013
7483
91
1025
7021
1022
4696
1007
1320
2923
1347
609
7732
6962
3142
4283
6028
5817
7759
2008
5290
9170
4149
2802
4931
782
7669
5174
8114
2149
8371
8762
2743
4184
2964
5021
4283
4681
2688
2245
6992
2923
6192
648
9205
353
5647
1666
8527
9115
3013
1088
3674
609
770
7439
1441
3380
6284
2373
5613
6635
8311
2117
451
932
7762
804
96
4931
3906
2824
4751
3015
90
896
3947
7505
5209
7858
1939
8880
6222
1345
6870
7026
3911
738
2275
4856
1736
413
2032
3831
637
3996
8467
1022
5703
708
2649
1379
3177
6096
3768
8076
3258
5938
3081
2027
9019
235
5388
4696
7663
1879
257
8852
8784
1347
5113
9109
4088
6735
1892
1441
1792
2008
1025
4405
8401
325
7674
4843
804
3671
1257
2904
5839
7054
6960
7764
5290
1007
7088
6417
983
6028
3015
8076
4843
2032
1345
6029
8402
6096
7054
6992
9110
6871
804
7765
90
1025
4405
1088
3768
6735
6192
3947
1892
8527
649
8853
413
3831
983
2924
7762
1379
3671
6961
2904
8880
257
637
3258
1792
5839
3177
2008
2688
6417
896
4696
4751
2649
3380
609
2824
708
7675
3997
2275
1022
739
4184
9206
3907
1939
8312
6222
1666
7505
7858
3674
4088
451
1258
932
4283
5939
6284
7088
2743
8114
3911
1007
2028
236
353
2964
2373
1348
5388
1736
5290
3014
2149
2118
5647
326
5613
7026
4856
770
5209
7663
8784
5703
5022
8371
8763
8467
2245
3081
9116
4681
1441
9020
7439
5113
96
804
6635
1441
4932
1879
7877
257
7787
2072
7882
7104
4761
2956
1911
8904
818
1353
7551
8432
4343
4841
2413
2126
2297
6019
1096
950
7978
2171
7174
1977
6733
6320
7783
5711
609
9000
3217
1800
451
5783
1001
2710
6969
1914
7059
1027
645
3022
1022
7138
8587
1258
6847
353
3440
6396
4756
3734
1688
2267
6529
4148
2046
3891
2864
3073
8522
4936
3036
413
7625
9326
3840
4933
708
739
804
6194
910
8883
8196
1387
5082
649
236
5486
5937
778
7200
2946
4037
4485
5370
3947
8973
3298
6290
1045
8234
1449
96
4992
2795
3711
1348
4244
5193
9230
2689
9140
90
8647
1463
3121
1768
5289
326
3983
5751
9236
2036
6109
4023
8491
962
6259
9320
5243
5339
6397
4278
6002
5042
7635
7258
1707
1470
785
922
2432
3140
1061
4081
7277
6084
6174
8967
2004
3236
1016
451
825
1042
3745
5132
4806
804
257
6613
8280
645
2178
1258
4535
2883
5435
8671
236
7966
739
4182
2043
7961
8731
1348
8606
4986
7136
7222
1807
2077
2999
1449
6810
9410
2965
4071
8575
8062
5003
9084
4041
708
9314
9224
7867
8988
7871
8516
5551
4393
2723
5828
9057
6473
413
4906
3065
3119
6924
7709
6355
7046
609
5788
5848
1394
1022
96
3474
2316
1938
3925
1353
3890
7181
1787
649
2829
1096
326
3784
3332
3055
353
2103
2274
8318
2133
3981
1921
4826
90
2729
6269
5959
9575
4876
5943
90
1348
7775
1732
9132
9485
9153
2142
3378
1967
3791
3060
846
3306
4463
6179
1403
1507
3854
3984
6142
2122
609
794
8762
4175
8836
3138
96
2341
3189
5530
1975
8227
7874
7414
1067
7362
1022
2754
2052
739
1378
8011
717
1474
1037
4645
5907
9222
813
6620
661
3080
326
9389
8740
257
8436
4020
938
460
6929
7255
4373
3560
2990
8672
2493
1121
5458
1085
2953
2224
4277
3210
5682
8101
5113
4921
8483
7080
5021
6516
4127
649
6753
6495
5362
2899
353
1816
2053
7433
9249
8131
7337
413
1258
4027
9479
8896
5112
5202
7165
2769
1832
2320
8023
5105
4117
986
2152
236
6399
661
7452
5978
5689
2953
2053
986
4513
353
6994
97
3196
4146
460
4020
9314
6149
1121
9466
5189
1434
6256
3157
3428
9563
257
8501
6566
428
4104
9209
5105
676
7339
846
3888
1044
1378
2224
8961
5132
2320
5028
9659
5458
1759
3079
3060
3560
8886
1067
950
5362
8533
1994
3138
9562
4277
2812
813
1053
4645
3984
2899
7242
8749
1967
1398
345
8165
6787
717
1862
4373
773
6406
8261
1474
2803
7412
4955
3306
248
7099
625
4941
8185
8073
8790
6353
6008
8088
9306
96
7840
7908
1832
5580
2129
1301
5286
1085
7356
5941
4201
2110
8846
809
4182
2384
2207
9218
2152
3856
1507
7448
2493
6639
6502
3210
9782
7352
5241
1016
3676
2831
689
8481
6331
5544
5847
2049
5158
4435
5338
625
8725
5660
5269
6807
7291
7566
1301
3167
7980
9401
6336
2822
3065
8325
7616
2204
676
2110
7449
1769
3446
106
4565
345
6433
773
1862
3456
6118
1053
1173
275
381
8917
9106
809
6927
9676
248
7104
2022
4160
960
4226
5035
6676
4229
9014
1554
2394
2581
1892
2430
1448
1095
2111
3884
9428
4132
4993
9000
3070
5242
1565
865
8100
8228
4785
8375
9498
9773
9534
4282
2207
759
97
9879
7552
9153
2324
1398
6606
2987
8669
3220
3266
8241
3131
876
1109
7672
6712
4541
6051
5650
428
1434
1062
6088
484
3940
4096
3340
2171
9809
8244
9784
9428
6767
1144
707
6008
9687
3504
2488
7607
5394
2461
7003
1565
3766
4210
4525
381
4412
7144
9703
6900
4364
2934
4250
8980
259
3398
4034
1596
7704
4631
8503
5407
2936
1493
652
4078
5669
1098
700
7762
804
5534
1456
4293
2355
6248
3369
3292
1359
841
10165
1100
7487
10059
7844
6303
1459
484
7868
3586
3314
4910
9361
1941
7796
5178
1043
6661
2170
4390
356
9203
2200
5857
5308
3123
8600
759
8496
995
2242
9255
1939
7348
8709
5205
865
896
10068
106
2093
6305
1836
3066
6564
3237
97
4730
275
2639
6492
9962
8944
5775
8603
1127
6873
2271
5437
9300
8328
2080
1184
2297
3195
448
1860
2325
4392
6361
1150
5590
3265
865
8368
7760
5675
9743
106
2170
5245
381
3235
7896
4084
3066
9411
7184
853
356
1116
1108
9000
5781
6024
2522
10115
8643
3504
9865
2258
896
5324
1127
1007
6783
1043
6717
7884
9840
2968
97
9030
8656
4343
1375
4118
3123
9484
5400
8749
1969
713
3398
2639
259
6889
3332
4525
2461
2080
6288
4780
10124
9259
9759
2355
4428
9305
7663
6508
662
3766
8300
3630
759
275
1472
7404
5435
1459
4440
6620
4631
3385
4250
7031
3320
1939
5234
10221
810
484
2115
454
1596
6331
2228
8559
2976
1515
1184
8546
7846
10018
5907
6950
5493
4916
2277
7790
1565
700
4216
7515
9356
454
1127
7897
259
7761
2277
4085
10116
9001
2969
9485
5781
6289
6332
9760
5325
3066
3235
8369
4344
5675
3332
1184
10125
810
9744
1459
5246
1150
3386
1043
5400
2639
4250
7847
3266
6362
6509
6621
1472
6718
9841
356
759
5235
5494
4525
1596
9306
865
4429
3398
3504
9412
3320
2170
275
8750
3766
1007
700
896
9866
1939
106
713
9357
8301
5436
4441
8560
3631
381
4781
6025
4216
9031
7791
7032
4119
8657
2080
1109
5591
7516
1860
2325
662
2461
2228
8644
2522
4631
7405
2259
7185
1565
3123
6890
10222
5908
7664
484
4393
6951
1969
7885
8547
1116
97
9260
1515
853
6784
2355
2116
4916
1375
2976
10019
700
865
2116
4781
5436
8302
5246
9306
8750
9031
3333
455
1565
6719
2326
8644
2977
4631
356
1150
8658
1939
2522
3123
4119
10117
2259
9486
811
1970
4086
1184
6289
7885
1043
5675
3766
4916
1473
1109
6025
2461
4429
2277
6951
7032
5236
6363
106
896
10126
2969
4442
3386
381
259
853
3398
9412
1459
2229
8547
9745
9761
4250
7762
7406
4216
9261
3631
1127
1376
3266
10020
7516
7847
9358
8369
4525
1860
9867
1515
4345
7791
662
4393
9842
7185
484
6890
5495
2639
8561
3066
2170
7665
6509
3504
5325
97
6332
275
1596
9002
2080
10223
5592
1117
3320
5781
1007
5908
759
2355
714
5400
7897
3236
6622
6784
2652
10293
3226
5502
1183
2369
4296
8813
2511
5595
1057
9992
2446
6859
9932
7160
481
1163
821
421
2349
2631
754
2210
1565
9114
3970
6685
6117
946
9745
10566
9472
744
97
1179
7782
7301
3815
7549
897
5696
8991
4609
1206
7280
2220
8247
8728
941
7396
10413
9842
8337
7055
120
3117
6339
8055
520
1549
851
2787
3608
1595
4666
3426
4569
370
6204
5021
2280
10362
3406
4649
10663
3552
9001
9511
10265
6652
6958
4432
8293
5997
9098
4911
8152
1452
5176
3728
6603
7916
301
5506
8217
1690
2389
9812
4791
1685
1264
2043
3486
2076
273
3133
10783
3503
5775
4490
4323
3307
5872
1954
10686
5706
1097
9234
698
9329
2043
2210
10007
10828
4806
7114
10421
3227
3598
1565
1690
1081
8868
4457
5721
3187
3511
4920
10553
3909
2435
8388
6022
7220
2541
897
1513
5601
6385
2289
922
10842
10433
5633
10051
2406
7466
5131
502
3516
1685
8317
120
395
7986
946
821
1264
6722
4800
4499
8287
2146
421
8407
1184
8211
8908
941
7922
5201
1619
1192
9157
10132
6323
9630
5641
7644
9931
4679
744
3235
2003
9263
1644
289
3608
3487
791
2511
2265
10948
1224
6825
4411
520
9110
1222
9901
7420
6028
5922
6698
7326
7206
2631
9612
3307
10527
2787
9209
3979
106
3728
6142
301
4409
2414
722
6905
5776
4695
1097
8366
3622
2725
4700
10722
2631
2777
4780
3315
2511
120
3981
395
2186
7266
8988
11068
6445
9427
4001
1105
2041
1685
5731
2795
3576
10673
7546
1641
10948
3287
1204
10252
946
3551
1676
5241
4497
9222
8437
421
3545
1246
4942
5221
10553
3245
736
6062
6796
3616
4521
2475
2305
941
10043
5701
1565
9006
10647
2581
6965
6802
510
9742
799
9732
8042
4755
301
3650
4886
940
3736
905
2311
3682
8487
8486
6937
10541
2210
2446
5691
7532
9383
2051
8367
2444
7742
1206
744
5761
4822
7226
8066
9277
4491
3257
8478
6182
106
10021
1264
1240
9307
1101
10842
520
4751
7386
821
1535
5856
10962
8331
10163
6126
289
7332
6020
1690
4485
10127
6427
4701
990
7602
4731
2751
780
6462
10527
1641
10647
2925
7896
1260
5481
11508
435
8757
8886
3405
10212
120
5961
1770
1761
9666
4701
5961
546
2316
4185
6342
6027
11628
1641
10212
3906
5481
8877
5166
2631
861
1260
6027
10527
4731
3471
7602
2316
8757
861
3711
11073
7116
981
2631
5046
11193
1155
2145
3405
8442
9747
9432
7116
2925
9867
315
2415
7287
7722
9747
7722
1155
9867
3786
546
315
9432
3816
6741
11073
7896
11193
11388
2751
10647
4971
11508
8877
1296
4971
5166
5046
1770
8886
3471
1326
6126
8106
435
981
990
4185
1326
8442
6462
7287
2415
3906
6741
3711
3786
6342
2556
2556
1761
2145
780
120
10758
