3000 3999 5000
583 1702
402 2619
416 2448
1521 1962
27 1833
831 2124
57 2163
1024 1742
282 1586
1710 2028
466 2166
122 2712
1674 2938
1825 2698
1460 2100
436 552
931 2159
1008 2116
1440 1739
543 1173
1987 2583
1623 2644
2209 2940
526 1277
2292 2510
315 1103
1715 2667
134 2006
1275 2408
1673 2012
1136 2365
2128 2912
2037 2462
1429 2570
1562 2824
1341 1861
1007 2559
2747 2829
476 2252
761 1017
1498 2380
1161 1163
160 627
1053 1584
565 2584
1105 1663
33 819
229 2932
2246 2422
226 510
251 1523
72 1734
971 2184
1601 1692
1217 2621
1655 1972
311 2643
1310 2724
1452 1877
817 1567
2040 2615
925 2231
2072 2839
1959 2721
244 2872
148 889
849 2737
1250 2934
42 59
344 1597
1578 2613
990 1634
327 1840
360 2738
253 1293
1925 2584
2412 2604
189 2962
111 856
791 2672
294 1101
204 821
1019 2131
1941 2759
1207 1480
2500 2639
1445 2394
1110 2242
1069 1417
40 2556
2103 2105
292 771
1685 1812
1472 1862
485 1851
2831 2852
416 1467
1024 2589
348 993
1109 2285
1132 1610
83 1957
281 2509
1507 2098
66 388
465 2240
2334 2969
513 1053
984 1057
1072 2656
1090 1224
1506 1996
1160 1765
699 1978
1630 2574
1485 2062
2461 2728
610 2743
2476 2678
1476 2399
923 1779
1472 2574
1475 2087
61 738
2710 2981
396 2340
28 2553
67 180
1618 2441
618 1088
934 2898
1616 1886
556 1244
2341 2648
1457 2085
97 350
1006 2912
710 1084
1254 2201
179 2840
1657 2011
950 1402
208 937
101 488
218 2924
275 909
1196 2987
2477 2569
495 2264
2036 2793
113 1201
540 2673
531 823
1924 2003
1241 1864
1253 2177
337 2088
1409 1464
401 1675
528 2512
787 2435
1604 1981
60 2586
1078 2418
1489 1592
2265 2955
34 519
58 192
1259 2772
1301 2010
706 2651
1322 2363
1980 2183
60 1822
390 1235
1566 2272
119 1990
1350 1373
234 2299
1444 2231
996 1457
5 1639
1817 2276
2 2679
194 1629
1002 1260
41 1259
162 2395
2761 2891
405 2504
886 1957
2433 2653
1410 2314
1528 2789
1016 1945
203 247
851 2972
557 878
593 667
2810 2838
284 1925
1458 2211
1940 2909
720 915
447 1934
1612 2990
845 2802
677 1047
2013 2693
2260 2865
318 2893
15 184
1753 2622
2029 2254
1266 2382
186 412
1772 2966
448 2565
2310 2516
611 2102
233 2190
1696 2982
522 2657
1660 2495
2151 2185
775 2736
1865 2658
1442 2312
1272 2104
25 2239
1997 2959
747 1516
2123 2344
1368 2973
37 224
1327 2980
850 2208
1237 2305
1696 2807
174 2617
1650 1962
866 1793
228 2554
2258 2470
216 406
558 993
875 1702
594 1194
784 2157
834 1074
1868 2219
2725 2932
2230 2802
2159 2317
317 2146
1815 2655
1353 1929
2104 2219
1075 2942
38 151
949 2531
2022 2255
371 2124
2130 2327
334 2966
884 2951
801 2585
2265 2704
334 2749
776 999
381 491
805 2391
328 2638
1842 2417
233 2026
175 2372
273 592
8 2730
282 2232
804 1942
1927 2596
2398 2483
257 1325
193 2291
55 2315
305 1256
422 913
1876 2092
885 953
1070 2388
244 1574
374 2500
263 1038
2453 2610
591 773
1062 1360
1417 2526
344 1179
1333 2213
596 2598
658 1711
220 1679
709 1196
2696 2782
819 1081
1086 2209
4 2312
2336 2411
904 1043
1152 2422
1156 1891
1225 1421
1863 2592
1607 2362
330 2256
2122 2291
871 1280
1291 1539
1290 1714
186 2599
1631 2098
71 561
449 2564
1553 1608
706 1586
655 2694
1855 2358
530 1392
1521 1817
1426 1525
2155 2926
471 1378
2478 2734
968 2597
70 485
861 2870
1364 2688
347 537
969 1930
2121 2958
193 1309
176 1289
1257 1977
2274 2778
1176 1515
2104 2187
542 1080
2047 2251
1536 1897
1952 2135
1394 1520
1054 2847
1336 1815
562 1748
1208 2645
2544 2822
144 2701
662 2304
1443 1756
2453 2737
1369 2253
1718 1812
364 754
681 2142
857 1509
1816 1980
2354 2880
2309 2917
873 1892
918 2817
38 1707
1184 1932
623 2155
1187 2014
1127 2186
66 2252
1169 2546
1334 2861
1863 2037
767 2633
622 2855
372 1922
2070 2263
871 2450
2438 2872
686 1578
438 2891
1177 2723
686 2478
936 1481
2560 2666
122 2384
1027 1831
40 397
247 1185
1277 2851
1254 1951
895 1433
547 1624
1634 2102
578 2414
217 2715
182 1143
978 1711
145 1989
475 2764
1600 1640
1215 2316
1416 2215
1388 1989
1726 2428
6 2374
2076 2505
1168 2756
1309 1998
131 2822
964 2448
2334 2994
114 1285
518 2099
232 1159
460 2316
398 2493
263 462
283 2052
1785 2431
2816 2993
725 2180
423 2525
1174 2360
70 88
1093 1467
438 1437
778 2107
879 1976
1233 1374
1465 2768
170 224
256 1818
1006 1296
1022 1215
1197 2199
1413 1678
805 1830
2436 2633
876 1870
1366 1719
1272 2871
1512 2251
1432 2253
657 1149
1032 2989
599 2319
1793 2392
1839 2647
322 1117
1383 2678
603 1922
1727 2572
451 913
2763 2821
1656 2739
1358 2425
1276 2306
375 2915
1526 1775
2031 2925
1453 1600
534 2486
1028 2850
1140 2257
410 767
873 2156
1838 2501
1162 2300
94 2858
417 2127
1761 1955
1765 2489
380 2444
363 2456
403 1074
662 1905
150 664
720 1439
1944 2698
602 1098
1967 2726
1297 2472
2666 2712
583 2359
331 2182
1304 2250
376 1125
1725 1854
1752 2841
2036 2794
78 2905
788 2081
1284 2951
319 1102
229 2725
1859 2533
1317 1767
1393 2813
517 1875
245 2862
111 452
386 1219
185 2702
133 2389
105 2488
1606 2013
1470 2203
1083 1840
590 1258
748 1120
669 2266
1120 2922
1398 2031
172 2701
1351 1793
482 727
165 2212
1484 2217
2757 2899
532 2971
1375 1998
687 2765
385 2965
1580 2573
1034 1179
1633 2249
356 2923
906 2185
1573 1641
753 2020
2104 2871
511 1458
2171 2600
1920 1951
586 1004
1292 1665
213 1341
1116 2026
976 2686
568 2978
44 689
1223 1688
153 2565
2287 2513
1749 2091
619 2404
342 2039
898 915
700 1040
981 2971
2278 2796
2035 2495
1471 1478
1387 2280
1015 2012
86 1831
306 343
603 831
1334 2814
231 358
1914 2282
77 2574
1049 1871
605 2409
2380 2430
2133 2996
490 665
1111 2301
1045 2073
1763 2560
296 1153
498 2150
2300 2922
2089 2746
650 2203
2706 2828
1872 2186
139 2307
310 363
29 408
177 2794
1405 1427
2741 2893
32 716
1270 2106
2256 2601
538 1557
876 2645
1157 1161
919 2504
481 1011
1858 2660
469 568
1780 1790
952 2021
1442 2841
839 1142
16 1105
1878 2238
441 836
105 1632
1399 2699
1395 1570
367 1508
651 1537
1763 2666
1300 2271
293 1534
970 1338
86 1699
1042 1130
563 986
1447 1589
1596 2187
1809 2976
48 221
483 1546
2065 2853
1298 2552
297 510
1098 2013
1226 1513
1432 2779
1844 1850
1443 2427
2814 2861
988 1499
546 2941
2170 2230
354 1046
747 1393
2006 2112
269 1303
190 2539
46 2370
332 1004
689 865
325 1134
1685 1718
2750 2867
1901 2557
1329 1724
1292 2310
1343 1367
684 2550
891 2169
379 1464
394 1131
1159 2128
105 1320
461 2876
442 2105
908 1248
835 1435
241 1937
1610 2383
349 2613
2077 2402
681 1167
809 1576
544 1338
815 960
862 1059
1245 1674
1162 2115
1036 2389
185 218
1012 2225
234 1020
2198 2716
138 1081
1844 1943
1825 1944
2601 2692
1018 1517
127 2348
136 414
39 2095
1568 1657
445 2435
2236 2753
1875 2053
1319 2203
1459 2074
329 963
1525 2143
1246 1811
489 1052
219 1371
562 1916
478 774
213 474
1271 2716
129 2288
219 2326
639 1596
443 1175
1118 2850
98 1448
2095 2946
7 2795
439 1619
1843 2319
660 2197
110 1469
1165 1813
488 1001
726 1166
384 1190
90 2506
359 2027
272 826
707 2422
501 1041
2078 2687
997 2593
1890 2545
1148 1761
724 921
1308 2267
1170 2033
1944 2791
1123 1212
981 2413
2882 2930
1404 2690
772 989
479 1004
2061 2206
661 2594
1063 1922
2364 2826
1311 2162
462 1757
260 2066
900 1059
965 1883
741 1419
2052 2742
1155 2074
416 1714
811 1408
1468 2860
800 2229
577 1022
2351 2555
232 1782
1658 2450
1218 1412
480 1837
529 881
1298 1554
691 2425
1295 1860
1996 2280
1299 1954
820 2270
80 1102
504 1478
87 1399
1122 1743
1611 1897
1013 2123
203 1185
561 1483
74 1937
124 1539
1850 1943
2216 2944
2400 2551
1758 1992
1274 1726
1903 2537
948 1900
21 73
622 2236
1230 2413
2569 2634
895 1709
799 1965
1421 1659
2808 2892
286 596
2807 2982
931 2556
1293 2113
597 2282
1502 2753
620 2835
402 2524
1791 2943
1684 2643
914 1794
325 1590
538 2134
499 802
467 1524
1746 2727
23 2128
2025 2079
2638 2779
431 2740
9 2564
1176 2080
653 1543
1363 1378
75 1773
832 2778
1055 1294
1605 2369
2223 2456
1580 2810
2091 2196
469 984
867 1964
554 2717
1135 2070
1780 1932
140 1439
2593 2846
680 2271
1855 2421
2173 2212
1647 1708
392 592
896 2019
32 2269
262 264
500 1567
1386 2587
973 2030
44 865
1207 1283
2178 2843
2128 2269
174 320
1510 2055
24 882
350 2321
1369 2532
549 1849
1780 1882
744 1956
1486 2834
182 1377
1435 1439
331 2154
445 787
2412 2542
682 2093
1527 2695
89 2153
1822 2652
1693 2570
397 2556
699 1668
2120 2355
2337 2510
1783 2610
1046 2195
39 2883
28 2975
175 1264
1316 2007
370 508
946 1516
1897 2138
273 2346
266 2521
774 2255
808 1136
901 1227
154 2492
464 2156
1731 2140
740 1216
546 736
869 2693
1689 2893
206 638
1866 2025
627 2014
1620 2997
1545 2338
62 2578
779 985
747 1857
1071 2317
2009 2219
69 1315
1452 2940
169 2181
148 487
1578 2165
400 2911
1089 2744
1060 2082
1549 2067
783 1189
285 459
409 2905
1840 2299
268 2459
1179 1501
474 2139
140 2597
1130 2616
114 1233
1637 1973
2436 2797
295 1976
478 2670
830 887
22 94
1530 2788
1210 2159
1354 2038
776 1609
417 2553
290 2547
230 1683
693 988
898 1523
914 1915
492 1977
989 1719
658 2092
1281 2823
1826 2354
556 2386
2068 2328
840 2710
289 2842
564 2785
229 1604
509 2842
1355 1564
623 2327
1628 3000
95 399
1015 2974
263 659
183 2821
1829 2097
153 448
555 2079
803 2991
189 1583
318 1595
1165 2791
338 1789
224 1049
784 2071
1577 2097
551 1032
812 2770
1270 2218
890 1448
1262 2107
831 2130
19 1544
1997 2949
1071 2886
689 718
954 2904
638 2376
104 1788
93 473
484 904
470 2066
396 1701
684 1141
480 561
2169 2968
1856 2581
870 1014
51 2895
1843 2395
1804 2977
2066 2072
990 1771
2327 2723
863 1572
1814 2173
417 1389
830 1137
613 1853
524 2137
152 1242
908 2078
1950 2649
875 2017
2083 2522
536 2865
702 1780
1142 1798
1982 2868
1755 2813
285 302
1587 2196
1690 2831
2197 2655
435 561
1072 1391
525 2097
1123 2931
1497 2023
368 2456
404 2789
268 727
72 248
974 1279
1246 2718
1710 2844
1177 2776
759 931
1878 2024
2502 2549
1393 1885
2371 2517
34 2086
697 2294
1247 1516
1592 1722
1558 1743
832 1089
373 628
157 2010
387 2881
931 1364
1695 2886
605 2293
113 764
792 2545
215 456
1647 1968
1604 1895
1064 2475
2352 2578
661 1279
708 899
592 2346
748 2922
408 2474
1848 2472
1100 2153
1550 2083
1673 2847
339 2700
728 2227
558 2969
91 1467
615 1679
2672 2876
194 1410
346 734
1033 1636
1894 2536
612 1445
142 931
1771 2205
84 2610
908 2919
144 2103
860 1902
1275 2803
1263 2109
787 861
825 2018
814 1121
163 1907
62 1715
216 252
1816 2473
1782 2221
2008 2188
1498 2753
1357 2263
25 1966
1470 2434
1078 1669
201 1475
415 1086
26 1197
227 903
979 2546
2254 2806
1057 2614
26 597
284 1138
1581 2770
758 2473
2058 2144
364 740
393 2726
2514 2726
76 2235
1892 2156
1038 1560
380 2325
996 2085
1769 2465
1532 2184
1963 2760
425 2345
509 1324
943 1680
1895 1981
1605 2264
1846 2181
497 539
1110 2141
2859 2953
292 1234
955 2776
21 2956
478 2329
84 1766
1065 1275
632 1840
197 688
642 701
1711 2390
718 1312
1937 2360
2084 2334
650 2379
609 1921
1308 2440
895 987
448 1049
204 2111
517 2053
1250 1964
1084 2502
480 1863
685 2631
1929 2214
1017 2164
2161 2237
2117 2260
2406 2903
916 2050
1956 2799
392 743
676 2245
2253 2875
210 2845
332 632
1941 2740
287 753
154 1206
1489 2004
1854 2184
668 860
1453 1640
1849 2624
553 1379
1077 2871
545 2852
395 726
269 1686
1987 2497
190 1845
554 1757
250 2393
1454 2532
1704 1758
992 2872
1365 2935
1209 1900
1171 2723
304 361
527 2736
239 1567
8 1302
80 319
1042 2616
693 1499
1877 2762
2211 2491
1003 2751
158 655
2049 2217
86 2324
1371 2326
1166 2118
1586 2392
216 2493
810 1173
35 2677
2160 2735
945 2210
551 2581
170 2194
354 2458
1504 1840
57 666
882 2244
665 860
392 1730
360 998
828 1141
312 2882
2070 2561
1575 2946
240 521
846 1391
1898 1993
1748 1916
1330 2324
376 610
357 1824
1167 2409
1157 1163
810 925
2054 2195
617 2730
543 1915
1805 2353
118 1652
1034 1501
622 2516
1725 2184
289 1479
840 2981
487 889
433 1707
1548 2665
407 1905
1159 1782
1839 2442
826 2482
339 1593
1021 2761
46 2571
501 1496
1068 2405
1233 2045
253 2113
490 2755
2422 2651
119 2774
541 1428
2351 2631
1089 2767
1970 2233
155 1721
1429 1693
132 2857
1112 1564
909 1806
275 2654
1210 2317
782 2781
1983 2820
970 1027
1290 1315
856 2902
215 531
455 1094
750 1514
733 2729
818 1085
7 267
943 1506
938 1205
1426 2143
548 1219
1512 2259
2215 2483
2076 2798
1283 1417
524 2067
1477 1824
71 463
63 2382
960 2637
1462 2854
1392 1737
1400 1590
1555 2511
1991 2656
197 1773
2332 2743
1193 1967
1101 1571
1221 1919
1766 1962
18 2009
1653 2656
215 1324
1121 1737
712 2888
57 154
2547 2822
1179 2553
1289 1935
43 1413
625 2728
2240 2267
668 1902
824 2663
2071 2094
314 1564
677 1762
1284 2482
1423 2929
1282 2641
897 2594
288 576
87 2420
43 1641
1946 2961
333 1239
1401 2057
597 1914
732 2500
668 2122
2443 2914
217 1114
682 2920
1803 2620
560 931
1474 2032
13 1711
700 2901
808 2365
636 708
18 2096
293 1066
1186 1598
168 1387
2660 2890
2675 2805
158 2694
407 2413
415 2559
1795 2289
2201 2774
578 635
1260 1616
116 358
1334 1510
363 951
66 83
412 2082
852 2830
1037 2986
1336 2950
356 1846
975 1267
2637 2963
169 656
301 460
3 1092
1399 2420
879 1481
660 2655
267 2795
618 1037
1149 2924
1390 2041
740 2669
705 1573
1009 1358
346 1644
2455 2934
2566 2588
732 2639
1565 2151
447 2296
1752 2361
381 2032
211 864
2615 2969
1411 1762
1633 2298
2028 2126
928 2322
2111 2823
2323 2896
36 1994
2036 2464
1053 1913
728 926
539 2368
1845 2539
733 735
810 2563
279 429
2010 2447
598 1537
1170 2791
958 2609
88 485
103 1286
659 814
743 1730
1495 2629
1694 1983
645 1223
327 1402
883 2496
2580 2856
527 2913
128 2543
759 1776
1054 1673
8 1082
807 2448
742 1857
1810 2758
291 305
1533 2429
1188 2504
2293 2409
127 389
204 2823
853 1305
1175 2202
423 1340
67 1320
520 717
653 1626
1414 2661
978 2390
471 1363
1637 2170
1293 1878
1449 2023
1505 2204
287 1531
1606 2117
1181 1563
1947 2197
1085 1211
1422 2339
449 1054
2664 2888
65 2306
969 2119
1536 2138
893 1255
774 2224
835 1447
873 1604
852 2295
336 2825
1702 2359
437 556
1520 2833
862 900
2744 2767
1083 2327
478 2784
982 2642
236 1661
1382 1971
1203 1758
1171 1768
16 1765
1754 2349
1369 2098
386 548
1200 2599
947 2924
797 991
747 946
112 1570
737 2817
1433 1541
124 2709
298 1455
2276 2611
2037 2643
555 2025
627 1144
359 966
564 2322
2445 2663
1321 2356
1206 2492
1527 1896
35 1666
521 1983
595 1597
292 2487
1130 2790
796 2699
461 1617
817 2331
780 2811
33 1622
710 2502
446 1471
505 1329
1625 2176
703 1898
1742 2589
949 1532
310 951
2141 2684
941 2045
1028 1118
966 2011
1888 2748
1668 1978
1352 1865
2411 2892
47 1367
202 602
942 1387
74 294
335 2720
1264 2372
427 1903
401 2548
728 1500
1040 2901
1530 2441
246 1096
49 1980
1778 2582
518 745
2954 2974
1689 2741
79 691
1187 1800
1949 2155
56 181
178 1129
349 2662
351 2278
511 616
1280 2432
1029 2572
2845 2902
1620 2373
638 1699
2130 2723
26 2199
604 874
417 1797
342 515
156 1384
1294 1823
2136 2883
903 2970
171 1665
379 1698
838 1050
2183 2568
1505 2729
2115 2300
2234 2939
1700 1720
327 950
858 2014
2074 2961
998 2738
24 761
434 1273
1837 1974
199 624
1995 2294
1365 1879
1423 1885
2362 2451
1183 2536
2535 2642
868 939
667 1016
1047 1762
308 630
1076 2150
2342 2781
856 2845
950 2414
1654 2816
884 1284
606 2757
2154 2182
317 2731
790 2781
1446 2870
20 686
252 1639
1926 2001
613 2800
828 1627
361 629
2719 2894
1376 1434
571 838
1827 1932
1803 2786
1588 1912
778 1262
283 2742
302 2557
278 991
321 1220
1741 2769
1662 2811
2303 2629
124 930
1895 2101
736 2941
1807 1949
1559 2329
751 1618
709 2987
1369 1454
1062 1663
2657 2705
1824 2655
806 1823
1151 1868
994 1881
312 2930
935 2900
960 1269
1811 2718
1947 2177
1030 1441
780 1662
1045 1404
1994 2771
1077 1666
440 2367
2057 2604
872 2464
569 1677
657 2646
1202 1719
764 1201
2490 2520
1227 2568
712 2664
940 1889
2221 2773
1641 2610
2157 2663
2542 2604
52 901
1585 2806
1583 2962
1189 2100
1833 2228
281 293
2477 2634
1313 1939
969 2073
342 777
1961 2000
466 920
1786 2996
444 1899
987 1709
636 899
980 2024
850 2503
493 2661
705 1641
460 731
173 2961
103 2910
1706 1773
587 917
1605 1928
722 2527
3 1621
798 1020
316 1242
1796 2124
431 2998
107 2449
824 2470
917 2832
941 1163
813 2463
892 1682
1062 2985
2570 2642
735 1747
821 1820
1340 2525
42 2608
284 1492
1858 2890
1213 1333
615 2426
479 2831
888 1121
1193 2726
1048 2952
837 1624
2093 2808
618 2986
154 1100
714 2949
2046 2883
255 2060
277 2096
516 1146
1370 2977
91 1370
269 2519
506 621
1530 2775
770 954
796 1117
173 1946
291 1256
603 2800
1374 2787
866 1351
2530 2581
1638 1732
1938 2582
81 2162
2294 2804
1648 2829
2449 2708
65 1276
919 1188
468 2543
1704 1992
888 1079
1822 2586
474 1916
742 1970
294 1108
199 2190
1228 1476
226 297
1887 2158
822 1474
357 1477
365 1755
954 2976
2284 2878
1871 2794
2145 2401
1318 2585
1207 1240
1963 2471
193 1133
8 617
264 623
968 2287
1770 2681
235 944
1002 2607
1250 2455
454 755
1472 2397
182 2916
1687 2060
1570 2766
1332 2315
486 2947
2267 2761
631 2450
659 2723
1991 2865
528 1056
202 1098
1681 2534
379 1947
1277 1671
2506 2691
1265 2305
1436 1751
353 2907
992 2438
1283 2750
753 1531
971 2995
1867 2944
679 1332
129 1147
579 2711
932 1896
1859 2407
237 2949
1909 2805
110 2843
1589 1936
1096 2335
737 906
382 2098
762 2496
902 1874
997 2846
145 1388
228 766
2219 2452
814 1485
843 1728
2265 2986
585 1003
911 1818
410 1711
407 1959
420 447
529 2381
853 1759
245 2889
1664 2620
851 2290
721 1308
2441 2453
333 2284
1883 2610
1184 1827
855 1127
851 1480
650 1049
1559 1777
915 1374
146 2606
254 970
1044 1372
142 560
1342 2896
1092 1621
1448 1681
692 1192
307 1650
2268 2836
995 1068
2393 2583
210 1508
1608 1855
945 1243
912 2834
108 2705
410 2633
896 2932
1370 1804
374 2939
8 1224
1180 1616
50 2625
589 2408
453 2618
1578 1883
599 2642
639 2187
2652 2847
458 2513
1398 2925
276 939
1035 2510
328 2779
1314 2357
504 1995
38 177
611 1634
641 1430
1694 2675
293 2887
703 1993
1303 2348
1300 2413
484 2565
163 411
79 2425
220 615
131 1746
18 277
1535 2021
149 1490
291 1962
733 1747
640 1768
1806 1854
1148 2797
119 575
1401 1893
1753 2347
164 2383
126 1036
1381 2206
276 868
1214 1667
1355 1961
935 2717
650 2628
14 507
2226 2328
940 2580
943 2152
259 2683
976 2695
1070 1488
2729 2828
1873 2147
449 836
309 2356
141 2965
245 336
2145 2218
1491 1860
432 1940
1799 2812
531 614
76 1729
1655 2168
1947 2767
351 456
1274 1762
619 1869
1764 2466
2839 2874
1263 2576
1304 1882
1225 1659
401 2207
908 1760
98 890
179 2923
942 1054
115 2247
256 911
638 2841
1224 2004
102 1526
857 1397
2108 2139
1447 2970
775 1950
2137 2494
280 2045
1954 2396
1736 2392
773 1385
632 2879
1148 1955
544 2528
225 2431
464 2283
1217 2906
1792 2263
62 181
1490 1569
894 971
688 2936
381 1651
543 2446
2407 2533
861 1446
167 669
1192 2338
657 955
1346 1767
1999 2437
14 2376
2384 2712
2353 2632
1538 2077
645 1290
1101 1712
296 1724
1840 2669
205 1831
847 1806
283 626
575 1990
36 2771
2803 2881
1731 2004
1368 1838
1156 1672
715 1600
848 1555
1986 2228
1985 2499
429 2366
910 1953
335 2613
2135 2873
2177 2753
429 1359
944 2063
1108 2899
68 2402
603 1881
1310 2703
933 1873
1023 1810
1139 1823
1389 2544
161 576
1507 2069
547 837
9 2588
505 1348
783 2100
701 1335
96 863
607 2352
775 2649
666 2163
150 1088
1996 2832
161 288
719 1788
774 2022
1237 1971
1156 1248
2530 2600
1386 2333
571 1050
565 1925
1066 2887
637 957
688 722
1097 1971
715 864
2581 2988
412 849
2044 2766
2701 2849
1296 2514
560 856
1151 2780
603 994
859 2933
282 2575
2194 2983
960 2610
1732 2064
766 2554
755 1783
1879 2935
1 262
1587 2423
324 741
1638 2554
1005 2238
428 2126
1664 2900
1521 1650
690 2003
659 1714
783 1979
238 599
608 2387
683 2943
1524 2801
832 2274
11 2078
1000 2056
382 1631
474 2452
12 2002
210 367
938 2220
235 2063
594 2048
1915 2446
1337 1356
30 2299
1175 2204
25 1516
2181 2281
820 1136
1624 2498
1969 2338
475 1884
1344 2551
301 731
1895 2991
1869 2404
242 1096
1172 1700
32 2877
1904 3000
859 2777
2106 2218
2034 2853
224 1128
1749 2196
1906 2642
450 2321
956 1456
237 526
1828 2623
1729 2235
329 1960
1344 2817
1151 1659
3 2384
2710 2726
225 1361
1281 2626
642 2986
1362 2378
1532 2531
1205 2220
697 2804
1547 1673
300 1789
107 1656
2686 2695
1906 2186
1093 2498
309 2171
967 1518
573 672
1686 1830
948 1209
1455 2323
874 1523
497 1684
499 902
696 2857
1842 2457
259 1240
1142 2403
2177 2790
1093 2978
1710 1850
995 2405
1577 1829
323 1057
1660 2035
212 1167
1672 1891
2505 2798
656 1268
2198 2292
334 1772
1766 2577
299 2330
345 2236
82 1911
616 1458
39 2136
2495 2862
779 2331
1987 2549
69 145
241 1180
2484 2734
652 779
2524 2619
1703 1741
1653 1991
2195 2834
136 2282
499 1115
742 1119
321 1463
901 2541
2249 2298
1186 2467
771 2487
643 2562
1427 2605
990 2205
132 696
2369 2921
1060 1842
422 451
2350 2676
1302 1834
427 2537
1005 1917
537 854
2621 2906
1393 2784
380 2795
101 1001
1377 2916
1675 1987
1751 2818
1519 2313
980 1878
1632 2488
435 1483
624 2787
672 2302
1848 2284
793 1866
129 865
425 1134
341 2468
103 1306
31 1216
143 732
961 1707
325 1400
93 2818
424 2562
2259 2439
95 1166
216 346
1221 1799
250 2583
1769 2521
212 2158
1221 2812
1073 1408
2745 2748
685 2351
1598 2467
859 2942
768 2895
1263 2384
642 2264
2262 2715
1128 1638
246 768
761 2164
160 1144
1565 2185
1787 2131
195 2299
371 1796
926 2227
634 1807
247 850
738 1357
2110 2648
416 659
458 2287
1585 2692
251 874
675 1249
950 1443
1826 2880
1654 2993
1688 2308
214 1091
929 974
117 306
843 1432
526 2441
1407 1479
2492 2874
497 2368
472 704
953 2937
383 1170
841 1518
286 2598
23 944
306 931
769 1260
1482 2858
708 2986
600 2640
747 1895
1228 2399
2261 2627
345 1705
1305 1759
644 800
567 1936
570 2603
782 790
1073 1452
1314 2984
1090 2374
1288 2676
1245 2552
1806 2737
404 1222
300 338
1734 2252
2077 2241
1330 1713
2375 2903
59 2608
2488 2558
855 1278
568 984
818 2212
2129 2283
1546 2297
176 1935
1594 2364
1439 1450
266 923
1593 2700
2041 2752
1347 2644
188 777
2175 2320
2342 2766
2200 2360
109 1738
802 902
727 2114
419 1128
239 1356
541 2696
669 2628
347 854
835 1734
464 2129
725 1222
269 2518
2711 2967
1194 2760
582 2696
1141 2550
2046 2348
1851 1939
1158 2301
1342 2323
791 973
1232 2750
481 1252
348 558
2034 2065
667 1945
1666 2677
23 2912
1394 2833
120 1090
2397 2435
748 2305
1652 1784
1930 2073
1182 2410
1051 1312
137 916
266 1779
934 1120
1514 2482
509 2850
1107 1511
1893 2057
2068 2226
242 2335
741 2770
1568 2011
2179 2347
672 847
1104 1951
1735 2493
403 834
72 2089
673 2787
45 1195
494 2592
2777 2827
59 686
1586 2651
2553 2685
340 2142
1574 2540
94 1482
143 842
2652 2990
2122 2475
10 1566
872 1019
811 2890
633 2210
2684 2959
2137 2735
1589 2610
833 1676
1183 1894
151 827
1723 2243
540 2650
2146 2731
566 676
725 2102
2062 2086
86 1436
283 2683
849 2082
478 1109
2077 2248
1941 2335
224 2178
1350 1475
1029 2942
2040 2969
795 1873
183 2763
2140 2330
302 459
2042 2527
1224 1731
1008 2155
754 1652
1862 2501
285 650
1677 1810
2396 2654
781 2186
965 2756
858 2090
640 1171
1800 2014
1979 2914
209 1849
1740 2326
97 630
647 2408
1137 2510
675 1602
1251 1690
2347 2622
702 1649
1570 1952
476 1734
428 1675
660 2748
896 1493
2460 2596
2145 2909
935 1186
382 574
12 1431
155 257
439 756
1002 1717
1301 2898
1411 2005
1705 2236
1324 2842
404 1528
671 2139
1360 2985
92 2689
1213 1326
27 2499
326 1372
2727 2957
130 1622
87 1027
573 2302
488 2107
1245 2938
1786 2942
746 1615
585 2835
433 2463
838 1991
2006 2146
27 1985
1467 1847
377 816
23 952
1000 1422
572 2397
53 704
1017 2660
543 1102
1636 2397
355 2017
33 130
2275 2753
1030 2685
97 2108
912 1486
588 1021
1229 1713
645 1315
2722 2743
2680 2773
514 2190
172 2849
498 1076
1478 1995
99 520
1432 2875
711 2919
1699 2324
525 957
286 352
524 2050
1307 1676
414 2138
1488 2388
144 223
1608 2590
457 2437
944 2661
35 1542
1067 1182
1750 2386
1494 2648
1180 1937
2713 2848
713 1562
670 1736
694 2398
1708 1953
698 1012
2375 2406
1300 2403
628 1697
1952 2873
214 2343
858 2118
1853 2800
515 2039
2403 2828
2391 2640
111 2301
1717 2607
405 1936
453 1540
2182 2936
1561 2992
1001 2434
751 2441
885 2937
73 2956
207 1794
893 1140
2704 2955
2174 2612
271 2365
1504 2669
1286 2910
530 1147
581 1801
472 906
1393 1983
570 678
1240 2683
400 2921
804 2448
2286 2557
373 2403
355 492
2188 2213
1524 1612
557 2058
111 905
2635 2717
56 341
424 1488
2434 2908
137 2050
1934 2018
534 2552
455 574
2279 2797
1716 2889
2059 2285
177 1635
757 1976
937 1082
2295 2830
100 2756
1580 2674
97 308
192 2192
713 1309
598 651
873 2348
1901 2286
62 2667
85 903
1272 1531
492 1257
2254 2843
1322 1733
249 2038
2125 2261
1838 2973
171 1292
2131 2149
519 2086
269 2343
486 1154
1466 2825
707 2964
1396 1462
22 1698
698 2225
824 2258
509 2724
2403 2706
606 2899
140 968
550 682
2207 2548
424 643
680 1300
923 2627
1145 1703
1504 2296
1669 1802
758 2579
1371 2222
1083 1167
1809 2418
1921 2659
2595 2836
1979 2443
268 406
222 1899
1354 1586
1248 1760
10 2272
1349 2991
1702 2853
343 1235
1155 1459
1251 2831
2087 2110
170 2983
69 2251
258 2270
414 1919
1056 2512
1212 2768
352 2167
924 1376
1317 1346
159 2310
15 1129
61 1306
75 1706
293 1004
13 2630
236 1694
281 1880
23 2539
181 454
2028 2844
103 1456
1548 2020
791 2257
553 2863
393 2247
2498 2978
1872 1906
1338 2528
566 2245
1667 2415
934 2811
755 1541
1430 1556
58 2192
654 2119
1357 1792
549 2424
43 45
1874 2367
1206 1545
1014 1774
29 2474
1249 2309
1384 2834
1749 2165
11 1517
379 1409
1204 2719
471 1973
950 1837
1195 1345
1566 1595
1119 1857
1237 1265
947 1522
223 2103
1701 2340
486 538
1208 1677
1535 2043
246 2714
279 1291
1243 2210
523 1552
1973 2170
1022 2316
683 1832
918 1344
833 1205
199 514
1354 1544
724 1168
406 2459
189 1946
1590 2208
604 1511
205 1027
1450 1627
369 1038
43 2835
1437 2927
304 629
1033 2397
763 2777
1799 2545
510 2306
168 942
2012 2974
521 572
274 1273
2897 2915
1164 2311
1911 2954
2325 2444
1008 1150
494 829
749 1145
834 1966
1926 2671
362 877
38 1635
370 533
173 1349
278 797
1325 1814
508 533
472 737
1055 1198
72 2746
1247 1267
864 1947
1500 2222
2284 2790
340 681
1103 2792
318 2088
225 1785
15 64
1438 1820
1746 2957
5 252
1220 1463
238 2319
1194 2048
187 2953
1474 1645
2377 2400
280 941
817 958
746 1931
239 500
1073 2177
1777 2329
690 1924
1039 1682
1545 1969
593 2273
825 1934
1139 1697
1218 1406
44 1553
1493 2019
249 1354
159 1603
862 1182
193 760
318 468
2436 2453
1114 2715
1945 2758
318 337
933 2105
482 2114
2290 2972
791 1525
1498 2430
870 1774
1487 2000
633 1601
1605 2999
390 2075
865 2816
1233 1285
793 2051
831 2036
1940 2567
1815 2297
633 1692
453 2187
385 1273
588 1380
1011 2471
77 1630
1156 2871
157 2447
649 1014
1110 2477
2204 2729
257 1721
222 444
1457 1647
1462 2898
720 1435
200 1456
1069 2526
663 1681
405 567
854 2654
1633 2198
77 2691
663 2534
1469 2964
81 1311
2401 2909
759 1510
2653 2673
1140 1255
1009 2480
1833 2941
1499 2693
650 2581
375 2897
314 1112
649 2747
1672 2401
772 2783
1460 2754
1547 2884
1561 1933
1898 2799
1411 1425
71 1113
84 2577
126 426
175 622
741 2017
2332 2722
1044 2480
271 501
2178 2225
1856 2988
524 1549
867 1121
552 1484
135 859
740 754
2262 2641
2515 2889
1859 1928
763 2827
502 1433
205 2104
1077 2765
108 2657
1239 1415
104 2995
600 2391
1385 2571
473 1614
411 1154
1234 2682
332 1628
483 2297
1134 2345
1019 2464
652 1303
287 1495
769 2419
471 950
1828 2132
756 1619
437 1244
324 1419
235 1696
439 2172
467 2801
1867 2216
289 2168
986 2948
880 2313
1097 1382
584 1143
924 2810
1584 1913
730 2837
610 1125
289 1407
1031 1642
1202 1366
1335 1819
1132 2383
625 2461
818 2173
624 673
1025 1261
19 1791
457 1999
1203 1415
64 184
909 2654
1383 2476
2125 2627
2269 2877
989 2783
99 717
2232 2575
513 1506
178 1587
394 607
56 2468
2911 2921
2056 2133
265 2093
845 2230
2475 2480
493 1414
1172 1720
354 1712
770 2904
1835 2964
620 2214
1285 2515
1298 1781
760 1133
1052 2945
261 1970
1068 1902
1582 1925
673 2641
197 2936
1698 2481
557 2166
1035 2292
843 1191
829 2592
378 1106
589 647
722 2042
166 2658
303 2539
1512 2439
503 2081
2020 2665
121 785
302 598
279 1539
2452 2948
2155 2836
335 1745
362 1424
207 914
1489 1722
577 1646
2497 2549
1184 2375
640 2871
1013 1471
2620 2786
828 1050
1356 1367
1884 2764
434 944
135 1743
966 2027
1385 2449
1643 1959
1691 1880
784 1692
1469 2843
574 1094
641 1556
165 2243
1214 2415
311 1684
399 1166
209 2624
265 2808
734 1644
1745 2720
1905 2304
1238 2389
1846 2281
2268 2595
349 1069
115 393
1780 2342
1109 2059
152 1208
1742 1894
1011 1252
68 1529
1750 2423
580 1358
1078 1802
721 2440
136 1919
1434 2933
826 1602
1832 2943
432 923
2558 2918
807 964
898 1561
1204 2894
826 2351
786 2101
479 586
1543 1626
69 2047
879 936
391 1510
315 1275
1339 2997
181 755
1006 2514
378 2445
716 1323
579 2967
533 1734
634 1949
833 1307
2619 2631
828 1450
350 450
121 2224
1882 2250
1613 1730
1863 2462
815 1269
365 2813
2494 2735
1661 1694
1291 1983
89 1100
2630 2815
1231 1302
2538 2852
26 2493
952 1923
1060 2457
378 1615
1394 2159
29 2102
2204 2378
49 1816
897 2172
86 154
1861 2193
1384 1821
671 1418
1088 2394
1591 1918
991 2365
281 1691
212 1887
2646 2732
812 1581
2692 2806
554 2635
924 1775
424 1673
1379 2863
1361 2337
2336 2892
1274 2428
1328 1965
503 788
709 1321
1553 2590
878 1361
270 1533
619 2800
1075 1786
1150 2116
977 2486
472 2328
744 942
794 1323
216 398
1223 2308
959 1087
828 2485
2273 2479
1792 2784
1740 2371
77 1826
925 1444
551 2989
811 1677
274 434
880 1519
1405 2605
1883 2165
1104 1920
1617 2876
878 2337
876 2357
2213 2707
221 1534
1329 2875
125 512
1402 2432
2509 2558
167 2266
211 715
245 695
720 2847
63 1266
237 714
1376 2866
1885 2956
66 927
641 2099
910 1708
1892 2582
535 1164
2279 2436
2931 2979
1121 1964
31 601
376 1108
671 2713
2573 2674
765 2580
1813 2791
22 2481
2469 2637
1122 1558
1817 2611
977 1948
432 2567
123 508
1754 2023
1835 2525
702 1572
2083 2862
1135 2561
732 2215
655 1262
1204 1662
348 2316
2775 2788
1538 2708
2333 2587
74 1101
1061 2123
1258 1910
164 2215
2357 2984
255 1687
601 1216
530 1737
1061 2344
1210 1866
745 2099
958 1841
2469 2963
972 2355
2069 2668
2317 2489
320 2617
272 1602
549 2160
26 2723
356 1942
116 231
700 2093
23 1005
1106 2445
149 1569
186 1200
430 2658
320 2322
781 827
924 2866
55 1542
227 940
295 757
730 2555
1703 2769
692 1095
871 2432
92 1236
1282 2262
93 1614
2127 2327
1677 2000
1198 1294
828 2220
695 2862
1540 2618
463 1113
1147 2288
852 1616
2740 2998
243 421
1231 1834
1571 2958
1875 2714
739 2110
704 862
1199 2307
2171 2530
180 1320
962 1331
443 2202
1836 1982
795 2147
1123 1757
2257 2672
139 1199
4 1442
2485 2980
1174 2200
1596 2771
420 2296
664 1088
507 907
1045 2690
2167 2416
1275 2749
409 2557
156 1821
631 1658
1436 2818
368 2105
1260 2419
152 316
792 1890
1462 1473
1226 1912
516 675
711 729
1677 2670
1529 2402
2386 2423
1339 1620
887 1137
1325 2878
814 2062
485 1010
1236 1744
254 2754
584 2885
313 1355
51 768
623 2926
271 1041
2000 2311
76 398
1191 1728
929 1279
223 2448
2211 2697
816 2189
1503 1611
2361 2841
270 605
1049 1318
881 2381
813 2809
1968 2280
962 1018
478 2892
258 820
2222 2711
762 883
1129 1587
1173 2563
234 798
486 1369
752 2310
891 2968
805 1686
96 1572
972 2120
442 933
1018 1331
1203 1239
649 2373
468 2254
2520 2851
50 106
1381 2061
360 781
146 1595
2516 2855
1451 2122
248 654
1389 2529
2165 2695
1551 1984
2615 2617
920 2166
1434 2127
196 1356
1472 2501
243 811
582 2782
1932 2912
513 1996
426 1036
2466 2940
1885 2929
801 1318
263 1757
540 922
2370 2571
2015 2108
512 2314
187 2859
688 1489
24 2244
244 2540
1790 1975
2132 2623
726 1735
1381 2603
1739 2714
1879 2057
322 384
2555 2837
848 2953
612 2394
713 2824
143 648
1924 2284
106 2625
201 1350
1214 2382
1297 1848
1313 1851
169 1268
559 581
670 2392
1431 2002
191 1649
45 1345
1675 2126
707 1835
1966 2239
141 385
535 2311
233 1116
723 817
370 2438
256 1803
1535 2008
54 1576
846 1072
694 1136
1178 1547
545 2538
1877 2960
1108 1167
2241 2248
102 1775
1228 2103
82 2954
2084 2994
1177 2552
1651 2784
1935 2813
436 1010
2016 2810
83 886
1683 2179
1332 2507
418 1941
590 1910
188 2508
1660 2882
1113 1201
1290 1490
20 2478
2071 2636
2041 2303
1917 2238
1441 2685
255 411
2208 2503
1143 2885
534 1177
133 1238
648 842
2491 2697
491 2907
1866 2051
1519 2240
52 2541
785 2224
373 1697
1836 2868
1517 2078
487 1028
1352 1808
395 1735
446 1013
1776 2689
1259 2670
614 823
973 2928
230 2179
2277 2566
1579 2523
48 1534
999 1609
14 907
1117 2699
1095 1192
661 897
771 959
666 1576
841 2737
245 788
1841 2609
677 963
1026 1864
1582 2352
945 1982
1544 1791
1607 2451
2442 2647
338 707
47 1343
877 1424
1628 1904
1405 1592
246 419
2349 2417
13 2815
489 2945
1071 1695
1449 1497
552 1010
1871 2820
1554 1781
53 1988
369 1560
248 2119
1740 2517
164 1416
43 620
118 1784
525 637
1550 2522
307 1261
2670 2784
1126 1487
716 794
1364 2318
831 2793
267 2459
1502 2275
1563 2101
1933 2992
1383 1744
1359 2366
841 967
1648 2747
440 1874
506 1496
1281 2032
353 491
127 2913
496 2209
191 702
502 1541
16 1663
2127 2933
246 1128
564 2148
2216 2876
356 804
921 1168
1976 2664
333 2790
617 1591
1420 2015
206 2376
2160 2424
987 1087
377 2189
1733 2363
85 2970
577 1908
983 2434
1716 2515
92 1744
1389 1797
1484 2049
1701 2884
1909 2675
1211 1670
2109 2576
734 972
1232 2867
674 1300
302 1401
2613 2662
1048 1461
304 2865
2145 2292
2072 2874
1026 1195
1494 2341
1341 2193
847 2737
930 2709
839 1798
78 409
387 2803
1111 1158
1712 2458
1910 2603
657 2776
1419 1810
123 1552
30 1999
1115 1373
522 1616
1229 1330
982 2535
676 2411
1557 2134
438 2927
1234 2864
643 2496
1551 2385
1903 2361
738 1306
2564 2588
646 2566
835 1589
376 2857
999 1426
1090 2529
1673 1753
1783 2453
2099 2663
215 351
2465 2521
1348 2327
1447 2906
17 2748
2253 2952
389 1613
657 2364
932 1527
1451 2291
1720 2480
1124 1613
117 343
892 2656
107 2739
2460 2652
407 1230
147 674
344 595
303 2373
2030 2928
135 1058
1138 1492
541 1126
2044 2342
1064 2480
844 2378
313 2162
744 2799
859 1058
665 2755
1607 2193
1386 1765
54 809
388 927
336 1466
1522 2924
1297 1915
848 2511
37 2178
352 2416
1978 2810
465 2267
320 1871
1126 1428
2762 2960
1010 2581
1396 1473
2358 2421
1091 2343
1127 1278
1599 2484
975 1247
546 1088
607 1131
1219 2392
2191 2679
1507 2668
679 2507
1745 2385
270 2429
1976 2908
934 1301
1868 2780
644 2229
321 2217
569 1208
313 1961
413 2891
675 1146
116 382
91 1847
646 2277
608 786
1647 2280
2032 2626
246 465
786 2387
327 1762
789 1770
387 2279
2784 2912
963 1960
765 2856
1440 2714
128 2869
1271 2198
773 2146
678 2603
593 2479
1149 1738
2048 2915
526 1671
2210 2735
635 2414
330 2601
559 643
1288 2350
1603 1795
871 1808
821 1438
1461 2952
550 2920
1031 2519
200 956
2682 2864
374 2234
1712 1965
2840 2923
298 1460
2275 2418
34 2215
581 1266
1469 2363
2009 2452
2377 2551
484 1043
1301 1621
881 1921
166 430
522 1886
1319 1470
1299 2396
355 875
626 1316
187 2220
928 1099
536 2260
1085 1670
1594 2826
652 985
1582 2578
621 1496
433 961
109 1149
750 2482
893 1840
468 2029
1152 2246
1390 2752
383 2033
120 1080
564 2176
452 905
1254 2774
1059 2337
2776 2945
1805 2632
1418 2175
307 1025
1595 2606
372 1063
2553 2975
671 2848
772 877
557 2144
885 1767
1603 2289
1928 2860
1026 1241
1625 2602
1823 2080
104 719
704 1988
1083 1108
1347 1623
2433 2673
1997 2684
1181 2101
2318 2688
1615 1931
717 2203
1287 2222
351 1995
2000 2854
1287 1500
707 853
1235 2075
2141 2242
1227 2183
442 819
6 1115
1418 2320
218 2702
1046 2054
1046 2002
1143 1363
2237 2591
922 2650
91 2317
559 1801
220 2986
413 2761
803 1349
2013 2117
119 1298
1538 2449
519 675
2471 2760
587 2832
1575 2095
749 2687
1253 1947
789 2711
1829 2923
1353 2214
1455 1460
580 1009
687 1077
2174 2426
2490 2851
759 2689
213 2139
1347 1841
2161 2591
1000 2339
1403 1591
1230 2353
778 2728
2454 2646
1381 2797
605 1227
502 653
658 1876
381 1513
2008 2043
1680 2152
2426 2612
339 1251
477 869
2094 2636
739 2087
844 1362
1542 2315
337 342
441 449
415 1007
456 2892
738 1884
594 2663
418 2759
828 990
1222 2180
288 1385
528 640
2820 2821
138 819
2221 2680
411 1907
96 451
1067 2410
2463 2809
240 572
100 965
2148 2785
1160 2489
261 2233
1085 1406
1021 1380
1495 2303
622 1410
1642 2519
1154 2947
165 1723
1984 2385
1974 2222
151 781
1295 1805
366 959
1405 2169
315 2792
1972 2168
1420 2108
299 2140
626 2007
807 2137
134 2112
1948 2486
1787 2149
227 1889
127 2046
694 2483
2733 2796
1612 2652
1199 1899
1178 2884
1260 1379
1833 1986
1123 2979
806 1139
1778 1938
123 523
131 2544
1 264
729 2919
480 1974
303 649
1222 2718
2543 2869
496 1086
1927 2460
1327 2485
1780 1975
50 1748
935 1664
343 2536
2 2191
147 198
1023 2758
983 2908
2278 2733
1678 1852
159 752
1145 2687
125 2314
1814 2878
1646 1908
1212 1465
1393 2820
108 1397
511 2204
1410 1629
2449 2846
552 1288
332 2879
1425 2005
1815 2950
898 1374
1406 1412
2454 2732
1599 2734
1888 2745
34 2708
892 1039
1571 2121
877 2366
462 2925
208 1082
1083 2165
1065 2749
822 1645
35 2011
2267 2307
1153 1724
1283 1480
41 2772
1611 1958
1435 1605
6 1373
2509 2918
1487 2854
1226 1588
2703 2724
1413 1852
1029 1727
2001 2671
1361 2591
112 1395
1403 1918
2090 2118
377 2210
366 1087
560 644
110 1317
609 2659
120 542
323 2614
30 195
1049 2794
290 2819
383 2284
260 470
591 1385
326 1044
2798 2948
495 642
572 2122
888 2172
1326 1333
1397 1509
789 2681
1764 2940
1049 2403
421 811
2379 2628
1169 1561
2188 2707
874 2671
322 1190
2374 2529
894 2995
1515 2080
1681 2336
2473 2579
498 2919
90 2691
1329 1348
1808 1865
2736 2913
389 1124
1513 1651
1309 1375
2016 2838
1503 1958
1079 2172
850 1947
368 2223
585 2751
799 1328
2056 2996
1099 2322
391 2055
609 1602
1643 2721
784 2663
532 981
2 2236
1755 2647
2369 2999
604 1107
1150 2132
661 922
979 1169
723 2331
777 2508
596 1083
17 1579
477 2693
1870 2645
1754 2417
718 1051
162 1843
939 2088
309 1321
1685 2359
2176 2602
2547 2819
192 910
1923 2021
17 2523
1303 2518
65 1085
2144 2389
2418 2976
428 522
970 2754
1249 2917
1468 1928
196 1337
1756 2427
1408 1452
948 1172
1295 1491
198 674
701 1819
563 2948
1638 2064
753 2517
1138 2240
810 1604
608 823
97 2490
495 2955
1521 2404
635 2418
2405 2526
762 930
1422 2655
493 1414
2022 2107
904 2537
1497 2023
439 756
151 2878
2564 2588
2677 2915
430 1260
872 2368
1500 2222
1270 2204
2348 2603
91 2429
1698 1731
68 2872
1265 1500
541 1121
793 2729
935 1533
434 2997
125 775
136 2302
144 2103
685 2631
1217 1691
50 802
1561 2986
954 2586
538 1000
101 1987
1205 2119
52 528
247 1950
1211 2392
653 2481
2374 2868
17 2742
532 690
1719 2303
378 1106
586 2126
601 2898
876 2645
1131 2480
1809 2278
1071 1146
492 2956
1000 1069
525 1634
402 1203
847 2402
28 2975
1066 2061
1536 2138
375 2049
496 2755
1790 2394
946 2393
1301 1773
1035 2292
2105 2537
698 2183
650 728
923 1779
1671 2317
743 1662
1177 2552
743 1052
2907 2993
18 2096
1185 1385
158 385
19 1791
1314 2230
827 1808
1717 2665
1930 2822
709 2987
483 2489
555 2569
600 2482
393 2834
1423 1885
2509 2950
1234 2390
1484 2049
1911 2452
2041 2752
1668 2145
652 2223
606 2757
168 996
1929 2567
1223 2308
544 1415
1859 2039
276 939
12 742
1417 1788
648 842
1342 2896
2130 2723
387 2803
1301 2184
292 672
1724 1903
600 2391
236 1689
1407 1479
1576 1657
2637 2963
1858 2890
1502 2275
671 2848
17 1579
1193 1762
924 1376
859 2465
142 1099
1209 2726
232 1159
218 2702
1408 2930
36 2771
2850 2928
2056 2133
2143 2360
391 1510
713 1666
312 692
1660 2495
196 1271
1670 2548
2279 2302
1691 2061
169 257
1074 1564
1474 2804
1033 1143
1646 1908
1778 2161
554 2717
964 2448
73 1910
604 1107
974 2108
1019 2261
1042 1130
2304 2326
647 2781
884 2622
1043 2689
1785 2648
417 2731
100 2756
54 473
683 2998
976 2695
1290 2642
1530 2788
525 2762
1061 1492
1194 2847
1566 1929
611 2344
827 943
1920 2167
657 1900
64 184
1609 2033
2670 2784
2453 2610
1614 1828
697 1733
1320 1761
590 1554
329 1831
898 1374
22 1079
359 1985
771 1524
285 2236
1523 2211
1019 1300
1434 2127
145 1388
292 2192
416 2246
95 1166
1472 2501
994 2782
71 463
2418 2746
855 1798
1802 2149
2581 2749
444 2982
342 515
2454 2732
1281 1715
1958 2700
1525 2703
1570 1653
821 1425
609 1995
866 1946
978 1382
1223 1807
72 2290
2138 2174
1924 2690
777 1965
1753 2622
1121 1189
1388 1647
120 353
729 1502
1723 2243
1934 1999
2065 2853
964 1150
3 986
1026 2653
833 1307
1536 1897
667 1275
1504 1840
1559 2571
933 949
2479 2894
15 184
516 2879
1809 2976
129 1147
1536 1897
75 2940
1981 2173
1814 2175
119 2674
147 1953
608 1205
2756 2833
203 891
1566 2686
524 1549
2148 2785
1867 2211
1680 2183
2644 2885
1933 2310
1642 2891
1675 2640
1841 2518
448 2565
386 2917
682 921
2171 2369
2456 2850
1121 1238
544 2528
1223 2308
1844 2588
1572 1621
2127 2933
58 192
2673 2861
1412 2488
258 1569
724 921
940 1336
51 2822
348 2410
253 826
665 2863
673 1821
656 2204
876 1986
891 2169
1763 2301
1618 2536
1006 1708
560 2067
1391 2969
964 2448
906 1038
695 2862
983 2849
1761 1955
188 713
62 1555
1124 2254
141 1584
1559 2213
1325 2274
2638 2806
864 2682
1666 2677
2384 2712
815 1269
1754 2417
172 2660
1182 1863
248 1875
1561 1983
114 1233
2192 2313
1313 2688
1424 1652
667 744
814 952
1955 2571
1935 2067
333 2790
324 2201
32 2269
1454 2676
812 1894
195 2299
1344 2175
54 1261
373 1697
305 382
59 2028
26 1648
823 2583
1449 2023
1060 1876
1498 2430
2412 2479
737 2254
395 2759
775 1150
1924 2003
339 1412
352 2416
1732 2064
1973 2170
1373 1860
1063 1175
680 2271
603 1232
186 294
1249 2780
1468 1928
495 767
624 1935
1357 2332
1565 2151
1610 2464
131 1367
1112 2386
1952 2316
318 1398
963 1876
41 1259
91 1275
798 2184
1726 1798
1071 2087
863 1740
563 2891
1417 1588
544 1265
1967 2119
62 651
1229 1507
66 927
619 2678
1139 1823
1669 1802
884 2951
1295 1344
897 2594
1327 2485
16 1105
177 1940
1497 2023
1588 1912
1592 2286
189 2962
2337 2532
1790 2924
442 2665
47 1456
1685 1812
150 2772
559 1154
262 1987
777 1130
1382 2946
683 1958
312 758
1029 2572
772 989
769 2412
104 150
964 1078
1090 2529
1940 2108
2056 2613
689 1082
608 2405
543 2446
101 830
304 629
2047 2251
1692 2428
1365 1879
121 2224
6 1648
2618 2906
780 1162
218 745
375 1882
134 1656
157 2010
1178 1547
1035 1132
231 378
2232 2566
1094 2288
717 945
215 683
1527 2929
316 1799
952 1122
1664 2681
526 1277
2371 2517
850 2208
2619 2656
693 2123
2099 2374
444 2470
768 1157
45 1486
763 1004
36 2898
1396 1649
716 2488
1134 2518
754 2780
972 2355
1382 2857
2781 2925
254 970
1435 2158
134 844
734 1644
324 2843
709 1863
685 2511
1235 1585
1662 2811
774 2022
152 316
980 1244
1502 2156
207 2234
1571 1817
1071 1695
1747 1904
2063 2437
569 1239
452 1847
504 2171
2559 2964
339 2635
2076 2798
633 1601
566 582
1137 1492
1725 1854
167 1725
1077 1983
2160 2424
1419 2023
862 1967
1841 2609
1568 2698
451 472
1440 2709
926 963
1167 2581
1489 2991
1229 1713
702 2434
1646 2609
1078 1312
1755 2102
1104 1920
2392 2803
1791 2707
227 1889
1503 2828
345 488
101 2072
1280 1759
1109 2059
300 2456
348 2442
345 1048
826 2855
501 2799
49 2274
751 2441
1312 2387
1624 2201
2106 2218
2346 2530
1903 2162
677 1047
143 2776
754 2323
2261 2627
110 1469
139 1128
432 2567
1764 2546
575 2352
1926 2001
318 2362
1642 2362
410 1653
2164 2419
966 2027
1246 2509
131 2668
602 1904
561 2350
16 1630
487 1615
128 2749
1704 2631
1449 2062
651 2881
1200 1894
995 2591
1173 2532
55 1542
1048 1168
203 2613
28 2975
1026 1100
1789 2822
638 744
520 547
1777 2478
72 1094
1336 1900
347 2586
1338 2149
713 2094
112 1395
1609 2579
18 719
550 1640
1324 2966
453 2568
1624 2074
2438 2670
2434 2908
756 2419
2386 2423
924 2866
633 1130
957 2427
2380 2991
1987 2549
2403 2828
1640 2465
805 1830
2506 2961
1210 2688
47 1343
13 2815
1318 2526
175 1274
17 1579
1379 2313
1360 2985
578 1152
2224 2966
510 1233
166 2658
255 2445
1060 2386
312 2699
352 2488
1568 2728
406 1042
2727 2786
931 1039
1137 1182
390 2731
922 2851
363 951
1194 2048
1391 1402
1651 2027
372 2830
1442 2924
622 2448
1940 2553
1195 2167
459 2244
1099 1816
942 1089
517 2094
947 1987
621 2754
1155 2446
55 956
2725 2932
1558 2443
1000 2339
124 796
619 1903
2426 2863
939 2462
858 2118
877 1424
1847 2455
1432 2730
1061 1802
84 1215
1779 1913
799 1965
1239 2844
228 959
564 2148
803 1305
1445 2886
2653 2673
1329 2393
1689 2177
654 1082
436 1979
2072 2216
1568 2816
470 1032
139 2307
2489 2616
841 967
703 1898
2044 2766
724 803
560 1997
388 464
970 2982
914 1322
1504 1860
542 1271
290 2529
95 2189
2362 2597
1461 1768
149 2839
11 602
676 802
955 1238
73 1415
508 1287
304 1319
524 2282
65 1568
121 1120
1593 2075
203 2610
147 2884
489 1052
1255 2463
1228 1250
2558 2918
1516 2592
1444 2892
418 1632
2676 2919
1067 2704
2050 2131
966 1720
188 1697
745 2099
460 1776
1549 2110
1512 2439
253 2675
1269 1602
100 1716
5 2050
995 1599
1990 2852
252 2755
1999 2783
708 899
2386 2423
1281 1314
1688 2835
741 1333
710 1069
1572 1856
1572 2128
128 2481
585 2751
1069 2526
1548 2366
215 2969
110 2085
1508 1943
818 2212
917 1838
2260 2865
713 2396
684 2550
2088 2641
760 1513
10 2995
327 1402
1894 2536
517 958
861 1446
1459 2225
995 2707
1485 2062
2323 2521
353 2134
1879 2038
597 2067
212 1641
325 649
35 291
715 1540
272 826
102 2554
1140 1255
135 859
1304 1882
512 2314
1106 1349
1502 2753
1390 2451
2317 2958
2413 2435
678 2117
1901 2286
1769 2270
169 1268
1604 1981
1678 2985
1590 1721
1826 2880
23 912
2347 2462
1233 1285
194 2733
561 1144
1237 2872
154 2492
644 1124
281 1691
558 1441
638 2339
435 1399
910 1708
366 1831
1140 1255
1007 2958
225 1541
579 2711
86 2324
619 1869
724 1168
188 1917
543 1085
1580 2301
2105 2937
348 1675
1631 2185
1281 2553
807 1053
580 1900
42 2362
1857 2443
1144 2858
2095 2380
680 1300
1263 1989
836 2950
2462 2838
261 2789
1163 2734
580 1246
412 537
2226 2328
591 933
1726 2072
614 2267
1606 2565
501 1422
704 1988
226 2752
126 1887
1618 1878
713 2824
1112 1564
774 1325
1389 2431
1121 1655
581 2538
676 2080
2478 2763
700 1040
725 1222
544 644
307 2687
1941 2759
1083 1927
1545 2690
1703 1957
734 1927
1353 2459
267 2503
480 2798
1883 2165
41 1414
1111 1752
1839 2442
2355 2651
2420 2944
1250 2449
485 2235
1162 2115
407 1230
496 2256
1641 2508
282 1193
217 1187
299 2200
1138 1427
403 2954
427 2471
778 1628
1156 1672
1000 2233
333 2790
514 609
497 685
1555 1831
989 1693
977 1277
131 2544
344 363
681 2142
748 2242
46 1212
1047 1912
783 1597
1182 1982
373 2665
34 873
320 407
191 2187
616 1721
1029 2402
2137 2309
243 421
2890 2968
685 1815
1596 1803
255 2229
221 1066
746 1453
2398 2659
2573 2674
2498 2899
1089 2057
9 2564
1340 1901
2373 2972
27 2654
2132 2623
1023 2345
1163 2513
202 1098
301 1152
599 1712
738 1306
252 1356
1592 1722
23 2128
1023 1810
294 1867
1407 1479
779 1980
514 1774
1242 1873
947 2787
1909 2825
2436 2866
1056 2723
1030 2525
1327 2640
2498 2978
516 675
1073 1408
14 411
1380 2265
2273 2479
1141 2550
907 1872
2444 2768
933 2685
2775 2986
137 916
681 1569
1386 1495
187 436
803 1349
1334 1620
402 434
650 2768
780 1662
2133 2609
123 1010
453 1302
484 1974
893 1903
868 1699
977 1735
1442 1696
2666 2824
2818 2951
1208 2291
224 2387
937 2172
749 2687
2621 2906
236 1511
358 1353
1940 2587
607 2269
1709 2572
1054 1747
1488 2388
826 1803
331 2182
668 2294
1491 2882
2646 2732
1598 2684
1628 2658
1773 2819
865 2480
1293 2113
602 1462
157 984
293 1851
186 2599
1030 1273
627 1943
242 1096
148 2044
150 2509
331 2091
2159 2496
1353 2202
1339 1620
854 1805
1096 2592
919 2940
1168 1379
2602 2771
690 2667
1278 1436
2029 2862
1378 2406
396 2922
1814 1962
987 2364
1005 2428
1209 1720
416 1093
959 1087
185 2590
815 2435
431 1938
1816 1980
724 2171
1861 1893
1867 2216
144 2103
1452 2039
720 1435
856 2237
1632 2559
407 2970
315 2676
1279 2162
138 627
1618 2971
2630 2815
1861 2666
174 489
105 646
194 2262
375 2705
1295 1491
1200 2599
822 1474
79 691
587 828
1573 1641
1025 1831
347 1280
1478 1669
2001 2671
1224 2371
461 2876
459 2670
202 1248
1208 1677
583 2359
162 671
2344 2444
2228 2286
970 1115
272 2238
1046 2267
633 1692
1005 1023
401 2411
268 2336
544 644
1364 2626
2657 2929
2185 2873
246 419
1724 2691
208 937
651 1859
2784 2878
2209 2391
146 1006
1346 1767
25 2239
2052 2742
1282 2271
755 2626
470 2066
347 537
1067 1182
522 1886
1654 2816
425 2137
1015 1679
64 424
1266 1880
1353 1929
46 2192
838 2242
704 1019
2294 2812
1020 1930
1769 2474
2426 2696
932 1527
698 1797
399 893
334 1263
228 766
1058 2338
887 2446
1218 1406
854 2535
1039 1965
784 2157
1054 1673
382 2143
1250 2934
418 1941
2211 2491
1165 1550
11 1517
106 560
855 1278
711 1644
1183 2774
2504 2722
1991 2385
2584 2608
1413 1678
2339 2526
754 2484
1281 1928
929 1279
2777 2827
877 2261
638 675
698 2174
1035 1045
1065 1475
1285 1746
891 1051
2384 2712
324 588
1429 2354
550 815
1977 2161
1080 1355
922 968
599 2195
482 2114
341 608
1316 1825
514 2747
705 823
2515 2889
1530 1795
1036 2826
711 2349
1449 1503
1240 2683
1158 2367
2123 2389
1276 2354
335 2680
503 1544
1560 2784
176 850
302 459
797 2821
144 2103
1321 2960
1793 2950
2453 2610
982 1767
77 1362
115 671
353 491
2325 2444
515 1862
54 1477
1137 2419
2554 2910
1020 1755
1232 2621
1150 2116
953 1379
1292 2722
1282 2720
2374 2738
683 2346
1284 1416
226 510
1059 1392
1612 1961
452 2640
356 2913
163 388
2546 2907
317 2028
1756 2427
1328 1457
285 2021
242 2059
697 2294
2655 2981
306 409
32 2735
952 2793
553 574
811 989
861 1091
840 859
436 2516
1574 2270
193 2289
281 1691
1485 2313
2 420
612 1890
1009 1240
689 1104
290 890
272 1465
1442 2423
195 2739
129 2288
591 1385
1490 2901
1500 2144
530 1092
441 449
231 1021
1772 2966
223 2261
347 1189
727 2830
1427 1436
1742 2494
418 588
668 2275
281 1717
2439 2631
286 1830
597 1914
457 1999
1042 1130
1175 1719
146 2570
434 1273
267 2673
118 1784
1235 2143
704 1634
30 2411
982 1232
1409 2396
2004 2829
919 1243
145 2267
618 1037
1410 1729
124 2795
795 2026
209 1951
582 1221
322 1205
992 2872
1673 2142
869 2198
188 2448
1521 2640
991 1431
483 2888
862 1059
2628 2813
952 2466
1253 1901
2311 2331
934 1301
1007 1559
1031 1642
131 1125
699 2967
423 2601
2260 2279
419 1582
1527 2728
284 1285
1226 1588
1649 1675
891 1724
410 877
1590 2239
2575 2908
2494 2897
320 1319
1428 2986
1021 2139
420 1982
606 2899
1471 1637
1900 2376
229 2696
94 2558
462 1603
2101 2449
360 2064
582 2696
827 1112
312 562
470 2066
2081 2325
620 2412
353 491
792 2386
83 2716
962 1710
1250 2429
1009 2660
1360 1447
279 770
693 988
798 1585
2696 2799
451 593
756 1619
1970 2446
966 2027
509 1324
1016 1596
452 2737
126 544
1273 2286
1468 1983
2515 2889
2346 2789
721 2440
545 1812
519 2086
312 2930
1523 2161
261 841
2140 2861
1695 2886
2241 2248
1631 2840
160 615
1730 2204
793 1866
58 453
129 2288
944 2604
265 408
346 1644
1607 1704
466 1483
283 1958
1764 2460
397 2184
841 1313
437 1691
588 2834
387 2489
2204 2381
1686 1830
1231 1408
726 1783
516 2782
300 726
1250 2469
228 1679
1344 2862
1479 2354
2108 2232
1717 2932
784 1321
1689 2893
2545 2750
33 1622
2490 2522
763 2053
2384 2712
438 1645
188 727
1488 2533
730 2649
1517 1673
293 2473
501 2026
216 2672
1124 2435
2183 2568
2183 2568
499 902
6 2806
1770 2122
470 2066
699 891
229 2768
582 2696
355 1988
166 1915
1253 2177
1031 1544
833 2115
1642 1888
96 2795
2005 2123
2099 2139
1703 2769
156 218
1361 2337
211 715
1938 2783
177 1662
443 1669
227 940
80 319
2116 2319
1676 2879
2744 2942
679 985
545 2867
1618 2720
1898 2645
1532 2948
1244 2937
1947 2296
2485 2980
1450 1627
1818 2678
1039 1412
1608 2192
492 2910
8 617
251 1523
1983 2949
14 1185
2239 2784
403 2946
2075 2552
1769 2296
1221 1867
498 1617
349 2341
266 569
1057 2580
1786 2942
337 2191
14 2106
821 908
1657 2011
2211 2491
990 1771
139 1199
1967 2053
1659 2492
855 1127
191 585
841 1518
580 1358
79 2425
1858 2042
595 1368
2496 2958
1188 2504
1618 2709
563 2136
958 2609
1771 2030
1063 1922
1353 1929
719 1893
2429 2481
690 713
97 2834
571 1919
341 2261
507 2022
470 2809
797 991
856 1779
277 2113
352 1442
395 2309
964 2446
1479 1631
1366 1923
40 2084
400 2921
256 1000
1086 1287
295 1067
696 2857
553 2863
109 2427
690 1924
876 1870
119 2280
1151 2780
1579 2523
1231 1302
97 1277
98 2245
415 1609
344 1597
1593 2866
1614 2355
200 1470
685 1230
140 503
2191 2384
556 852
1253 2424
1586 2108
1363 1378
1422 2949
366 405
401 1449
1227 2469
613 1853
31 601
2054 2195
410 2633
1952 2315
1625 2726
24 2244
924 2866
1231 2541
1387 2766
1663 2317
809 1359
731 986
1283 1286
2174 2636
482 1496
1209 1900
804 2747
1418 2175
117 343
2000 2473
392 1685
653 2818
290 2819
975 1344
203 2333
677 1047
1030 2685
2036 2793
747 1516
857 2931
1243 1873
1836 2842
691 1293
591 2780
240 1545
162 2395
2013 2481
2010 2844
1307 2828
461 1452
774 1476
169 2492
846 1346
1173 2666
2314 2706
198 371
2301 2736
750 1782
1969 2594
929 1470
282 2744
196 2441
2350 2676
688 1132
1490 2092
903 2352
1249 2926
301 773
525 2027
1939 2090
545 771
2276 2611
1380 2066
1043 2102
1531 1973
2663 2842
946 1633
2340 2697
1395 1570
47 1751
1808 2515
1175 2667
99 200
2033 2302
322 384
468 1688
1201 2622
1091 1698
178 1587
614 1440
2548 2625
969 1092
170 2871
1952 2873
965 2331
2667 2988
2840 2923
136 414
1300 2271
1662 1974
1984 2815
1567 1945
1918 1959
240 572
1633 2738
1776 2514
335 2231
1509 1740
380 1356
792 1509
1389 1901
1049 1871
1711 2390
982 2348
227 1908
445 787
961 2794
413 2761
1520 1790
2657 2943
960 2276
818 1776
325 2204
104 1893
40 397
373 1823
1167 2956
208 2761
2 2679
844 2378
850 2519
751 2970
526 2235
924 2812
764 2900
1170 2033
1106 2793
821 2885
1595 2868
808 1245
1656 2013
1309 1998
771 1693
1869 2118
665 1488
2096 2469
1566 2824
587 1387
374 2784
2043 2378
1114 2897
2093 2692
1559 2906
371 872
1213 1333
82 2954
364 1197
428 2475
793 2935
885 1472
594 2304
1109 2059
761 1087
1426 2668
209 1849
418 2478
924 2728
1201 2444
722 2677
427 920
62 1427
184 1995
1287 2314
1344 2817
83 2418
500 1635
567 1628
1553 2020
1630 2441
1360 2956
105 1004
635 2962
1443 2319
68 1312
2063 2930
1059 2204
740 1082
810 1142
897 2689
315 2792
378 2605
317 2731
172 2701
1628 2770
2197 2655
1257 1938
837 2132
1615 2191
2203 2976
817 2331
547 1624
774 1321
72 2746
235 466
1725 2883
1713 2878
802 1655
602 1098
2207 2881
146 2851
1551 1768
207 1794
1357 1824
371 1796
915 2025
929 1309
283 463
546 2799
222 444
1200 2136
147 198
776 2111
175 1264
2056 2996
1651 2207
2185 2767
2347 2660
1071 2886
438 1437
1332 2154
760 1736
240 664
1560 2738
158 1594
2774 2860
583 1702
216 2903
2109 2576
1236 2759
588 1380
444 1008
121 125
1276 2244
2122 2467
103 284
843 2623
980 2024
1595 2606
60 1198
2149 2884
1323 2249
123 1474
843 1924
599 2808
1173 2072
1418 2012
1944 2994
2621 2906
505 1364
1756 2427
2193 2687
1466 1667
772 2211
1015 1335
2375 2406
1224 2655
860 1902
819 1081
365 1028
880 1614
1729 2930
62 898
1841 2867
322 368
143 648
2329 2441
2292 2691
1704 1758
928 1099
359 630
1733 2363
248 2545
232 1159
1046 2182
2516 2973
1645 2468
657 955
1783 2610
526 2234
2219 2890
40 146
79 633
1365 2655
1182 1725
1046 2924
2579 2996
691 1286
2294 2541
1846 2181
2391 2647
625 2728
75 107
712 919
1165 1196
1301 2903
1815 2950
2306 2866
1030 2534
2135 2732
1870 2515
1406 2900
181 755
452 1518
1760 2653
2110 2621
831 1990
1378 2314
67 1320
867 1964
1044 1372
457 1242
2164 2325
788 2894
751 1866
898 1166
589 2298
1191 1728
256 2809
42 845
56 341
33 2654
2215 2584
265 2919
332 2808
767 2024
399 1295
623 633
691 2414
67 1885
1357 1785
761 2164
1561 2550
340 2489
761 1019
1147 2331
731 1136
412 1976
1665 2216
1376 1656
805 1830
1991 2504
972 2811
22 1033
655 2694
1146 2067
225 2431
2304 2573
840 1713
518 745
1335 1819
241 1608
572 1195
65 1225
893 1140
850 2170
596 1573
798 2673
436 954
239 2805
1191 1728
1717 2987
1175 2180
145 2026
2182 2442
2095 2946
1859 2342
1611 2255
2019 2613
634 1949
2208 2937
605 1804
1386 2587
134 2443
877 1356
593 2240
1876 2529
17 2701
1972 2991
2628 2706
1438 1820
2440 2833
671 682
1132 1415
32 2269
399 2742
20 628
1168 1564
1572 2433
2443 2656
133 1285
2505 2798
264 673
269 1321
1422 2339
1022 1657
429 787
2654 2747
241 1141
444 2221
434 2485
2627 2765
1611 2607
915 1124
1083 1108
892 2291
695 2862
64 184
703 2425
994 1809
1194 2440
1714 2856
1704 1992
1213 1748
1647 2280
2429 2597
2323 2896
2331 2769
1440 2406
4 2619
300 338
251 1523
876 2852
25 2903
1564 1649
1348 2343
258 820
2190 2802
493 2321
1152 2436
687 2733
730 2828
932 2168
41 2227
1411 1747
179 2117
183 2443
102 2895
793 2810
180 1263
362 440
22 1057
2593 2846
410 1649
723 1528
2650 2683
812 2834
1976 1994
995 1068
158 655
1436 2588
917 2832
106 2847
432 1270
1943 2324
1228 1734
369 1038
592 1391
1323 1573
1475 2739
638 2202
656 2889
2239 2279
256 2925
81 830
316 2507
1466 2825
266 2661
1120 1417
1043 2425
1966 2188
1421 2570
432 758
217 2715
1519 1847
208 2515
605 2520
2357 2984
627 1144
991 1455
687 2875
500 787
1275 2749
2048 2377
171 2666
774 1474
634 1949
1074 1672
1236 1299
495 1810
253 544
976 2695
1965 2480
1496 2164
2010 2910
217 2715
221 1096
1384 1786
795 2903
401 2548
312 1866
270 1533
109 305
1486 2834
518 2873
137 1773
434 1273
214 545
1836 2014
1154 2127
830 887
357 1477
2261 2627
1231 1557
69 498
423 1813
825 2385
1111 2717
578 1401
1482 2318
734 946
37 472
190 2869
1537 2791
621 1496
245 2655
39 2136
865 1208
428 1780
1314 2984
1233 2259
2300 2397
977 2269
1360 2704
2313 2941
790 1536
105 2488
2385 2991
1148 1761
277 1721
484 2459
2476 2678
892 2355
1032 1883
121 1456
509 1832
1231 1302
1452 2445
1785 2418
1155 2482
581 681
1530 2788
874 1999
628 2748
677 2503
721 2440
1137 2415
942 2702
655 2449
2096 2240
1821 1986
144 2103
1348 2999
1914 2282
36 1325
1168 2067
88 1095
386 1529
1785 1998
1444 2231
381 2640
463 1244
1029 1425
2329 2697
729 2919
143 257
280 1827
2109 2425
403 1602
1194 2577
840 2710
992 2231
245 612
1186 2502
381 1651
989 1749
1327 1688
2361 2841
2623 2872
884 1889
378 1667
66 1256
65 2034
1668 1978
1719 1889
2257 2526
469 2176
1075 1786
596 2598
2101 2116
337 437
1193 1967
231 824
420 1770
402 2619
766 776
944 1569
2309 2789
961 2290
112 2630
1671 2040
1998 2408
201 1305
1136 1249
645 1875
1398 2629
779 934
134 728
58 2192
1171 2957
99 1152
376 610
991 1768
1664 2900
2430 2608
1098 2222
757 2408
750 2111
968 2865
2482 2863
617 1493
798 1575
899 1707
1438 1820
602 2970
292 1614
54 809
1596 2137
460 731
114 1970
1149 1813
789 1471
1963 2471
1357 1976
1787 2040
1498 1888
675 1102
597 2289
261 708
1508 2607
2505 2798
553 1934
1508 2647
1909 2156
2021 2216
1415 2433
1374 1625
415 2559
822 2351
1280 2432
1668 2827
269 2360
117 358
2306 2763
2246 2693
1661 1734
496 2209
259 2965
362 2002
1743 2607
1162 2297
1033 2485
2271 2967
787 2363
1406 1412
362 1345
1291 1631
943 2635
19 2501
915 1374
38 2624
314 2458
409 2721
568 2983
2237 2563
539 2368
2256 2601
1401 1893
1907 2227
2032 2626
2053 2152
753 2225
332 1397
152 1686
2836 2851
380 1417
1009 1649
1692 1896
1080 2044
1082 1553
1778 2077
164 2215
1159 1631
1094 2251
254 486
1330 1837
238 599
1909 2675
75 528
875 1734
943 2466
2061 2992
282 2144
1412 2719
1684 1965
1878 2261
716 1984
977 2455
353 2907
1135 2070
2167 2867
1536 1897
794 1903
1703 1816
1400 2311
1099 1262
1134 2580
1772 2520
380 553
170 2690
2082 2547
867 2218
1563 2769
581 2607
1551 1984
116 2354
878 2337
660 2431
2431 2732
772 2783
1829 2097
69 521
860 1902
720 1435
938 1503
324 1446
1107 2007
120 542
1193 2393
2011 2364
1116 2026
1555 1610
2444 2935
462 1409
2308 2312
783 1510
286 2598
267 515
324 1101
156 894
1822 2085
1865 2898
652 2054
486 2529
1782 2415
1421 1659
1251 2675
2371 2517
2509 2852
1496 2911
1119 2080
1623 2406
641 2692
1048 2659
1806 2737
341 1151
1161 1163
418 2590
540 1929
749 2210
1489 1722
1968 2619
224 1111
124 2452
824 2258
764 1062
115 2247
1804 2688
199 1295
2376 2898
2357 2984
313 1459
1877 2439
374 752
145 1989
669 2624
1324 2842
1104 2290
1755 2258
133 2114
408 1741
660 2172
1175 2202
340 822
552 2316
470 2777
900 2656
1284 2118
1047 1762
313 1159
1150 1579
673 1880
494 2016
65 200
141 2154
387 2881
1014 1533
702 841
1212 2768
1933 2992
110 1567
948 2172
467 586
1646 2017
1367 1918
514 2190
1642 2608
565 2584
2181 2886
718 2563
826 1602
62 540
1186 2031
2551 2718
474 2139
1872 2102
643 1535
1505 2074
321 427
1704 1992
1129 2004
87 1125
1095 1192
366 2031
48 795
1887 2158
1538 2708
171 1864
656 2548
77 1791
1967 2457
1123 2979
1183 1894
1269 2015
520 758
1140 1668
1135 1911
2275 2804
787 1835
346 2654
1820 2202
740 754
267 2432
509 1192
94 2858
594 2200
1080 1088
269 280
176 1919
384 2699
447 2296
544 2528
1949 2810
1340 1511
204 777
286 2218
2491 2654
1778 2076
2514 2675
33 1219
1223 2498
1772 2973
2070 2438
1780 1790
361 1016
175 1843
426 1705
2258 2993
1257 2788
826 1446
608 1311
2175 2320
753 2305
1263 2109
2862 2913
395 1662
1055 2941
961 1707
1809 2317
787 1157
20 2392
2165 2580
1345 1486
1917 2238
223 1774
1200 2527
609 2948
1240 2683
509 2585
315 1569
83 1957
109 2759
1581 2249
1889 2602
94 2359
530 1711
746 1615
1342 2877
407 2768
290 1961
1196 2987
546 2941
1562 2824
605 2293
2455 2942
63 1013
80 1102
366 1087
1536 2148
2010 2554
795 1137
1040 2107
342 1648
1448 2480
1381 2206
1225 1659
1141 2280
201 1056
1157 2197
885 2962
1370 2977
1253 1947
121 1601
2126 2627
136 2119
543 1377
29 408
588 1543
1436 2251
120 1666
496 998
1903 2269
47 491
1980 2673
647 2408
1257 2052
1257 2585
53 1568
858 2118
438 2479
28 2722
51 1454
877 1569
380 930
1883 2348
1431 2910
1580 2573
539 2233
904 2602
2440 2674
1218 1406
2307 2499
1720 2662
1851 2266
1105 2651
1293 2113
394 2432
754 1785
1382 2067
220 1743
275 2654
2873 2942
1174 2200
615 1176
110 139
1554 1655
718 1225
2741 2893
557 784
422 913
1637 2938
28 42
903 1998
530 2022
82 2544
840 2028
1403 1720
1694 2539
1111 1158
2317 2647
687 741
1714 2578
675 2975
657 2776
1628 2336
1184 1932
858 1881
1318 2618
1923 2921
430 2658
1135 2070
506 1154
1829 2097
2746 2904
2044 2342
774 933
1584 1828
200 2812
686 2022
1522 2771
77 2574
1221 2240
602 1098
1779 2169
377 2189
1344 1389
988 2566
783 2972
1325 2485
1035 2292
1203 1542
1291 1539
2170 2283
228 1062
831 1546
801 1887
22 66
677 1956
74 1032
1150 2226
2684 2959
728 2227
2807 2810
999 1594
88 2145
199 274
1838 2202
325 2537
1402 1950
2242 2397
297 1390
268 970
1106 2445
834 1442
190 959
258 358
987 2455
1089 2767
29 2230
170 2103
781 2838
405 2520
389 1613
170 2353
61 524
2403 2828
783 1347
556 1296
588 1380
256 911
1520 2928
102 1797
1269 1741
812 2587
1014 1774
959 1087
660 2202
119 441
102 1447
1857 2413
196 1337
1560 2339
1121 1311
492 613
960 1710
334 1663
1792 2263
532 2971
175 2741
1089 2744
965 2167
2034 2863
761 1088
1934 2398
791 2257
1541 2233
1732 2567
2069 2668
995 1709
904 2395
2 186
97 1380
933 2612
2586 2895
2249 2298
723 2358
768 1567
2045 2570
624 1439
1762 2542
898 1921
38 2121
1868 2465
28 2553
1215 2856
61 1373
2036 2791
893 2321
980 1878
748 2922
15 473
2650 2816
446 1471
1457 2322
1515 2184
287 2116
165 2321
1651 1880
683 2209
1346 2543
1961 2516
328 2638
2868 2918
2092 2432
1778 1938
15 865
1584 2838
736 1135
121 2224
476 1355
893 2392
670 1164
795 1925
894 971
845 2638
82 2954
2403 2828
494 1854
1371 2031
2407 2533
2078 2810
746 1251
438 1085
514 2190
78 2933
2292 2510
45 664
1264 2372
1120 1629
309 2769
17 975
1813 2105
1927 2460
1485 2396
819 1081
2613 2662
593 2641
285 1968
1191 1728
1218 2188
20 2478
40 1157
965 1798
1281 1938
1674 2832
1680 2674
487 1661
987 1534
1688 2308
1952 2523
2557 2612
1926 2222
1443 2427
316 2419
458 1180
460 2987
1332 2254
881 1187
652 2043
1248 1760
1772 2838
2109 2355
255 1559
210 1440
1310 1468
1075 1786
988 1364
829 1501
647 1908
694 2398
265 2808
450 2372
1698 1911
1215 2335
2743 2861
1495 1822
1177 1829
2591 2713
971 1397
559 581
1612 2251
1449 1497
1048 1101
373 2575
369 1038
1358 1854
1869 2424
733 1747
1920 2954
613 935
1177 2552
164 982
483 2297
1326 1333
226 2009
731 869
482 1279
1143 2885
466 2153
765 2024
395 726
630 732
751 2219
689 865
969 2015
1281 2736
1698 2995
1483 2059
1105 1822
2350 2676
2386 2423
1435 1862
917 2308
363 713
2123 2344
2686 2695
36 1124
2107 2773
850 2185
705 2899
945 1001
249 1981
1417 2795
1041 1790
441 2310
1016 1945
1244 2551
2047 2251
947 1064
1665 1766
220 1679
1661 2717
1064 2480
774 2227
697 1463
417 1500
725 1474
209 1505
1633 1636
512 752
2303 2476
1405 1427
1143 2322
951 2576
1431 2755
764 1453
1888 2612
982 2295
1612 1738
2151 2702
1129 2430
1972 2238
638 1485
303 2373
592 810
1946 2961
2523 2565
27 2863
1015 2012
1298 2828
1089 2767
485 1721
1214 1667
18 1124
481 2293
1020 1331
947 1503
393 656
995 1706
1741 2769
1736 2924
491 682
1533 2429
453 2800
507 2206
2638 2779
990 1771
2180 2465
1079 2172
1006 2514
920 2166
2606 2633
1270 2197
2525 2674
1554 2032
560 970
807 2448
2901 2943
740 1341
1085 1670
2408 2514
1722 2253
469 1763
247 2286
175 1759
2228 2865
1089 2199
239 1567
1952 2873
2760 2888
1799 2073
2104 2858
30 771
639 2187
586 2542
567 786
957 1648
1894 2471
437 2198
647 1340
429 2152
87 2857
556 1244
1323 2415
1945 2544
1270 2023
998 1728
135 1302
1510 1718
1494 2478
2322 2502
1824 2848
516 1146
1433 2320
632 2879
1068 2225
2608 2780
591 1784
1137 1165
1825 2825
1198 2918
1873 2147
1289 1919
1153 2728
235 1047
2321 2485
1142 1250
405 567
399 2649
347 2664
1589 2877
72 2115
1236 2974
727 2611
599 1002
374 2234
1203 1341
1997 2684
522 2729
722 2505
782 1922
379 903
98 992
1420 2015
40 393
550 999
2751 2991
181 1115
2485 2777
1905 2304
544 2450
1719 1800
1614 1629
650 2740
1976 2635
837 1795
1274 1451
660 2197
1069 1417
1289 1818
2635 2717
956 2302
18 1636
958 1841
928 1631
235 1117
2674 2743
57 1185
1620 2872
2163 2884
233 414
62 264
375 2163
2273 2479
844 2461
299 2330
1722 2834
743 2601
1666 2753
992 1501
211 1297
119 1230
608 1002
1392 2852
1148 1955
2267 2578
706 2941
472 1522
493 2661
216 370
984 1886
1265 1796
718 1174
1094 2843
1456 2565
327 1533
51 2552
2007 2193
2363 2806
950 2237
338 1198
1498 2380
1075 1205
215 593
1072 1355
488 1001
394 1131
1487 2854
469 1099
383 2033
1351 2542
1574 2066
1402 1787
470 1631
1901 2286
2711 2907
34 2873
62 2135
604 1511
2116 2937
2495 2878
1395 1584
436 2942
1939 2597
409 1038
494 829
2897 2915
1703 1741
68 2402
1315 2298
1504 2590
845 1671
131 2593
551 2989
2217 2945
178 1204
1711 2601
191 2755
425 1205
873 2916
2077 2896
1089 2744
456 761
1130 2616
1042 1088
1758 2973
1570 1862
600 1958
689 865
100 2410
297 1205
2237 2419
2058 2650
618 2871
697 2443
1141 2933
822 2093
783 2492
725 1251
974 1589
833 2469
710 1084
141 855
314 409
774 2022
2683 2734
554 777
1299 2870
379 1785
184 2337
2042 2388
1401 2487
78 2194
247 1090
449 1524
687 2263
15 40
1147 2288
512 1191
197 2471
326 1812
1508 2194
1884 2074
343 2777
1706 1881
1444 2808
998 1367
1811 2277
1900 2296
445 787
1847 2780
697 2694
58 1603
394 2679
100 2080
1055 1198
469 2948
668 860
1482 2858
1148 2727
529 2381
874 2805
2109 2991
845 1462
2158 2603
87 1879
200 1819
995 1550
2651 2687
298 1455
70 2845
1780 1919
196 1937
710 2997
715 1414
1273 2512
144 223
1096 1985
333 2119
1745 2643
1766 2536
868 2175
627 1144
1356 2588
814 1895
2273 2451
579 2967
802 2948
823 2538
457 1324
2140 2498
808 1891
972 1306
75 1772
497 644
1382 2284
2225 2521
352 2002
1467 1811
495 1237
718 1312
1476 2867
883 895
13 2623
169 570
2080 2171
986 2948
543 1915
1628 2646
1434 2526
1578 2897
882 2244
627 805
905 2965
2072 2874
2211 2697
2177 2454
1529 2442
1666 1677
1637 1973
1052 1287
336 2441
74 2235
566 1426
952 2991
1306 2478
535 548
29 408
143 714
408 2474
777 1783
930 2360
404 1299
1013 1444
2115 2300
1533 2429
413 1895
672 924
875 2017
1732 2248
297 1392
2173 2212
637 823
812 2379
1240 2683
16 2716
952 1923
2701 2944
268 1949
779 1571
1275 2867
968 2597
1979 2914
1678 1852
1605 2369
274 1445
2401 2909
314 712
710 1502
539 1702
98 890
531 2365
709 1833
918 2489
1884 2764
803 1349
1231 2284
1054 2847
132 1450
93 2947
664 1829
372 1406
2001 2671
1281 1897
2624 2967
2090 2118
717 2777
315 1103
258 705
1111 2731
1494 1730
1537 2000
348 2249
1409 1736
2458 2632
417 1684
441 836
2305 2694
322 1567
1434 1889
705 2012
146 1595
555 2025
95 1421
1731 2004
945 2210
639 1962
2104 2762
1579 1936
91 1800
1825 2698
1355 2483
1374 1898
190 2539
17 694
962 2565
229 2725
678 1882
2826 2933
670 2335
129 1429
1465 1720
117 1868
805 2138
110 1469
2289 2943
566 1857
2484 2734
909 2409
1593 2519
311 771
946 1281
43 620
2427 2642
750 1369
2449 2722
525 720
690 1561
797 2287
229 2727
501 1041
1226 1588
449 897
1994 2771
155 1721
416 1954
315 1103
1261 2450
1625 2176
105 1632
2220 2805
1871 2794
125 1636
329 963
455 1564
1031 1652
1321 2356
319 2117
504 2004
1731 2290
2013 2189
856 1522
1270 2106
1738 2232
1769 2058
420 1401
685 1777
603 1230
1196 1405
1246 1276
828 2198
533 1346
1890 2545
396 2682
106 227
162 2395
1050 1409
352 2416
598 828
941 2045
12 30
673 2787
155 2631
407 441
1326 2453
23 1368
68 2870
1518 2409
199 2403
45 1850
511 1458
1214 2681
668 2587
2221 2823
1894 2536
473 2220
111 1828
2746 2774
547 1067
1328 2486
963 1094
774 2814
932 1896
1545 1904
798 2511
688 798
271 1384
1364 1378
94 1467
1697 1836
1193 2726
124 1508
1453 1826
554 2635
707 1190
861 1446
452 905
636 902
2200 2360
610 1720
1693 2570
651 1537
261 1970
1063 2966
1740 1775
1355 1371
285 1625
1681 2026
236 474
1444 1784
746 1842
2403 2828
763 2112
95 1092
460 2448
634 1087
1106 1745
267 2387
338 813
2137 2494
455 2915
209 1006
1462 1473
181 755
958 2609
383 1170
359 2962
466 2428
1571 2121
1371 2333
2328 2790
663 1681
315 2213
246 900
2369 2999
137 2050
1131 1341
1066 1960
1307 1676
1502 2937
337 2088
2077 2689
394 2794
2456 2804
1078 1732
117 1663
1206 2533
1201 2275
2764 2889
1173 1639
99 717
1907 2242
1301 2898
1216 2579
652 779
487 2975
2504 2662
5 670
508 2574
1186 2382
2611 2841
974 2693
1929 2214
316 1288
1079 2042
976 2639
235 779
513 2974
1799 2064
789 2305
2489 2543
5 1089
442 2506
2459 2470
254 970
1992 2352
46 2384
1453 1600
2375 2903
2670 2784
981 2971
882 911
868 2983
2453 2853
639 990
356 804
1376 2735
1816 2302
1019 2464
737 2504
405 2487
568 1572
103 610
72 2945
1073 1457
296 1229
401 2430
1468 1917
1982 2868
1427 2483
118 2513
120 1080
1736 2204
1090 2710
375 2624
682 2920
413 472
231 483
1202 1310
1780 2844
1280 2890
664 2161
12 2241
2350 2676
1059 2453
280 2381
556 2172
506 1670
741 1419
473 2193
7 96
56 341
860 2463
2204 2729
1465 2768
1269 1757
623 2753
1918 2690
808 2884
2820 2989
2507 2841
444 1032
2201 2694
1305 1853
1349 1445
1240 2965
970 2317
925 2231
1818 2738
1582 2313
465 2043
784 922
2073 2980
570 851
2066 2457
173 2621
955 2776
419 1964
44 865
48 1435
763 2827
1292 1665
162 693
215 1675
432 1666
259 1107
476 1200
605 2106
1131 2507
773 2648
902 972
1842 2865
708 951
587 2415
412 2082
313 1384
1313 1939
2193 2837
482 727
86 2324
1026 2183
1775 2985
934 1263
2511 2598
214 1091
2130 2723
689 2779
261 1264
619 1560
334 1772
98 546
75 1704
493 1403
2284 2790
7 1487
681 2142
117 592
497 539
391 2685
689 1991
1172 1700
1367 1924
919 1701
1573 2249
1537 2282
1220 2567
325 1400
481 1715
235 2346
693 2489
252 2405
865 1962
843 2795
1330 2646
781 827
2888 2908
1488 2388
77 912
1099 2492
45 102
2842 2915
419 1605
1295 1860
1510 1913
523 991
1666 1690
1403 1591
141 896
1215 2134
680 1504
1108 1920
112 682
1465 1808
675 804
967 1403
408 2699
623 1187
175 463
610 2901
919 1640
1079 2172
103 1809
121 833
704 2920
2096 2533
967 1039
1571 2258
150 2485
1603 1795
794 1669
186 2919
752 2226
560 931
690 2003
231 358
397 765
940 1469
122 663
1930 2803
1270 1334
1497 2023
2197 2846
1365 2304
2580 2856
650 2106
1166 1852
587 2116
588 1021
1861 2492
33 2080
1270 2106
1783 2610
604 2099
493 1705
961 1973
425 2929
54 2499
1260 2764
1262 2520
395 2651
695 2631
941 1929
1693 2570
1258 1973
1522 2956
972 1567
1351 2297
1015 2117
159 2310
234 2213
617 1039
190 2602
2239 2803
817 1275
1628 1748
706 1510
2428 2715
341 672
556 2591
1660 1890
813 2463
218 1630
3 2768
51 1605
65 1839
1683 2179
1848 2886
1368 2576
2428 2618
1981 2775
1627 2687
78 2413
1336 2575
1941 2750
707 2414
298 1460
75 1773
372 450
814 1485
1829 2097
2069 2668
1197 1528
738 2700
1482 2787
203 206
1869 2115
1277 1671
626 2551
923 2421
1512 2012
116 2102
1026 2705
818 2267
1502 1628
1113 2982
242 2335
620 1366
258 528
1 264
1636 2397
1479 1632
1420 1800
821 2972
109 1149
112 1395
967 1530
466 677
1230 2017
142 936
225 1785
88 2622
293 1334
2476 2678
337 463
1061 2123
574 1094
148 889
543 677
56 2468
385 1638
916 2050
2234 2991
1967 2946
1510 2549
1557 2134
1354 1664
2458 2788
1959 2721
292 2487
1254 2462
761 2170
56 1866
1331 1525
428 2184
1122 2508
4 2061
713 1936
1157 2699
1630 2574
2490 2520
1520 2959
1 2012
1555 2519
1429 1693
1194 2151
804 2020
2651 2815
25 1212
1355 1961
1985 2499
297 2842
97 2706
2094 2145
1582 2578
978 1711
960 1042
110 893
2679 2849
328 2561
258 2270
334 1891
1468 2860
920 2842
45 1195
235 1930
1490 2778
661 958
1022 2316
893 1406
499 569
324 659
2750 2867
1135 2998
2288 2708
1203 2107
2588 2834
728 959
483 1546
1710 2028
1264 1631
1342 2413
900 1059
392 1730
586 2100
1572 2606
1091 2343
1847 1879
1054 1521
2520 2833
25 475
1076 1572
769 1825
1046 2508
2173 2747
385 902
1853 2800
737 2261
1103 1667
128 394
1071 2938
1657 2223
1383 2141
546 1957
514 1329
1992 2707
1436 1751
1352 2879
498 1268
167 2141
443 454
1888 2748
13 1392
1366 2397
380 2444
1216 1822
254 1870
290 2819
289 1479
208 967
1130 2466
459 1372
1076 1754
966 1802
780 2811
1587 1752
157 1117
1995 2325
656 1070
122 350
235 2063
2278 3000
1349 2798
501 1041
355 2017
250 2983
351 2561
1560 2257
716 2258
43 97
2926 2936
949 2457
317 1322
491 2972
144 1511
493 857
2154 2751
34 648
1136 1467
868 2047
427 933
415 2001
603 994
580 1009
2703 2724
110 1928
1138 1425
345 1867
1080 1626
1826 2838
156 1821
1085 1670
1143 2885
372 2843
707 2605
1787 2131
635 2635
1674 2904
111 452
1326 2909
87 2166
757 1107
717 795
1076 2786
304 2026
213 2439
225 378
2034 2494
814 2174
1038 2443
1065 1275
325 1166
463 2282
208 2571
1052 1280
1073 2544
475 2294
2169 2785
1101 2798
1254 1300
128 2043
507 1911
975 1757
688 2936
442 933
848 2905
1924 2917
251 1523
1268 2580
112 1780
7 270
698 2669
1259 2772
517 995
312 854
950 1697
177 1801
592 1978
103 644
502 1018
582 710
1539 2599
730 2122
996 2204
962 1408
2208 2503
906 2348
430 2895
2099 2245
1055 1294
1849 2623
619 2404
1545 2338
609 915
1373 2353
252 1407
697 981
399 1447
887 1450
1136 1769
1753 2338
1304 1882
590 1258
2171 2530
1890 2545
634 2648
1432 2551
1154 2356
406 2459
1978 2854
1784 2591
1022 1841
486 1646
1875 2053
63 1194
143 237
1094 2152
1000 2977
379 963
541 1126
2367 2758
108 2657
841 2324
2110 2181
412 2607
883 2937
692 892
1292 1665
1430 1749
1912 2813
1103 1164
190 1815
165 1430
265 511
1053 1226
2024 2279
181 2021
507 724
241 668
118 223
502 1980
1645 2552
339 1593
1002 1083
2382 2983
27 2812
1206 2185
1136 1144
233 1523
493 2661
917 2864
1453 1763
1396 1871
1729 1893
1597 2062
598 1096
2399 2686
1178 1900
1512 2735
257 939
1108 1167
1298 2720
116 2457
206 2481
2167 2716
1781 2977
815 960
1294 2532
586 2184
1837 1974
879 2560
1928 2164
990 2127
1421 1659
1893 1961
1522 2924
2112 2281
1258 2536
743 1730
128 1687
1522 1621
12 264
1737 1854
263 774
95 399
1629 2444
2745 2874
739 2110
1359 2231
313 1355
2239 2755
1626 2792
95 2464
1077 2428
845 1425
169 1268
127 2692
1753 2558
278 555
2721 2777
1369 2139
1459 2946
1532 2777
558 1296
451 2832
211 1126
1761 1982
1118 2881
2261 2727
498 2667
558 993
239 500
675 1146
773 1812
951 1860
390 874
2335 2372
1 1701
674 2044
79 691
2336 2411
1889 2850
2116 2426
816 1382
298 1326
292 1357
525 957
1091 2908
738 1795
1285 2062
389 1469
854 979
938 2848
1904 2577
1282 2641
1752 2841
249 754
1714 1759
1573 1641
1209 1284
642 2549
672 2302
1368 2018
579 1628
173 1166
798 1619
1429 2623
1731 2069
1822 2066
1207 1283
3 2538
1455 1826
987 2619
95 1166
114 1285
508 2995
551 1587
1856 2197
1316 1805
1663 2021
1314 1837
1377 2916
91 136
951 2813
627 2175
2599 2832
1921 2659
2259 2439
245 2862
622 2855
2109 2744
1348 2990
1032 2328
2374 2529
1953 2658
974 1637
248 2119
154 1086
1466 1787
49 2207
1788 2931
2054 2416
477 869
843 1191
1319 1693
681 2948
2292 2890
107 2605
1997 2865
342 515
2401 2878
155 1204
545 2852
239 778
347 2006
371 1796
1060 2457
247 1839
714 2949
1494 2751
985 2519
1953 2550
877 2145
31 601
878 1045
342 2707
296 1227
672 1585
211 546
952 1161
832 2644
237 269
455 854
1138 1834
1246 1811
815 1933
380 2749
536 1355
1913 2577
1858 2890
828 1698
410 872
1171 1768
563 1070
1791 2542
217 1961
299 2330
455 2293
2061 2187
1729 2235
402 2641
1689 2667
518 2969
141 2709
1652 2823
853 1305
1652 2381
1119 2769
485 1121
2403 2706
1142 2244
2606 2898
15 287
59 2608
706 843
1191 1192
279 1250
1422 2529
687 1995
2146 2714
706 1586
2405 2581
2077 2494
1135 2202
852 2295
871 2351
795 929
1059 1233
289 2320
524 2067
2090 2556
2305 2371
728 2527
909 969
2676 2854
525 1099
41 1259
2625 2971
280 1748
833 1307
49 179
724 1965
507 1389
2 2919
195 2891
658 1565
997 2593
922 1573
815 1843
1785 2431
986 2948
1271 2709
1874 2367
2146 2731
1138 1677
1068 2405
349 1783
14 907
671 2013
2016 2879
599 1295
554 2604
26 2255
1457 2124
1156 1210
1400 2656
2238 2336
1871 2493
1201 1208
381 1842
2221 2680
158 888
2036 2793
1899 2350
1548 1896
1700 2132
2391 2787
2457 2788
323 1707
909 2234
966 1844
234 1020
1702 2857
544 714
1522 2924
878 1361
170 535
595 846
660 2967
865 2083
1339 2526
1461 1527
548 1975
37 224
2131 2592
1128 1794
127 993
1848 2911
417 1444
1725 2184
1606 1779
623 2926
703 1691
1311 2987
19 2928
1709 2175
312 2930
498 1735
2120 2355
1055 1294
1020 2666
420 1395
1844 2087
1119 1857
1210 1501
945 1243
1330 1713
2765 2975
635 2414
1098 1131
490 2755
1844 1850
640 1156
553 903
894 971
231 2517
477 2147
891 1045
2103 2922
1032 2012
865 925
411 2139
1647 2280
1079 2769
1408 2652
156 2334
1354 2607
1828 2844
109 2995
2031 2890
996 2085
273 592
2682 2864
1558 2474
2061 2206
454 2149
439 1616
919 1188
1794 2113
906 2439
1022 2385
2839 2874
480 1837
233 2032
666 2722
475 2173
273 592
1446 1927
921 1977
742 2922
1222 2975
619 1869
975 1559
902 1137
566 2589
304 2560
862 2451
185 825
1067 2410
925 2864
660 1811
1568 1657
2744 2767
733 1203
876 2739
236 1717
1540 2618
859 1058
911 961
1253 2177
342 2626
61 738
2491 2999
343 703
48 221
863 1572
1073 1408
400 2978
577 808
541 2929
1828 2623
90 574
596 1669
2795 2906
1927 2460
1103 2431
1145 1187
133 1811
1867 2944
767 1495
1 432
2237 2911
1196 2987
468 1840
738 2950
315 2635
154 1206
330 2256
368 2785
1069 2526
1352 1808
2148 2643
1758 1992
1447 1457
864 1015
463 1023
289 1479
35 907
309 1306
725 1470
1321 2331
2465 2789
1231 1834
179 2923
1288 1936
1382 2564
619 2084
1297 1848
1647 2145
492 2195
364 853
1628 2368
220 741
911 1189
972 1789
188 777
805 1140
1618 1986
1426 1525
223 282
1742 2637
1728 1772
2859 2862
38 1568
1515 2951
681 2424
976 1270
1336 2950
375 2915
699 2130
1101 2753
821 1438
1089 2015
620 1353
924 1376
2368 2734
209 1798
260 1333
2086 2702
1535 2008
309 2356
306 2119
1687 1908
497 539
1855 2711
937 1608
1049 2023
25 1966
570 663
785 2398
8 2730
507 2440
37 2770
808 1590
126 2202
1678 2563
512 1513
1377 2354
835 1315
1012 1133
1593 2170
922 1289
972 2844
518 745
865 1020
1001 2310
81 854
1846 2727
156 393
314 1564
1042 1880
782 2574
1970 2258
736 2774
613 1597
1259 1609
1551 2248
809 1679
237 2949
444 858
1096 2360
469 716
2216 2293
1827 1932
1188 2504
490 765
939 2805
1044 2921
1210 2159
2400 2659
2722 2979
1744 1887
306 1453
606 2614
1325 2503
1119 2717
1752 2361
1667 2508
1006 1296
503 1556
1569 2771
2732 2969
1033 2590
669 1912
625 1954
2054 2939
350 2321
221 2294
129 2197
49 2337
684 2550
2784 2853
1346 1432
2055 2721
874 1819
647 2408
1499 1967
1388 1897
683 1593
73 1541
2202 2639
38 1635
1114 2250
838 2661
488 1001
406 1742
56 544
1146 1907
2231 2972
1471 2177
1048 2215
1423 2529
897 1966
491 706
1405 2605
810 2563
2344 2967
1189 1820
490 665
791 2257
90 2506
252 2545
1060 1842
1238 2792
596 1891
116 869
1612 2947
1374 2026
60 565
1993 2471
2763 2821
808 2365
783 1148
872 1661
1666 2500
2000 2854
1994 2932
256 1835
970 2640
2005 2778
1135 2561
994 1713
970 2574
1591 2116
505 1765
1765 2584
620 2835
704 2135
577 2217
847 1650
1583 2404
650 2628
1245 2105
1268 2718
479 2492
1453 2815
1554 2131
378 2922
2009 2219
2140 2330
529 1939
38 1685
1170 2204
2265 2955
298 2122
35 262
453 2995
128 1303
650 2326
303 1925
1890 2293
1434 1742
516 1404
1408 2431
1738 1902
972 2355
970 2888
1341 2193
655 2694
1035 1367
1758 2189
1825 1944
2037 2462
30 2299
63 2382
2419 2476
453 622
410 2633
2087 2110
874 1561
863 1572
951 2504
174 1257
945 2863
344 664
239 2428
1281 1711
2109 2792
792 2026
982 2535
2687 2949
2012 2362
169 2157
1176 1963
115 2377
371 2124
1672 1891
203 1311
157 2880
1252 2126
2436 2488
2628 2792
2593 2846
1030 2167
111 2888
1722 1920
27 1882
598 2371
1793 2278
1350 2861
776 2994
680 1300
808 2869
616 1562
2204 2729
247 2560
279 857
160 519
1225 2008
66 2148
165 2179
1530 2792
1420 1501
1278 2281
1401 2239
173 1946
733 1747
394 1131
1756 2427
70 2205
661 704
1884 1961
384 1182
1176 2746
748 1120
50 106
382 2098
282 2587
2466 2940
1259 1610
1386 2333
888 1779
231 1862
1851 1939
169 311
1859 2533
452 1822
1163 2227
2514 2947
1000 1925
1006 2514
279 2471
888 2443
1695 2980
936 1172
973 1802
1625 2067
436 971
390 2397
1301 2898
1810 2261
115 393
2197 2800
1646 2734
2360 2751
1409 1747
355 2927
2412 2542
2271 2276
1229 1365
43 2537
841 1518
1642 2519
626 730
1363 1441
887 1137
1172 1720
546 990
632 1083
2215 2457
1475 2878
1154 2947
1216 1631
168 2888
1901 2829
695 2816
792 1925
462 475
1238 2762
23 2912
1263 1480
1245 1755
685 1785
684 1251
303 2015
1013 2389
2265 2534
935 1406
763 2814
1888 2197
1263 2666
2516 2975
1876 2842
1748 2920
2347 2457
1606 2826
579 2711
1064 1352
1921 2965
1334 2814
437 1881
2022 2960
1372 2997
2315 2474
2006 2020
694 1608
213 474
1118 2249
1848 2740
1325 2671
268 406
2280 2563
1605 1938
1815 2157
806 1598
891 1589
1422 1626
1885 2929
1673 2612
851 1352
237 379
314 2749
2077 2248
328 2779
1294 2247
93 258
734 1714
779 1871
1730 2026
552 2416
1227 2183
1834 2624
710 1595
1226 1588
905 2624
1037 2467
376 457
1226 1912
271 1051
1024 1755
634 1949
106 2625
120 1551
1757 2882
296 1153
944 2063
971 1598
1353 1929
1780 1818
1076 2352
1594 2246
2166 2945
1343 1367
2747 2992
1296 2092
349 2613
637 957
1043 1306
839 1142
2434 2908
1223 1746
200 735
752 2310
2068 2773
329 595
971 2995
312 2882
511 876
835 1447
442 2272
687 2110
2542 2605
2404 2949
1822 2748
1485 2167
1566 2272
2173 2618
411 1664
1570 2847
651 1537
920 1719
124 1527
1432 2875
156 1821
1487 2854
1837 2693
1855 1878
1767 1972
1974 2930
2077 2299
312 2419
1364 2318
855 1020
1153 2777
2362 2513
2659 2732
1407 1759
741 1419
658 1128
197 616
386 2239
1772 2966
5 1639
1013 2615
436 450
1564 2586
711 2832
779 1798
2533 2932
265 2692
98 1448
40 880
781 827
715 2801
1696 2982
436 552
324 1382
1763 2823
735 1235
1649 2145
956 1154
1994 2604
429 2624
2203 2241
1541 2178
2498 2726
2479 2908
2247 2927
2134 2841
888 1422
185 2630
1019 1196
465 2951
2369 2999
1024 2718
1552 1667
2021 2327
2796 2920
1627 1856
1279 1315
1086 2209
217 1541
2094 2636
1572 2483
2111 2778
1018 1680
1207 1283
306 2613
2220 2691
896 2137
1552 2861
597 1411
319 2535
212 2862
270 1049
18 2468
1602 2621
1465 2968
33 867
529 1827
1696 2807
769 2987
66 927
79 2804
295 1723
932 2956
1422 1563
716 2477
1755 1810
446 1471
140 1081
50 2860
1212 2906
3 1621
109 1149
455 1750
1083 1540
867 2905
2261 2946
1198 2346
1582 2474
1674 2938
1527 2039
16 2773
389 1613
122 524
111 905
1795 2289
750 990
75 1773
1669 1802
504 1995
43 71
1852 1994
1383 1435
1071 1695
158 1249
353 638
1390 2156
564 2707
987 2161
1405 2127
575 1990
273 466
753 2047
467 1551
2188 2213
2484 2523
1151 2449
2967 2999
642 2382
1562 2310
1771 2862
855 1175
423 2570
810 2563
290 1290
1581 2538
2577 2836
290 2404
1030 1324
392 396
455 574
47 267
412 849
1209 2188
982 1737
849 2988
1398 1884
1025 2033
1596 2187
588 1021
2083 2522
232 527
2701 2849
2728 2992
1919 2183
1853 2214
661 2594
405 567
272 2166
278 797
693 939
1227 2274
1588 1912
55 551
959 1087
1722 2080
220 615
1483 2853
2145 2909
173 2568
388 1759
683 1832
1354 2310
1231 1834
1678 2304
1183 2051
2677 2828
416 659
1799 2926
1724 1742
1431 1932
97 490
1218 1412
2246 2422
1037 2821
2016 2610
1242 1846
1156 1683
706 2167
1405 1573
1875 2797
1579 2523
544 2945
979 1169
1544 1662
515 2039
2042 2527
1237 1265
199 1733
797 991
477 2033
1539 1567
332 1182
326 1044
783 2910
514 2183
1533 1691
1786 2942
11 1072
1709 2616
1550 2536
949 2431
341 2698
1049 1334
502 879
396 1272
2736 2913
2130 2327
1708 2734
839 1798
1780 1975
1650 1962
1266 2382
2535 2774
133 2593
1580 2500
297 1925
1239 1260
1335 2682
992 2025
44 865
1093 1281
872 2759
259 1218
2062 2983
274 434
1170 1714
1685 1718
935 2900
20 1897
1342 2323
954 2165
1534 2999
329 1675
501 2218
699 2095
1050 1164
2135 2873
949 2531
557 2056
1056 2512
716 2547
481 516
974 1665
1486 1929
516 675
1761 2184
1363 1378
686 2170
700 1706
615 2487
433 1782
982 2535
1561 2992
1097 2136
2401 2494
878 1664
2012 2974
2520 2851
887 2542
44 1846
465 2267
88 1786
653 1439
2208 2894
1735 2611
199 1410
1691 2266
1968 2286
651 1537
967 1841
39 2660
111 452
1547 2884
1101 1544
