123 123 234
8 16
2 111
77 92
93 120
85 107
15 85
88 100
1 44
25 57
17 18
52 109
57 101
40 58
19 65
3 15
26 83
73 82
20 97
12 39
10 61
114 116
79 80
62 68
59 118
42 49
46 120
102 113
58 97
30 65
63 91
13 63
10 104
13 122
100 109
7 105
27 87
43 78
7 25
32 81
39 122
11 35
70 103
41 98
30 64
66 76
71 111
47 95
48 60
82 123
42 72
6 11
41 51
117 119
5 123
4 33
43 79
22 117
22 56
19 24
4 96
59 73
74 75
49 80
37 61
37 68
84 90
36 107
55 87
31 50
8 9
106 113
29 50
105 119
1 69
38 54
98 112
14 46
21 101
70 86
84 115
5 90
36 94
67 75
92 108
2 121
56 71
88 116
62 69
89 99
16 76
21 106
96 103
32 47
17 102
14 64
26 77
18 55
20 104
45 91
29 54
81 108
31 99
53 118
83 94
24 27
89 121
35 86
72 115
78 110
44 60
12 33
34 110
3 40
112 114
28 74
9 51
28 95
34 38
45 93
23 67
6 48
23 66
52 53
67 108
17 84
88 89
72 75
17 60
54 65
6 95
23 75
31 64
66 115
22 109
67 97
22 116
61 103
20 92
6 119
14 66
9 28
59 68
4 89
6 108
15 75
61 64
81 110
94 97
56 89
11 81
7 106
2 18
2 88
63 110
53 79
6 25
62 108
18 47
91 120
13 76
107 123
24 51
60 108
62 105
67 95
56 123
52 87
4 38
12 66
31 52
71 103
8 48
20 83
25 105
106 112
104 113
17 31
79 85
53 75
105 112
37 97
10 109
35 111
12 61
100 108
45 90
82 110
32 86
31 103
93 113
86 101
58 83
24 95
34 90
22 70
8 48
29 85
57 116
37 78
44 45
59 121
65 114
31 66
58 95
96 100
3 15
4 31
38 116
4 53
39 71
79 108
93 114
26 123
70 104
44 66
20 68
5 76
17 81
34 47
28 75
82 118
42 56
23 27
94 100
77 89
44 97
41 77
62 119
64 73
106 117
73 113
69 122
51 55
17 79
17 103
72 88
6 78
54 108
29 36
24 85
19 46
51 67
45 89
32 39
26 112
84 108
32 88
23 37
83 117
14 113
26 89
21 38
41 109
10 41
10 102
18 68
3 88
11 106
41 98
67 102
74 84
79 115
56 95
17 56
10 88
17 77
51 96
1 3
8 121
28 40
94 123
13 46
28 98
64 100
47 80
61 69
61 97
49 64
38 77
26 90
29 64
80 97
65 95
43 116
7 24
42 72
22 72
5 104
63 120
9 34
12 81
105 106
12 75
68 94
29 99
19 89
40 97
82 98
63 77
103 120
8 99
78 116
9 44
2 9
20 100
4 87
37 115
27 83
20 91
115 122
81 93
91 115
22 44
73 92
87 94
3 28
82 98
34 61
11 16
91 106
15 28
73 122
9 65
31 36
47 76
23 112
29 56
54 55
78 122
7 61
72 119
33 68
60 85
21 98
85 106
47 70
100 110
22 116
75 98
36 87
3 58
22 110
1 89
104 107
6 31
43 62
70 115
43 87
72 87
69 84
15 24
22 93
50 52
21 43
71 80
9 41
49 88
