200 500 1000
4 165
182 199
62 156
1 20
150 165
5 156
43 197
106 158
49 196
29 143
45 142
69 156
3 57
127 138
17 106
36 44
141 146
19 169
14 59
38 125
54 99
5 141
67 199
33 68
23 60
23 198
24 145
72 124
30 141
23 110
72 95
45 58
110 111
25 59
14 101
82 196
128 174
78 89
8 195
23 36
10 30
114 180
55 182
69 119
37 79
19 111
29 112
31 196
78 156
107 122
31 53
84 138
72 99
8 171
14 162
172 197
133 181
169 173
92 147
16 50
22 47
4 20
21 155
2 97
50 150
5 123
92 113
27 199
47 200
1 171
61 142
4 81
31 111
80 162
7 130
70 178
137 158
36 167
64 66
13 72
106 108
46 90
143 158
53 113
50 153
145 165
29 149
123 160
17 27
45 146
20 31
133 159
88 191
114 134
4 105
53 74
75 180
79 182
24 120
178 189
109 118
113 148
44 111
27 188
48 194
172 193
68 148
113 132
105 131
64 133
26 187
22 25
8 97
23 183
107 177
145 187
130 193
63 71
26 89
143 161
49 168
158 195
68 133
67 157
132 200
67 108
156 178
96 138
26 34
24 27
9 154
30 35
92 103
65 109
28 135
57 181
13 143
76 88
89 199
77 97
129 145
45 196
56 191
38 172
118 132
47 190
10 105
116 136
53 131
67 163
25 92
9 76
123 161
79 179
84 115
93 188
3 44
24 71
2 135
49 105
4 18
2 31
9 185
92 141
92 96
99 137
70 114
2 125
2 150
67 200
74 199
115 199
34 182
86 155
15 181
28 89
5 115
74 139
79 191
29 70
81 112
41 163
154 184
193 200
17 49
113 156
46 123
105 189
93 168
41 50
95 159
63 184
134 168
37 111
32 178
24 74
63 183
91 140
117 138
4 83
133 135
26 157
59 173
127 146
107 124
33 75
78 109
121 162
74 103
32 56
43 180
185 189
155 160
86 161
8 37
31 40
22 106
10 85
103 166
25 33
100 115
90 148
35 140
78 122
9 63
99 150
6 157
175 193
122 156
147 168
83 125
10 98
60 80
172 191
78 117
141 168
88 197
31 184
93 152
105 177
23 57
14 151
50 119
51 89
26 79
3 41
96 170
38 103
24 96
67 93
36 101
31 93
144 184
123 177
33 144
77 150
152 185
18 123
38 40
39 197
111 142
181 196
5 142
24 193
144 168
113 126
60 195
86 150
37 190
156 186
1 61
145 183
65 113
16 128
148 174
2 144
23 194
51 188
159 196
58 151
43 88
34 192
48 160
103 130
45 160
94 110
108 191
146 155
28 80
27 177
125 137
50 87
68 196
37 66
50 103
67 191
24 52
58 192
44 156
94 141
101 163
150 151
161 166
131 199
84 182
36 74
13 196
117 131
64 130
58 133
38 194
24 198
29 197
51 198
65 132
103 110
92 142
151 156
109 150
20 149
129 184
85 158
110 140
37 47
15 123
47 149
67 196
19 120
91 156
20 167
45 169
98 107
31 81
44 64
2 183
180 197
116 137
144 187
15 151
189 194
93 157
75 182
29 38
2 104
27 140
51 177
117 166
178 193
15 79
30 63
24 36
21 92
138 188
15 137
105 142
32 50
92 116
74 189
176 191
37 61
43 120
12 177
70 77
68 187
113 169
81 103
106 145
4 176
55 197
94 195
133 185
60 167
128 172
10 102
18 96
59 156
44 106
83 124
111 131
109 162
7 126
24 143
92 164
114 196
141 153
11 187
159 199
23 95
44 191
37 91
27 91
12 13
16 145
36 87
11 124
166 173
29 99
130 196
39 63
64 131
70 103
12 99
48 128
47 162
106 133
85 148
91 162
110 194
72 118
4 154
44 145
124 126
95 117
103 107
18 102
50 121
43 154
60 105
5 119
164 189
24 127
128 196
42 63
37 84
80 114
37 48
110 160
38 169
50 90
52 113
73 140
33 189
29 185
170 197
31 82
24 107
102 155
42 154
28 79
134 164
12 108
41 127
60 65
140 186
28 193
1 57
152 172
109 125
59 188
18 195
4 167
116 121
34 151
46 71
24 55
46 101
92 184
127 195
134 143
11 121
35 139
10 22
49 125
107 159
52 115
58 109
46 150
53 175
15 70
100 113
17 161
49 156
28 147
125 152
139 186
25 184
63 196
6 103
69 185
82 142
6 136
15 100
113 140
8 100
3 157
97 197
39 162
32 148
13 190
118 165
16 136
110 187
8 31
41 195
22 186
32 199
8 168
10 184
94 179
75 186
102 166
68 71
36 180
16 188
83 95
66 154
76 83
30 94
4 75
44 68
14 71
77 99
48 184
92 141
55 122
82 115
59 135
82 166
125 135
52 118
64 150
24 130
131 181
18 125
30 135
135 188
47 171
88 134
139 195
39 55
37 103
130 134
30 115
23 141
87 174
139 140
89 104
19 65
12 23
143 151
64 75
32 36
75 103
100 119
57 147
2 106
188 191
50 102
82 189
38 44
103 177
85 103
93 154
69 70
80 192
88 126
124 135
63 94
56 150
68 190
47 191
30 34
36 182
115 142
59 127
130 153
94 143
168 186
78 97
2 130
41 197
2 143
11 51
48 102
14 18
29 42
126 129
77 85
103 117
9 117
89 198
49 97
94 149
52 115
20 77
81 118
113 156
20 180
147 165
32 195
46 83
129 131
58 195
69 186
60 115
13 137
52 165
45 49
88 187
40 83
20 110
154 171
42 149
89 160
4 144
75 129
139 180
113 124
24 124
91 199
6 176
103 198
36 105
148 181
57 150
54 74
70 75
65 166
67 176
7 142
119 146
89 149
173 199
86 149
61 165
157 200
39 159
133 173
32 79
87 189
143 147
100 198
188 196
30 106
136 168
102 128
59 112
25 104
14 151
84 129
43 173
150 170
140 177
85 120
144 155
6 54
20 149
13 130
27 153
43 127
91 120
7 76
62 128
20 68
73 116
62 183
13 16
2 63
54 198
27 29
21 41
19 120
158 163
51 118
141 144
58 100
42 200
33 132
90 119
20 25
15 177
85 184
27 31
129 146
18 125
50 133
31 96
87 99
12 108
88 121
10 93
110 184
49 192
39 161
4 100
30 196
52 156
100 116
11 114
88 185
39 141
192 197
162 187
60 89
107 122
112 131
137 182
144 149
45 93
6 41
114 176
62 111
136 182
26 143
51 103
17 116
78 93
114 146
14 43
65 91
9 165
31 187
140 161
46 178
95 165
125 133
3 35
16 72
73 126
64 169
3 157
62 179
143 146
48 81
151 179
164 174
66 181
109 148
67 149
89 120
108 193
45 170
18 27
126 189
154 183
54 168
14 160
125 140
19 97
96 97
67 131
5 94
89 181
84 102
52 197
7 67
48 190
1 42
50 122
22 44
46 148
76 85
33 100
46 48
139 184
64 93
29 196
121 187
55 159
90 180
2 182
88 119
29 105
50 122
112 162
45 194
63 151
13 112
24 44
79 169
3 83
72 102
93 162
109 187
63 125
27 150
193 194
10 69
143 172
73 140
28 148
29 163
20 67
56 92
10 55
37 111
5 106
65 68
126 169
44 199
82 110
125 141
59 165
100 180
33 136
27 30
1 26
129 139
67 89
39 192
80 103
44 93
118 133
77 167
26 140
69 104
1 85
7 76
125 176
33 187
88 105
30 185
106 170
111 196
127 163
66 188
23 144
13 153
15 78
103 198
112 159
26 73
7 198
118 198
67 199
5 112
60 117
33 186
19 70
76 95
41 150
25 138
117 167
18 136
91 111
57 77
54 115
169 199
11 158
12 155
86 132
114 138
12 42
100 150
77 113
92 187
12 152
105 200
42 52
1 138
164 192
94 149
19 70
72 121
81 103
89 196
46 178
12 91
14 170
62 183
92 161
69 132
157 164
53 114
57 186
92 164
18 111
115 141
85 90
22 70
150 152
27 54
77 122
124 157
50 143
43 78
68 192
80 140
61 130
169 174
25 196
6 155
93 161
147 169
145 190
51 161
85 122
13 85
91 92
103 153
115 142
89 127
20 46
55 183
120 177
60 82
36 49
95 115
29 139
46 150
35 197
124 197
59 198
96 171
12 52
87 114
68 140
9 145
18 99
55 111
67 166
44 122
105 107
3 71
143 176
34 198
18 51
168 197
100 170
96 195
13 178
88 145
65 164
168 181
47 53
94 142
28 55
43 74
33 48
158 193
46 79
27 88
47 186
104 172
59 62
52 84
48 175
88 124
35 86
60 100
9 90
130 134
25 134
53 161
15 61
23 172
47 120
145 146
121 127
69 89
9 167
72 102
41 100
140 161
62 106
99 115
48 187
71 106
20 56
3 189
13 41
12 159
176 178
35 95
15 100
33 43
54 120
80 83
142 170
55 118
124 193
23 167
65 179
36 191
85 184
36 175
44 73
51 114
5 69
10 107
62 153
81 142
113 169
100 153
49 174
133 170
70 89
99 133
139 171
89 145
112 173
15 157
93 118
100 158
41 89
64 187
139 177
7 78
42 188
125 154
89 159
95 114
129 177
93 176
4 126
106 167
39 91
94 161
39 117
151 156
85 191
46 192
131 187
46 165
38 74
1 159
62 193
5 75
34 168
157 188
87 120
48 159
13 65
82 138
81 146
46 69
126 137
52 168
165 178
79 175
114 144
14 25
42 70
46 139
31 164
3 110
149 190
97 185
97 147
95 104
105 185
16 148
69 87
46 114
12 16
97 166
106 165
131 159
123 127
104 117
62 116
101 171
31 130
68 83
43 110
122 129
46 105
128 168
77 120
123 180
73 83
151 193
20 22
3 165
125 129
32 43
37 179
10 152
35 98
3 60
117 192
164 189
144 194
52 92
141 159
96 194
34 187
80 124
50 103
1 124
102 199
20 158
169 190
128 146
150 191
29 45
19 120
41 80
111 150
89 151
30 40
103 116
130 149
12 103
77 123
47 102
102 117
41 174
82 134
105 196
89 127
21 133
8 69
48 195
58 124
120 158
16 184
119 123
116 156
52 99
179 193
185 197
5 24
44 141
16 88
69 129
2 10
17 191
132 164
193 195
115 170
98 109
80 150
77 156
63 119
162 163
18 157
62 170
4 40
30 192
16 93
117 148
3 143
5 97
13 186
127 163
69 194
13 151
82 139
184 190
129 192
112 119
82 144
175 191
97 127
21 77
47 146
53 121
59 176
11 158
97 107
85 153
92 158
20 40
102 186
49 82
116 154
81 152
49 83
138 148
123 157
15 137
24 143
80 106
170 197
25 177
102 182
40 66
11 116
75 85
99 134
130 164
37 66
101 131
31 38
82 120
3 91
73 123
48 102
55 172
21 163
17 36
184 193
32 172
48 62
15 63
171 181
120 196
27 36
104 173
20 108
85 159
123 162
48 123
12 87
1 164
32 126
15 153
36 78
2 153
9 81
126 128
115 155
161 194
10 47
9 167
144 196
57 197
47 196
106 155
15 81
186 190
4 167
54 117
59 166
65 128
193 199
93 140
65 81
45 71
22 41
6 34
33 39
9 177
91 198
58 187
44 178
84 177
54 140
115 199
7 119
167 180
17 77
169 185
80 130
21 129
44 180
16 127
58 200
100 188
126 156
99 103
92 171
134 188
36 106
40 83
113 114
76 158
18 32
2 176
40 82
97 187
34 35
130 161
45 62
37 89
40 78
147 175
36 138
4 154
39 98
75 144
101 140
194 200
4 44
20 171
33 168
59 106
59 104
151 164
10 173
49 155
110 128
68 69
5 163
109 147
18 43
8 90
55 178
79 156
2 166
72 121
8 62
104 188
141 164
27 124
142 174
69 165
137 182
35 74
116 176
79 127
48 165
48 190
30 95
63 93
122 184
28 162
123 197
82 139
28 108
140 173
84 114
101 126
5 194
41 50
78 103
121 190
65 160
14 195
82 138
126 152
76 156
102 113
137 176
113 155
22 111
12 101
127 129
40 157
2 123
31 166
55 135
43 150
65 137
24 163
96 141
53 166
39 106
69 145
89 162
53 164
45 117
65 77
131 181
61 78
26 199
54 147
53 200
67 154
57 86
25 118
23 109
46 181
35 65
106 162
32 40
138 142
78 79
6 77
33 187
106 170
21 80
11 83
15 139
157 161
39 164
80 172
47 138
96 126
83 104
80 164
6 199
90 128
29 54
63 183
73 90
153 181
9 44
185 196
8 118
108 156
11 28
19 39
105 138
63 70
119 135
54 60
78 132
19 67
13 181
18 102
59 127
5 184
1 178
48 130
146 194
16 199
69 149
26 176
90 115
158 188
19 45
110 121
41 81
7 85
113 176
52 100
104 194
68 95
46 69
62 112
3 189
43 83
37 45
28 88
71 98
163 191
46 167
39 181
85 130
70 94
8 15
118 154
20 163
39 58
45 121
65 170
166 168
16 65
119 177
147 153
21 149
8 44
62 66
34 172
28 62
22 70
94 125
116 197
2 121
44 58
148 187
51 129
17 54
62 131
10 20
97 191
99 180
40 163
43 179
35 154
122 173
1 52
6 143
109 123
123 171
15 87
45 187
5 159
65 128
24 43
88 102
10 115
73 128
51 145
78 195
72 179
50 117
15 108
62 184
50 97
93 184
110 146
153 176
59 135
67 105
141 147
9 50
95 155
61 117
22 119
43 83
135 141
56 134
12 22
44 62
41 135
102 198
14 81
52 161
94 123
26 60
24 127
39 127
97 127
167 198
17 165
55 144
53 148
141 174
25 54
33 72
123 163
46 70
34 135
79 183
25 199
71 89
115 123
