750 3500 7000
141 263
325 595
378 638
210 302
414 476
388 507
198 553
524 746
156 393
218 367
165 657
121 660
274 476
114 182
296 672
217 499
193 371
42 276
140 517
176 411
121 594
163 580
283 559
373 608
203 255
229 271
317 330
273 731
56 223
115 258
298 693
453 644
431 662
236 705
499 531
145 302
62 132
102 362
556 750
62 691
445 703
142 294
348 352
693 721
167 386
7 274
245 555
433 453
107 613
14 477
63 166
45 86
166 602
668 719
406 504
196 366
419 749
76 196
60 612
222 657
275 696
139 176
107 437
153 394
161 218
20 632
652 694
524 686
473 606
80 346
648 727
309 572
249 293
298 516
465 504
462 493
27 101
347 633
237 636
551 604
70 722
343 729
187 657
450 593
262 638
158 212
268 397
31 67
246 721
223 604
1 457
46 534
102 735
559 600
11 396
189 639
240 743
75 552
269 319
386 557
173 675
196 451
257 513
77 120
255 700
99 606
235 579
198 304
376 548
286 482
103 546
160 574
612 675
695 741
403 710
591 622
85 113
355 674
238 390
270 632
263 283
133 659
254 295
352 621
44 305
565 735
385 637
34 596
7 295
494 703
348 746
299 582
25 513
612 619
242 454
118 502
132 290
127 648
278 588
95 740
601 622
221 367
355 661
37 46
496 556
119 499
234 255
5 729
36 249
260 320
115 439
534 733
204 319
160 506
212 665
276 513
191 217
572 589
121 392
169 468
220 616
506 710
137 589
22 476
115 194
306 530
300 468
276 470
417 453
175 483
682 749
491 725
156 160
487 596
395 750
55 381
380 742
229 445
473 746
86 248
394 529
136 183
106 240
53 362
380 601
408 531
396 615
403 436
9 158
266 424
348 401
159 714
23 677
428 467
312 363
265 391
53 716
563 589
349 658
280 422
528 544
169 384
566 745
391 571
437 637
357 740
162 443
151 332
125 212
329 498
126 203
428 697
323 388
246 476
512 564
42 397
195 245
507 721
113 351
2 716
169 499
89 724
23 456
265 446
261 349
102 392
150 449
419 551
600 701
399 704
80 749
513 663
21 174
267 519
78 343
23 106
417 738
230 629
81 200
48 65
232 726
170 635
41 333
499 679
531 654
404 474
35 244
44 172
487 586
506 537
350 642
281 361
136 315
577 695
197 340
391 705
496 617
58 117
562 690
504 603
628 696
646 684
98 360
445 530
487 747
607 698
93 453
509 708
44 118
33 355
228 437
91 379
124 311
363 420
612 613
365 412
182 219
116 698
361 550
77 686
436 638
625 743
40 703
9 419
428 603
371 689
147 685
262 289
260 292
180 386
235 591
388 604
516 698
127 323
288 407
48 140
211 329
190 458
190 539
116 355
171 560
30 78
397 596
693 694
193 694
517 658
590 644
332 650
537 666
477 606
445 679
243 587
41 389
161 469
66 177
479 714
448 592
12 76
288 721
21 383
99 116
216 613
423 490
299 326
17 339
433 613
337 521
40 374
244 309
411 742
581 731
449 478
504 624
514 734
546 725
156 613
278 617
566 698
587 646
467 678
343 692
475 556
327 528
547 636
19 737
669 676
416 440
38 638
153 502
380 657
443 448
419 533
456 738
49 641
452 724
303 516
94 465
232 512
192 568
34 349
62 329
123 125
130 736
242 244
276 295
434 705
247 495
154 189
61 705
216 708
375 628
318 329
56 621
23 87
314 379
91 368
65 454
191 689
171 639
161 330
99 165
235 387
617 638
635 727
339 404
482 615
210 737
528 603
126 280
111 258
521 524
467 531
487 564
326 642
163 598
112 603
242 303
243 535
61 211
112 176
336 733
404 634
623 721
79 412
210 237
360 750
164 319
173 558
266 738
433 481
63 282
355 508
225 495
84 691
526 574
43 750
661 686
425 527
380 581
234 567
585 730
526 700
14 102
111 730
4 216
340 406
51 200
125 627
92 262
213 598
508 577
156 221
181 445
277 288
78 591
46 485
205 386
77 223
264 284
579 728
301 505
67 571
56 586
235 559
284 417
223 575
398 642
99 577
596 734
277 689
167 493
145 697
267 694
176 472
9 134
156 341
268 451
254 539
74 293
42 384
45 284
125 542
274 464
151 610
71 128
85 357
17 67
133 275
29 628
92 471
217 672
230 354
563 625
453 601
663 726
277 489
411 664
497 587
195 510
549 564
36 381
2 128
381 561
429 446
267 730
579 739
506 736
82 287
124 451
143 384
279 361
587 727
20 301
306 315
199 324
35 115
137 666
323 402
371 567
431 722
468 692
353 444
390 395
51 361
292 381
107 614
498 518
260 329
110 573
483 733
357 747
256 683
10 236
404 574
82 163
361 499
342 470
318 653
169 219
96 416
347 693
141 636
144 597
67 618
655 714
33 207
112 478
115 625
169 387
254 747
303 451
231 515
53 81
291 464
51 171
505 572
226 437
242 621
38 460
16 640
216 546
353 727
257 334
59 332
16 50
539 644
391 561
221 684
77 94
202 398
55 613
371 475
15 682
6 259
33 46
353 366
51 600
30 562
294 324
347 745
513 575
128 503
286 400
417 643
36 589
399 687
396 515
370 710
112 364
200 400
376 658
280 749
549 707
82 482
1 74
290 741
234 314
512 637
569 674
249 626
404 649
122 195
265 454
494 630
57 137
244 582
42 750
418 537
379 646
225 591
331 590
95 599
465 685
149 437
418 464
36 438
6 360
381 436
146 719
111 151
36 323
131 247
366 682
435 471
103 715
382 643
130 662
8 146
63 474
84 256
613 630
497 522
571 715
280 478
182 353
306 501
149 738
442 690
62 72
387 423
674 739
393 749
8 193
324 731
380 495
194 316
94 593
180 549
327 715
223 532
358 457
401 570
16 502
2 245
273 422
694 703
450 499
398 578
518 628
88 297
198 430
464 549
368 599
119 737
270 368
461 664
414 604
80 740
445 469
138 389
11 195
228 234
210 684
616 663
512 643
235 602
261 608
182 742
359 522
171 473
67 523
67 412
107 294
159 185
211 456
132 239
155 491
326 431
89 312
581 611
396 688
127 223
35 157
79 364
173 487
65 636
197 421
247 325
117 241
42 337
260 731
397 554
35 395
8 169
156 218
47 226
515 605
291 439
279 647
469 734
251 578
299 450
227 381
49 597
610 739
603 644
4 671
402 731
170 228
376 468
577 613
91 202
7 312
331 453
458 630
24 367
374 551
95 422
13 289
380 511
348 448
25 716
290 367
26 111
148 396
56 587
577 733
135 731
40 697
451 673
585 673
508 605
422 510
336 600
455 472
281 559
110 737
435 505
405 601
27 286
65 261
55 730
103 601
303 678
12 163
53 635
360 418
317 452
46 365
370 726
158 301
348 507
22 325
162 652
311 338
71 725
216 561
171 704
565 569
449 591
131 304
274 723
26 277
465 580
230 232
67 232
594 608
567 702
184 322
31 119
365 458
336 399
318 374
469 511
596 622
24 444
392 617
643 736
8 630
260 535
451 534
467 729
265 659
135 350
64 380
228 498
144 584
164 252
200 377
373 723
740 747
367 584
312 532
202 544
474 686
494 545
35 144
149 659
362 445
338 432
5 228
180 728
55 504
427 516
620 705
154 394
302 513
420 741
148 486
98 159
357 436
394 524
38 690
201 334
361 690
147 451
317 722
268 503
440 503
235 462
131 610
184 281
308 362
20 444
211 438
296 444
586 617
75 581
503 740
148 736
329 428
32 550
67 403
422 707
109 584
90 108
307 426
657 698
5 712
577 720
137 721
327 662
593 626
561 634
214 518
516 666
273 558
195 202
364 492
27 83
55 377
258 507
76 97
13 143
10 573
163 308
126 328
551 627
454 710
621 747
74 680
482 523
77 80
157 538
598 683
74 388
428 444
277 597
471 687
545 623
89 518
331 400
181 271
211 446
477 494
416 481
338 674
93 281
290 474
129 416
15 163
500 562
253 714
237 697
167 348
18 407
50 685
152 194
9 186
653 680
372 504
52 119
400 608
431 601
632 702
207 499
606 642
505 582
109 303
313 322
345 380
155 659
181 669
78 197
88 658
136 208
68 445
223 723
98 645
127 637
98 534
270 689
247 538
422 622
305 650
84 409
277 416
70 471
158 483
23 48
466 698
122 363
254 446
224 298
162 490
310 615
603 730
401 705
109 271
253 539
571 686
156 385
63 247
25 153
349 408
206 303
165 590
118 461
318 733
79 314
70 676
373 375
29 108
661 665
75 560
509 638
123 442
318 562
281 285
511 545
274 322
592 747
108 185
403 623
121 395
224 478
412 448
140 507
44 234
93 105
212 411
249 683
263 443
349 575
316 647
621 703
236 312
192 442
296 451
238 474
347 573
329 675
116 712
358 442
363 526
280 469
197 342
103 203
213 436
57 602
205 699
320 453
159 422
26 738
223 499
7 39
167 483
508 626
205 592
235 561
77 95
360 384
376 525
300 738
64 357
404 675
232 474
72 502
28 352
134 557
25 244
125 283
61 672
33 483
242 591
311 679
191 261
267 461
4 97
24 201
386 548
11 736
388 713
479 661
278 468
155 342
138 227
173 458
137 432
470 665
356 395
429 708
132 666
444 569
90 627
72 640
445 561
83 536
288 498
45 234
282 312
635 709
113 447
91 155
231 602
80 524
381 650
212 421
45 116
217 704
514 534
98 160
302 643
174 549
662 735
35 349
664 698
313 363
306 606
59 390
124 656
155 622
649 714
185 690
147 514
434 572
399 615
261 679
63 221
7 602
220 617
36 402
222 468
439 635
19 554
115 504
6 209
313 671
14 560
635 732
11 115
17 651
210 253
609 633
399 593
34 373
305 561
381 665
477 511
51 188
214 554
123 203
84 529
59 78
26 517
180 740
361 705
588 680
369 505
405 686
614 619
501 537
366 597
232 300
79 152
302 732
50 468
623 728
81 706
512 669
141 668
466 470
2 569
543 574
134 662
187 370
135 424
161 413
441 677
187 731
208 700
168 205
277 360
556 648
348 388
10 75
181 464
311 527
361 545
274 433
391 435
449 729
326 615
151 354
664 716
450 574
414 660
457 632
120 690
28 589
129 627
120 602
439 506
114 680
145 363
617 651
524 750
92 498
538 734
554 568
43 271
158 421
36 590
375 740
209 378
684 698
292 441
477 620
12 258
49 98
410 591
264 384
104 622
531 617
210 628
20 177
65 113
518 562
216 566
254 428
143 219
113 504
378 642
13 78
471 603
442 499
83 193
509 715
89 450
102 434
126 554
109 674
181 498
399 724
341 657
671 725
523 660
389 536
338 409
317 708
204 700
83 271
450 748
43 102
147 346
373 627
287 579
58 613
324 539
212 722
53 720
474 511
310 725
192 413
34 362
336 372
43 576
401 593
743 748
100 268
207 723
288 713
161 663
117 525
8 393
22 658
327 423
397 617
242 414
27 388
125 266
216 290
89 426
95 606
540 652
45 446
16 350
275 304
165 408
203 262
513 553
17 570
211 336
407 543
128 605
161 374
105 445
74 475
158 359
300 515
352 696
174 570
279 367
291 463
5 316
32 678
370 747
313 539
475 642
66 120
266 512
149 448
300 626
85 490
110 561
113 550
29 239
319 418
222 471
161 689
331 474
490 625
104 437
119 464
448 644
690 706
98 563
252 323
491 522
22 294
383 674
214 484
56 433
547 678
63 146
18 723
717 741
287 320
458 512
99 221
355 567
249 651
168 354
204 596
330 422
46 568
270 464
124 145
226 622
153 603
600 617
124 203
117 251
162 329
405 537
558 642
18 323
238 311
255 503
86 717
21 458
32 675
30 429
86 96
58 380
26 120
437 445
325 713
67 479
407 696
394 661
182 631
12 101
19 625
3 336
566 674
486 646
54 709
192 518
301 442
535 597
414 506
567 725
59 139
92 255
8 121
183 645
449 697
98 711
142 581
365 601
602 674
123 334
87 415
443 474
591 638
650 690
104 182
535 714
311 559
5 466
31 468
173 413
249 367
269 590
269 654
143 267
452 466
252 671
163 174
17 316
175 261
171 427
504 630
373 479
134 683
437 574
496 740
335 393
610 642
129 319
264 594
223 611
184 433
120 640
64 406
16 578
19 40
228 689
539 658
240 529
434 473
40 288
319 618
501 678
445 598
132 735
137 674
168 231
90 402
96 506
31 361
64 501
133 357
55 426
35 492
10 611
150 362
185 291
198 674
63 571
493 539
49 494
188 487
240 549
171 635
144 322
111 281
30 620
654 702
219 523
12 290
227 679
415 426
393 695
439 530
13 723
511 557
265 364
101 535
127 632
141 306
385 514
38 725
233 730
645 748
151 366
52 269
71 401
150 164
93 230
83 135
216 634
198 204
207 452
552 699
391 714
558 586
589 651
154 564
120 179
220 545
591 640
570 572
332 570
423 481
573 687
462 654
329 344
87 312
387 621
197 345
50 584
77 133
336 454
436 709
40 482
188 195
519 720
32 708
111 230
136 487
3 264
386 723
463 526
153 660
180 641
585 710
239 679
1 728
19 489
229 695
544 676
427 645
196 470
3 346
522 687
312 706
358 750
94 303
623 677
631 684
373 466
11 340
611 657
120 263
248 614
246 725
206 596
182 252
9 671
53 208
150 732
559 699
114 690
29 438
503 521
115 309
31 565
307 450
317 632
529 543
268 660
313 490
23 196
646 677
182 232
246 622
93 672
276 662
289 495
1 615
564 665
61 160
54 689
174 681
441 488
13 212
239 414
481 694
90 277
527 667
402 625
382 581
67 330
361 488
169 331
263 303
214 464
285 361
141 733
156 538
4 485
442 692
235 682
105 726
60 655
547 658
139 290
294 712
88 613
323 338
38 61
315 403
11 485
41 113
189 390
123 323
149 269
315 495
145 681
1 497
123 720
104 573
153 185
434 454
117 400
308 479
183 626
41 495
222 462
104 230
131 583
454 542
191 550
179 451
69 581
302 437
81 523
416 629
6 635
155 650
594 611
313 511
549 679
686 703
150 692
274 424
160 432
55 713
183 526
54 574
121 397
256 400
130 206
210 686
13 336
274 545
312 654
106 195
361 530
62 340
268 409
252 282
269 484
637 692
201 724
589 658
514 603
606 677
45 489
75 107
478 569
112 619
633 687
552 656
161 714
177 217
580 645
579 623
274 315
350 729
62 237
85 292
241 502
276 740
118 749
390 554
186 207
99 200
94 348
24 100
117 738
134 242
296 399
427 549
176 662
320 502
164 346
484 618
334 653
236 399
350 653
353 388
246 309
411 638
328 670
26 514
548 608
237 703
192 628
89 212
158 164
44 429
693 722
79 609
198 338
96 402
252 264
447 481
658 748
134 295
125 223
254 736
298 686
638 729
83 286
59 495
190 195
430 483
284 696
516 519
362 461
589 655
75 737
82 497
566 739
70 443
88 580
66 578
164 406
17 382
355 503
9 473
236 747
116 745
465 718
111 340
215 481
405 696
66 502
317 318
570 724
185 218
279 340
22 732
42 590
341 462
322 635
38 365
87 712
66 264
399 651
117 173
605 618
453 636
47 503
346 409
301 481
100 251
75 434
225 264
126 728
95 689
45 600
211 381
209 377
361 657
130 209
40 646
173 426
33 696
32 333
723 749
215 317
163 686
224 585
113 227
397 466
96 346
241 330
264 637
240 338
87 546
226 457
381 688
112 649
370 584
344 703
168 263
34 739
245 608
79 333
96 141
304 405
347 485
188 713
411 729
605 612
103 235
124 385
214 355
205 743
86 294
240 569
165 642
121 315
530 668
428 459
576 748
240 433
92 689
209 748
44 408
452 504
458 575
44 369
68 673
322 412
422 608
297 447
28 634
204 745
517 681
194 418
80 341
335 530
41 188
712 714
13 483
236 587
40 149
219 559
286 451
226 312
378 655
229 492
73 749
494 606
299 428
549 719
6 496
481 673
148 624
363 604
269 432
76 106
253 260
143 648
556 678
244 521
337 670
238 518
129 493
15 475
1 224
329 408
298 614
4 284
174 701
88 635
446 713
100 499
380 610
529 732
92 323
222 466
131 213
121 463
576 695
346 486
163 262
385 749
116 119
132 527
57 82
445 604
160 559
167 504
5 107
100 159
534 647
411 648
19 564
654 745
650 682
144 251
105 220
418 681
355 600
209 625
499 720
362 499
116 405
168 323
436 587
246 720
80 312
327 557
474 742
423 744
651 677
24 330
88 655
100 425
145 651
252 253
123 508
59 593
14 493
85 573
505 681
1 321
261 466
92 403
66 68
202 591
241 660
44 119
60 438
45 384
330 642
288 462
546 749
371 650
453 647
178 534
219 641
203 311
5 651
578 599
346 521
30 742
253 710
331 584
184 204
316 521
354 445
47 743
335 568
366 578
211 483
287 576
279 320
146 206
458 603
363 637
278 527
222 450
333 580
159 628
81 616
479 587
486 718
590 741
422 535
200 458
314 408
43 233
37 587
152 171
122 672
296 317
429 649
393 688
25 194
486 531
389 434
245 631
56 96
251 714
104 473
435 495
41 228
94 300
183 352
20 110
19 529
79 392
465 672
570 692
520 637
231 427
200 342
59 239
326 727
118 375
70 256
204 360
525 750
8 203
57 466
472 707
391 409
98 691
168 339
383 677
51 408
265 593
11 446
353 463
531 736
406 698
46 370
427 576
108 592
14 489
158 362
97 690
432 581
19 311
447 749
184 612
262 292
533 550
80 616
225 339
511 746
397 507
376 523
28 537
268 313
47 313
148 444
436 521
114 362
349 429
547 721
111 489
246 732
187 676
16 46
180 376
50 445
321 717
271 272
260 286
151 712
105 590
103 448
84 284
357 390
271 487
662 681
38 288
215 535
40 581
3 620
148 163
62 374
134 731
306 337
138 707
72 221
494 685
68 526
288 595
396 684
206 323
605 672
79 111
309 376
629 635
27 673
529 695
47 463
183 627
378 499
196 237
194 357
132 584
471 553
3 711
410 569
456 549
653 727
87 560
2 477
98 300
287 564
391 471
430 465
202 326
21 226
424 539
120 377
368 447
291 304
476 557
348 623
186 305
332 398
287 547
123 369
170 218
236 343
485 545
79 97
4 328
242 475
19 722
63 81
263 414
444 575
260 394
390 404
388 464
346 733
10 37
119 414
463 539
199 595
296 479
544 697
463 480
72 375
49 495
211 357
279 699
13 392
620 684
226 461
222 525
483 595
34 527
97 315
337 353
378 667
232 543
444 542
33 296
435 631
219 295
75 509
319 504
180 216
391 597
268 599
33 458
401 546
582 623
487 522
286 673
228 465
147 629
235 327
126 544
270 681
159 529
415 720
356 440
256 320
30 514
93 195
446 556
328 480
40 51
497 750
598 630
324 720
267 514
513 632
274 362
183 689
21 33
641 676
122 725
288 329
157 381
155 156
23 240
676 715
275 329
44 271
248 295
285 303
425 653
540 728
109 161
84 721
93 170
378 452
6 284
85 116
553 556
176 358
336 391
144 146
463 679
77 202
355 368
90 388
81 495
686 710
3 338
429 460
40 279
426 719
43 580
367 651
559 623
490 694
238 393
229 465
253 651
28 533
295 657
219 562
67 269
184 542
400 462
20 664
12 656
132 722
199 273
403 535
283 341
452 680
156 365
244 248
117 171
246 693
154 700
505 567
135 423
380 405
12 375
128 706
261 543
369 577
364 570
267 703
605 650
41 511
48 131
26 272
129 203
225 510
8 645
74 736
261 352
562 591
107 476
206 300
37 324
179 329
222 583
56 680
280 388
306 603
615 726
498 647
493 614
261 617
231 659
496 576
110 529
372 689
21 713
636 750
150 548
108 286
268 685
620 658
479 657
30 576
45 451
227 721
34 485
194 331
303 418
108 151
347 750
137 286
575 622
220 297
56 384
449 534
220 745
364 574
29 179
65 429
95 289
222 740
373 443
156 444
464 660
143 335
275 324
274 676
49 59
291 569
131 452
513 737
290 621
186 570
154 729
97 595
605 719
392 526
270 628
159 408
113 196
24 633
14 297
88 191
17 567
60 739
61 475
574 591
156 480
257 372
323 378
111 505
2 22
193 211
236 586
430 546
245 490
159 469
669 697
64 312
192 722
20 387
387 646
408 621
130 596
283 610
94 287
104 312
23 425
289 332
256 662
301 575
103 270
236 241
22 444
355 574
188 429
21 687
57 581
622 724
169 513
446 735
699 748
108 718
569 585
180 640
85 282
272 734
6 723
340 446
5 167
348 521
113 616
45 132
367 520
68 428
3 72
36 63
147 610
364 456
183 448
202 391
303 706
199 399
466 480
179 657
196 660
301 716
251 650
389 674
378 694
58 385
417 746
109 199
504 717
5 639
117 544
213 240
257 423
283 487
259 532
697 749
20 62
81 371
185 455
57 153
35 269
463 705
67 313
552 686
459 522
25 399
137 585
119 621
570 707
200 279
508 523
67 226
466 628
226 244
228 564
10 714
178 444
26 297
301 683
276 649
69 398
327 649
21 730
381 712
136 733
129 656
291 551
487 674
205 377
443 697
356 425
154 618
487 506
288 657
222 225
50 137
377 616
362 495
445 463
317 445
153 648
150 634
21 211
120 469
191 257
259 426
569 603
171 172
464 533
71 273
55 568
126 586
545 658
97 610
245 566
482 581
365 711
583 630
336 482
49 323
100 648
26 745
397 691
57 266
20 280
439 542
663 746
497 616
208 375
61 639
51 677
347 374
100 152
153 307
195 728
122 585
351 540
289 670
307 488
88 95
483 736
210 714
162 453
18 671
485 594
264 285
415 472
8 271
7 591
279 720
235 463
59 565
449 575
646 716
363 619
461 739
139 373
130 450
155 508
220 718
28 347
257 484
133 289
269 364
228 310
136 383
151 359
161 316
224 310
267 492
39 509
237 545
2 535
577 598
645 676
483 627
222 681
117 270
271 653
67 164
44 326
119 325
471 710
204 705
71 544
184 639
332 420
391 536
256 345
164 184
69 298
111 405
37 678
540 747
427 598
189 554
381 711
500 732
121 593
214 723
83 717
497 636
24 509
53 159
276 349
155 570
351 748
202 666
219 419
261 375
303 511
476 532
29 68
278 621
551 678
8 626
638 687
273 279
27 38
14 211
243 440
299 653
9 521
164 600
449 722
21 553
4 242
448 619
135 673
59 536
348 631
302 517
129 340
150 356
3 654
355 750
334 657
577 724
627 687
452 514
111 729
54 126
8 248
274 347
29 433
396 422
157 602
247 686
180 187
130 399
22 92
118 186
2 182
504 692
281 507
165 698
58 713
56 697
418 520
272 486
560 640
169 190
334 494
617 699
369 735
280 314
129 547
553 568
315 430
225 420
309 424
325 714
218 554
374 430
199 733
182 707
502 571
159 596
167 305
298 365
253 362
560 583
594 663
107 536
149 499
35 255
276 518
243 414
527 531
575 642
30 269
169 416
190 545
141 694
79 277
318 473
397 681
41 342
93 292
48 394
434 475
100 397
65 530
422 668
653 670
28 570
240 259
274 554
367 750
418 727
340 575
100 522
180 654
313 493
124 301
521 639
40 450
18 342
14 409
495 726
352 567
569 582
11 213
329 341
230 452
101 507
4 515
391 686
144 478
335 688
349 591
59 418
241 322
688 721
173 549
80 357
48 335
175 214
53 322
435 675
384 468
143 358
17 188
367 443
100 333
299 679
216 742
390 524
32 307
159 220
452 656
289 309
136 398
207 356
15 83
452 457
358 540
380 393
93 108
55 161
34 576
41 53
174 387
221 689
297 463
380 466
75 478
234 702
178 634
384 648
75 597
377 630
31 481
15 620
28 291
83 652
629 714
334 379
326 622
48 99
91 129
232 324
529 671
520 542
478 668
231 710
547 594
395 725
31 199
67 730
135 692
228 370
637 680
382 453
585 729
351 568
542 629
142 463
670 708
544 731
465 738
138 460
244 616
480 634
220 340
122 499
142 708
239 267
417 604
430 662
116 226
181 480
122 388
121 575
203 505
111 312
51 629
83 297
176 620
42 371
62 382
577 735
263 438
29 141
238 626
308 467
150 725
48 129
127 649
99 665
369 744
470 698
78 140
168 615
132 732
16 602
13 403
317 349
433 497
433 604
90 714
133 633
47 350
66 437
168 344
196 557
245 379
282 525
326 666
548 582
185 321
67 398
331 345
506 697
26 232
264 279
60 439
431 679
358 494
84 447
244 731
5 175
697 725
524 682
17 317
132 599
170 629
428 748
171 246
112 705
319 560
299 599
282 685
190 303
87 668
108 294
67 481
453 620
607 683
550 729
19 655
33 316
461 646
71 140
434 590
63 344
607 746
50 372
78 239
374 536
1 530
81 263
547 737
107 576
136 316
472 505
200 283
134 442
24 303
372 430
32 419
29 404
346 712
83 191
324 419
203 569
324 709
202 703
4 533
176 539
185 543
106 743
455 465
42 345
285 568
43 747
151 442
535 600
340 727
333 568
199 537
464 621
379 455
589 633
245 523
559 654
639 710
426 732
302 740
63 612
80 96
274 420
203 270
103 380
229 446
483 664
36 221
464 482
517 547
2 654
88 458
18 365
29 385
366 606
34 296
11 488
381 553
290 371
114 158
151 370
546 741
518 689
185 300
341 367
188 449
183 373
290 644
144 188
495 648
25 335
118 221
52 220
260 366
536 689
166 612
45 715
279 441
51 520
172 744
250 300
19 721
104 540
497 689
250 560
114 317
151 673
239 284
170 651
446 656
291 619
264 531
172 196
67 745
395 443
25 711
205 457
194 291
379 464
163 526
117 610
4 302
664 725
295 711
118 192
373 585
9 483
111 115
45 60
334 633
77 451
222 629
83 372
3 645
92 156
374 453
288 584
311 726
602 680
329 483
73 250
182 645
343 503
162 192
48 627
521 687
453 476
529 714
440 650
317 450
398 529
227 572
88 688
184 513
195 327
84 649
139 251
346 740
167 288
580 625
9 725
559 726
444 470
526 618
247 747
166 729
492 540
211 390
207 366
6 18
270 413
639 653
234 273
221 482
160 458
43 490
353 479
211 414
99 157
553 583
101 149
1 423
86 673
614 706
194 612
303 534
417 433
61 165
24 193
253 326
331 368
86 607
72 208
333 487
578 682
91 323
247 653
71 130
184 220
132 670
271 597
377 568
94 661
145 642
243 246
208 696
186 391
288 602
586 648
438 502
149 305
125 378
66 131
35 487
35 459
261 533
44 100
90 594
30 655
53 633
65 646
400 549
371 398
14 22
6 718
316 583
63 227
522 630
295 630
323 622
277 413
371 410
398 572
350 503
331 501
231 270
207 328
150 277
3 492
383 548
314 610
97 484
280 648
147 429
62 243
367 556
133 672
394 530
244 365
534 567
300 519
510 534
509 669
167 354
411 524
152 307
99 707
674 675
637 691
116 172
110 617
32 649
416 480
319 351
473 682
253 665
23 359
7 477
160 290
519 633
467 577
48 708
281 725
167 302
470 480
103 181
20 428
164 618
137 210
495 677
58 277
87 182
528 725
212 593
339 730
314 563
228 722
292 505
259 581
61 469
192 469
447 668
79 707
405 703
365 430
444 604
134 692
345 377
80 170
279 447
405 729
310 312
100 497
186 696
81 460
472 566
95 309
472 594
304 669
463 708
535 629
391 445
54 378
398 514
15 506
13 37
129 645
182 619
110 147
491 501
350 383
465 636
33 122
270 667
214 656
302 654
678 721
49 431
570 626
392 627
647 746
27 307
16 142
608 624
139 483
98 155
177 361
357 671
345 639
66 262
337 535
1 37
242 726
121 286
146 651
110 180
198 573
372 703
73 747
316 489
544 590
151 308
213 475
254 272
320 322
91 233
549 558
85 655
499 597
68 313
539 549
235 641
379 696
234 693
40 559
136 433
132 628
238 268
117 476
107 475
233 551
614 727
11 27
419 433
294 411
424 498
404 584
183 533
128 683
302 556
411 431
149 554
335 577
24 572
495 689
95 641
36 492
70 516
262 677
553 741
28 730
203 281
229 706
439 625
271 502
71 122
447 702
21 293
222 232
413 664
235 371
354 375
369 486
185 352
46 508
262 663
242 514
64 325
299 553
181 397
287 571
173 691
18 657
223 528
231 727
119 575
176 527
458 555
432 657
230 636
398 636
556 617
115 538
311 549
219 504
276 486
585 748
179 434
140 425
68 688
266 438
592 600
95 299
203 314
48 338
292 459
10 728
76 258
128 267
171 514
113 350
211 686
193 479
349 595
4 566
404 557
519 597
45 283
83 300
256 627
22 690
5 262
112 440
64 742
60 265
502 591
545 594
554 707
339 435
161 251
437 587
250 682
59 490
25 236
209 344
6 732
32 188
178 593
117 281
42 607
410 650
316 541
391 674
171 233
143 678
394 436
28 647
239 437
101 354
153 232
14 225
424 537
20 469
26 370
26 575
136 220
167 734
144 654
271 397
250 748
312 444
112 520
216 618
610 634
268 611
480 535
246 724
180 379
299 303
225 377
485 614
60 111
101 656
16 229
35 162
234 592
254 634
92 198
7 319
341 637
544 685
531 539
274 614
284 625
81 615
265 522
404 682
190 251
7 22
93 341
694 718
440 660
48 596
425 462
586 712
307 313
336 501
71 684
122 331
171 650
385 423
7 738
69 388
246 443
332 680
99 722
496 653
106 677
74 613
578 670
35 149
348 555
596 722
412 476
60 310
204 534
247 602
224 367
141 461
81 283
536 747
77 671
45 356
236 748
53 376
547 571
263 295
292 447
53 155
281 712
152 360
31 383
212 642
446 711
101 496
297 583
108 731
84 606
68 612
497 647
332 550
207 689
105 419
272 547
73 587
156 700
223 607
163 393
683 711
108 301
252 708
248 294
232 254
401 513
302 698
200 685
235 640
426 628
473 594
276 572
402 442
128 624
152 314
295 693
92 337
485 507
18 379
528 645
114 184
193 403
33 215
273 373
177 379
83 595
12 261
156 746
263 269
249 353
168 229
546 572
22 259
115 180
144 495
266 591
216 352
373 727
115 654
226 498
599 603
196 388
291 515
539 665
391 483
57 710
612 695
72 705
89 623
338 562
125 748
76 617
159 661
12 538
500 643
159 685
134 401
291 684
61 563
2 449
147 719
487 642
164 653
254 273
505 571
84 450
348 542
63 154
32 576
69 625
534 682
663 694
171 432
79 290
65 160
452 723
291 450
404 483
11 699
397 666
20 616
317 366
429 596
94 674
10 614
552 617
284 732
242 513
131 297
48 274
116 562
341 400
35 268
308 504
670 743
49 110
189 622
47 382
278 638
304 651
249 599
39 571
128 311
338 744
58 565
321 686
709 721
165 595
332 393
331 362
259 629
87 514
92 696
60 137
11 439
441 591
169 339
177 246
350 652
95 221
290 508
211 612
265 674
58 704
320 371
151 513
39 159
170 591
15 285
358 569
130 177
589 621
12 137
492 737
12 466
183 234
460 716
42 466
103 309
99 198
114 616
212 609
121 347
85 674
253 691
150 181
497 717
218 566
575 608
255 597
471 539
64 128
191 551
311 729
22 523
445 627
109 182
242 604
111 216
189 572
548 554
287 388
102 395
138 670
153 703
361 689
143 650
95 277
55 438
366 558
80 441
449 568
426 614
382 384
358 712
157 435
243 633
314 442
548 586
617 669
330 635
299 322
152 372
544 621
329 681
79 607
13 494
154 501
285 295
391 643
82 108
260 633
184 318
164 474
235 278
421 537
149 510
324 690
198 239
134 288
269 398
218 326
371 728
276 743
335 402
31 667
203 439
25 210
370 587
4 201
606 699
300 372
240 417
275 615
100 301
87 541
248 335
313 453
5 469
329 636
337 581
441 446
70 389
154 374
37 630
541 562
104 600
36 666
541 686
279 541
129 541
324 346
175 632
321 541
351 679
170 541
401 699
410 541
527 551
472 541
153 541
442 451
73 541
250 541
329 686
309 541
92 139
541 745
173 515
473 541
81 541
541 607
59 642
184 446
537 636
526 592
49 541
378 490
582 646
446 495
79 381
23 130
186 541
259 571
461 541
72 349
32 137
3 385
541 663
28 33
166 541
112 364
150 701
456 511
313 472
199 266
380 558
403 610
541 636
334 453
541 696
197 541
256 541
541 738
110 515
517 541
125 371
130 171
19 171
281 541
146 541
404 635
412 691
177 541
346 632
459 541
331 541
200 541
541 580
12 541
296 361
154 709
529 541
56 354
250 731
215 541
474 584
519 541
418 585
214 734
136 451
541 720
142 541
305 676
95 386
522 541
232 449
142 664
170 712
541 713
541 607
108 541
125 229
389 541
102 482
74 350
461 735
638 742
97 683
507 541
127 541
541 586
541 573
464 541
309 541
472 541
199 221
343 541
592 609
142 511
93 541
99 100
500 541
348 541
26 142
484 541
429 588
150 372
541 646
358 541
224 679
25 303
42 92
270 613
307 460
32 541
481 676
46 285
50 554
345 541
541 550
409 541
163 407
565 735
455 541
511 541
133 163
33 646
25 420
657 658
627 697
309 541
541 707
63 541
298 508
392 541
347 541
257 460
365 590
428 634
38 473
83 541
492 591
541 669
253 597
309 541
5 324
637 681
31 541
177 241
151 541
279 541
26 352
159 635
698 711
319 541
385 634
186 656
144 334
261 541
60 736
122 541
419 541
189 541
70 541
120 415
170 541
384 541
395 541
258 541
42 696
103 547
541 647
92 255
464 541
161 582
265 541
46 541
197 579
8 360
491 541
89 706
66 74
541 633
93 451
541 712
535 541
510 541
541 568
165 541
226 332
238 259
211 541
541 577
34 541
95 706
541 558
104 570
14 244
253 421
233 541
135 283
429 728
319 541
61 541
144 348
541 655
291 541
453 690
541 658
209 519
541 652
193 201
621 708
541 710
428 568
515 541
194 541
248 541
307 603
501 590
11 106
541 622
376 541
47 700
541 615
147 522
129 514
22 372
204 651
366 720
446 541
541 603
48 140
330 452
541 712
541 566
166 661
24 749
352 541
541 624
48 468
330 541
212 541
18 541
294 581
299 470
325 541
445 544
180 541
66 222
296 541
8 254
541 577
244 541
158 504
420 541
271 693
498 688
140 541
541 575
541 712
298 541
532 599
541 626
168 541
305 541
321 508
75 633
148 485
259 541
8 662
315 547
270 742
374 541
509 541
32 415
541 597
511 541
541 626
412 454
307 604
365 747
90 541
160 503
75 696
67 639
147 541
507 521
541 622
27 208
199 541
287 541
73 520
179 192
541 578
195 541
13 668
258 541
240 378
51 123
541 624
46 708
541 675
541 640
217 541
541 550
541 561
461 481
304 541
296 541
245 541
361 541
267 458
90 250
88 541
194 440
231 541
541 619
414 563
147 265
541 691
42 541
541 574
319 700
527 541
541 559
295 606
311 600
36 544
147 541
75 541
354 367
538 541
196 534
375 599
469 541
472 601
119 360
462 515
491 541
428 539
541 740
212 447
2 613
33 541
212 510
521 541
419 509
419 543
479 561
541 583
160 566
229 435
347 717
68 102
541 681
108 701
226 590
33 141
55 541
200 413
6 541
107 423
495 562
240 317
93 346
302 541
491 624
488 541
541 692
446 541
83 150
21 128
9 541
276 417
220 630
74 736
74 541
104 339
170 301
438 674
99 597
128 280
224 541
496 498
345 541
212 541
351 435
314 541
618 673
541 715
541 738
110 541
114 541
29 290
511 681
69 649
541 746
541 677
62 270
97 300
156 477
325 541
209 317
58 541
569 729
481 673
317 541
249 541
35 500
541 632
53 543
214 551
63 541
172 412
202 418
92 541
119 253
465 745
115 701
486 541
189 444
105 132
65 285
429 490
471 541
18 541
556 560
100 374
11 503
139 539
266 743
411 551
98 541
484 501
202 541
75 544
342 541
569 582
663 680
63 101
500 656
89 527
132 580
25 556
298 610
541 644
699 730
86 335
433 541
74 567
81 385
180 676
102 193
592 599
103 218
341 668
263 407
303 541
112 541
460 541
7 121
61 197
124 176
206 541
105 541
541 695
376 460
70 534
477 541
321 594
91 312
371 541
541 628
507 573
636 719
541 656
122 508
373 389
527 541
323 541
210 389
33 541
21 541
457 467
221 541
295 296
90 143
341 541
203 541
188 541
13 541
119 333
94 360
96 156
160 286
113 478
171 565
233 541
193 541
181 221
462 541
498 541
185 495
486 541
368 541
241 699
541 628
111 177
390 727
125 736
387 513
195 459
305 541
541 547
111 311
117 706
37 522
335 541
22 165
505 720
189 562
36 541
368 541
350 541
13 81
502 593
106 132
113 547
66 541
294 511
150 512
541 595
425 541
433 541
383 541
401 652
345 541
593 635
77 124
190 221
141 534
541 608
312 699
11 606
248 541
419 541
6 271
623 692
438 541
393 541
307 729
145 541
9 82
526 541
576 681
310 541
65 326
388 541
114 357
230 541
449 700
269 541
182 703
490 541
135 541
261 594
177 621
541 737
252 323
39 566
31 339
276 552
315 541
190 720
128 541
344 460
541 683
395 560
2 16
482 541
541 546
300 483
149 549
216 541
283 612
489 541
183 495
282 541
458 541
168 689
558 693
120 247
151 541
3 512
596 660
687 731
403 541
85 208
90 541
3 597
260 541
178 433
123 508
4 130
167 662
541 542
54 541
385 541
60 213
541 622
414 574
34 541
422 611
651 662
138 727
330 682
9 60
192 344
409 541
541 722
78 642
55 541
569 602
345 541
348 742
395 555
256 676
399 745
394 450
352 606
368 689
85 540
84 541
287 541
96 541
200 238
94 564
473 674
392 748
193 541
93 472
3 541
261 541
431 541
541 565
330 470
57 541
538 562
387 676
559 615
81 395
35 625
27 541
541 638
541 622
253 725
366 541
97 423
88 386
394 522
266 275
271 658
181 375
383 674
339 504
347 541
126 279
270 469
310 475
43 243
154 541
238 541
490 541
152 182
347 654
503 647
296 541
288 693
72 541
489 541
629 695
541 662
171 541
464 541
130 232
89 541
142 671
107 541
239 580
433 541
93 427
63 169
71 687
541 631
68 579
721 736
421 662
547 728
541 574
243 467
421 630
541 561
74 467
303 541
271 541
230 541
659 741
317 541
75 592
141 451
159 541
176 331
43 440
33 532
41 541
229 622
541 649
541 682
3 541
628 675
163 541
541 599
379 541
576 702
187 200
70 541
100 207
151 718
158 705
374 541
63 541
86 364
541 562
236 541
64 152
489 584
160 541
307 586
98 580
189 541
347 541
259 541
254 690
526 733
348 716
215 607
168 202
94 698
237 541
25 699
444 498
615 663
457 541
266 541
182 241
541 568
541 642
541 574
541 606
436 541
63 605
385 554
60 110
388 562
512 541
397 541
86 198
525 541
473 678
380 541
62 512
55 681
336 383
541 582
436 541
130 578
351 696
91 652
230 541
106 280
401 541
526 554
31 405
127 376
541 697
531 541
237 641
399 688
441 474
261 541
183 541
167 721
726 736
541 663
13 114
83 510
61 119
532 658
541 719
437 685
249 514
541 598
276 541
44 541
527 541
359 644
423 541
159 565
571 698
541 669
460 563
541 748
124 595
325 541
541 544
165 398
541 555
366 586
59 385
541 629
297 541
73 439
364 408
305 394
211 691
201 376
69 541
138 605
232 541
541 735
173 292
430 693
432 583
151 541
387 725
182 696
725 749
239 606
205 541
257 541
381 541
502 513
272 541
226 541
448 651
151 569
413 541
612 742
80 491
499 592
287 537
452 688
434 698
541 639
377 466
373 508
155 269
113 541
29 541
195 428
154 623
593 638
108 541
200 364
541 566
419 541
541 599
444 541
606 693
125 693
75 721
335 486
481 541
541 749
230 342
119 318
55 78
64 541
117 541
363 689
388 541
580 731
184 541
38 541
60 150
118 649
106 218
541 567
139 501
541 670
541 576
361 541
667 668
149 541
266 602
484 581
541 706
436 555
541 658
120 541
171 541
63 489
163 689
145 745
101 155
4 33
47 259
625 628
558 649
35 650
141 428
235 609
55 378
216 482
46 541
368 711
144 560
457 668
488 538
186 259
446 580
483 541
53 530
301 412
541 623
371 732
259 541
112 348
21 541
43 541
96 541
320 609
172 311
333 496
195 546
298 541
303 541
541 620
394 561
76 589
458 541
312 707
86 209
273 541
69 541
437 541
615 743
360 408
24 541
415 487
16 694
220 541
43 45
57 624
167 541
144 740
540 541
525 541
300 670
78 541
505 709
171 535
53 543
485 541
192 541
197 204
425 541
283 538
498 541
125 541
46 573
380 618
57 541
503 696
541 707
541 740
198 541
582 660
165 541
324 608
330 441
202 541
461 533
496 658
351 541
106 647
367 636
278 541
10 106
330 740
5 228
343 386
312 541
292 587
541 676
541 564
195 589
69 483
541 611
541 686
14 298
541 556
541 582
121 408
83 277
541 588
33 541
138 541
541 622
373 541
252 541
515 541
30 711
178 581
308 682
435 609
446 667
398 416
271 634
541 662
545 640
541 615
7 541
380 622
531 541
541 583
467 541
341 737
494 628
541 748
64 541
215 541
199 611
541 617
17 541
541 565
119 401
313 536
311 541
541 674
266 513
219 541
285 640
395 541
234 511
11 541
286 726
165 541
52 666
233 593
295 541
4 541
57 297
6 661
126 451
416 432
305 541
162 541
541 653
45 434
481 649
51 541
541 691
37 49
541 633
275 608
73 541
123 635
19 541
14 130
84 653
519 541
541 629
311 328
294 541
541 621
541 588
146 542
569 580
541 750
236 473
276 631
324 354
167 445
29 541
265 514
60 359
253 541
352 747
541 571
123 620
146 288
203 541
209 541
107 679
79 541
315 467
237 664
107 611
282 576
302 541
541 617
271 593
208 576
68 698
541 558
620 667
124 419
64 704
488 541
344 347
266 462
246 523
499 541
254 541
125 541
15 541
483 744
513 541
239 246
271 725
220 642
355 541
354 722
320 541
541 579
541 552
133 235
227 541
541 612
549 614
137 510
146 727
541 549
541 742
55 521
186 541
430 487
7 596
62 166
541 587
127 298
371 398
262 699
29 479
43 541
180 279
454 674
357 541
229 631
212 541
432 486
329 541
197 308
89 541
541 739
18 178
396 541
19 541
50 541
484 689
541 730
541 723
316 436
197 626
357 541
276 337
186 396
289 541
137 541
68 370
130 483
421 541
541 616
159 264
501 541
90 497
249 541
98 541
8 710
109 260
557 621
290 428
75 556
144 607
426 458
321 359
346 466
239 541
36 239
478 541
368 487
39 541
46 189
162 541
207 375
32 193
178 609
15 734
297 541
541 661
625 628
90 487
541 581
98 632
78 219
211 750
113 441
653 673
354 449
153 539
541 569
541 673
493 554
263 571
149 331
26 714
183 541
541 672
360 541
117 541
398 541
541 619
355 541
92 633
118 692
157 242
372 541
541 605
161 719
2 52
541 601
183 541
155 199
231 437
399 541
650 677
219 520
428 542
73 244
278 534
189 527
20 678
91 541
4 541
166 437
114 572
194 596
439 520
449 541
106 541
268 541
159 541
72 541
356 541
626 725
182 430
183 541
285 705
660 743
382 451
234 541
176 541
4 170
323 740
1 535
169 638
541 655
362 406
168 625
230 442
541 703
424 607
541 658
107 333
23 613
48 692
186 541
177 607
127 508
173 199
122 695
541 746
495 728
96 735
541 631
398 584
541 635
281 584
146 615
141 541
88 303
541 690
44 716
186 541
279 488
495 541
282 541
291 323
84 207
250 351
307 449
304 541
541 603
541 561
56 90
32 541
336 473
88 297
486 541
275 541
432 470
140 749
446 466
174 586
80 541
459 541
541 651
111 554
21 541
335 443
498 572
11 530
345 541
122 691
106 595
454 541
80 541
160 288
427 666
541 629
182 541
185 522
277 610
85 541
78 541
36 38
201 674
541 568
55 379
584 659
541 595
466 641
471 688
30 541
210 564
154 490
541 546
310 515
154 722
508 541
90 625
358 541
426 541
348 350
138 375
526 541
145 403
170 581
25 171
126 626
412 541
506 541
541 570
65 541
247 305
456 541
284 541
145 595
245 541
612 710
8 541
518 746
541 585
217 541
406 541
457 527
301 358
183 330
205 595
238 541
523 541
195 541
100 652
263 541
236 703
417 541
387 541
541 577
463 541
202 506
68 541
335 596
36 188
541 729
417 541
16 321
427 464
541 695
180 541
541 588
291 697
49 478
346 391
171 541
306 637
64 541
541 685
541 610
102 156
31 183
324 545
541 724
19 653
454 501
87 339
37 541
541 677
397 541
300 541
1 561
299 397
68 95
541 656
5 502
13 541
68 152
465 541
541 582
368 541
205 309
461 541
241 359
172 468
464 541
69 438
181 541
145 504
234 329
427 541
499 550
117 541
243 541
303 541
170 541
249 541
340 541
46 400
405 541
148 286
83 749
366 541
328 409
86 706
427 541
293 318
130 541
499 541
472 599
271 650
255 541
541 635
541 743
85 273
263 541
54 607
76 290
207 538
213 345
489 636
541 681
123 541
541 563
541 694
19 719
390 541
2 523
381 732
541 588
498 634
208 734
132 501
407 662
440 541
97 584
196 541
536 580
159 744
59 663
474 541
170 456
414 541
378 541
181 742
120 541
245 344
584 642
460 541
326 381
76 395
246 276
58 270
238 541
354 541
128 590
226 617
541 681
541 741
184 547
23 541
198 689
541 599
188 541
565 707
25 706
499 541
142 541
77 541
85 527
188 541
541 654
143 541
108 519
13 403
252 598
545 675
393 584
48 361
294 541
424 541
355 514
473 541
365 390
385 541
662 737
328 689
92 541
440 650
512 541
82 479
541 729
541 589
541 556
464 541
7 75
541 675
184 420
527 541
541 605
456 640
541 648
670 699
151 225
391 541
46 201
282 589
541 598
456 541
419 541
80 541
117 614
282 541
575 645
274 541
148 541
274 296
61 383
327 457
321 541
256 722
96 195
103 344
133 247
149 731
31 233
429 532
65 541
446 738
333 644
212 252
175 720
72 353
485 541
434 541
238 541
351 427
4 308
541 638
541 698
541 746
278 298
154 541
116 273
294 335
8 666
285 507
541 628
470 541
350 618
616 725
306 541
341 541
480 541
233 528
205 464
328 570
696 746
438 558
511 541
541 610
514 541
34 386
16 178
123 541
229 702
604 622
425 541
144 258
436 541
448 541
541 623
169 474
541 708
113 173
79 428
225 541
13 65
541 694
221 332
183 643
425 705
541 727
632 635
319 499
234 541
103 107
353 541
261 612
347 548
159 560
626 645
85 222
538 541
176 541
59 441
541 564
394 623
541 554
44 51
58 541
173 696
541 636
541 677
38 321
291 467
202 541
263 448
541 737
186 719
541 704
541 667
9 445
629 720
38 91
585 611
326 541
251 541
510 541
549 736
119 710
541 603
541 601
230 448
268 541
118 162
249 420
239 271
165 541
17 46
7 541
400 653
31 129
190 662
536 541
503 716
541 614
22 107
209 388
233 701
541 598
452 541
99 112
224 534
663 695
537 541
449 541
231 500
541 628
10 541
509 541
253 689
346 541
420 727
344 541
90 541
55 271
21 541
241 458
452 745
495 541
297 399
287 316
86 448
541 576
541 641
19 541
386 559
271 541
72 545
307 636
120 500
316 541
351 623
404 567
128 541
42 541
36 229
541 604
241 259
461 541
541 666
294 541
254 541
1 541
79 677
376 541
10 336
25 541
5 541
85 541
464 523
576 675
541 642
389 541
25 320
390 537
100 392
541 647
541 668
323 709
344 444
724 742
470 664
395 413
26 199
354 541
400 541
150 225
65 615
276 703
181 524
111 182
541 629
424 541
204 541
253 700
302 409
541 577
162 616
541 745
192 303
44 541
515 541
663 690
440 482
162 306
357 539
143 692
351 527
142 541
483 688
144 541
541 696
181 541
276 513
466 541
614 741
38 463
298 510
203 541
45 651
342 541
418 541
108 417
311 611
541 621
429 572
541 704
94 743
541 726
313 541
541 730
64 744
62 170
605 698
186 352
123 139
283 541
114 231
541 543
169 660
185 541
508 541
249 541
36 541
541 719
198 541
199 541
140 636
23 471
346 541
276 541
224 541
22 541
134 688
145 599
101 342
124 218
134 541
111 541
52 214
62 127
176 616
61 551
541 562
364 413
21 84
541 715
126 541
200 590
176 498
77 541
321 541
45 195
541 674
314 328
154 648
99 376
183 534
427 673
408 423
426 541
42 499
394 541
297 541
149 541
541 711
479 692
199 638
317 745
541 617
541 593
397 541
426 684
269 663
235 499
102 541
541 661
101 431
171 216
541 579
82 313
615 665
229 326
24 304
371 541
541 681
364 554
541 637
541 745
255 534
196 541
307 541
440 541
97 119
541 721
373 541
467 541
41 499
319 344
93 541
252 541
718 737
541 661
229 541
297 541
318 541
54 88
39 734
214 373
63 627
525 541
451 478
541 731
450 541
402 541
135 282
113 259
340 457
361 399
11 739
448 556
279 541
256 616
177 356
336 541
431 673
176 400
541 654
29 541
234 528
171 541
412 459
532 541
82 541
137 600
122 541
541 565
175 320
330 738
184 306
602 738
540 541
23 508
115 541
389 592
11 703
368 709
619 626
541 545
393 554
379 474
170 398
348 373
32 532
21 304
455 541
541 737
461 541
36 684
186 322
326 541
325 551
44 600
143 519
270 573
239 541
222 541
45 384
19 541
76 525
303 541
358 541
62 124
413 607
418 730
338 541
500 541
300 672
530 541
57 316
66 541
425 493
493 541
363 733
211 699
541 723
540 541
60 541
398 456
541 707
303 642
392 682
248 541
510 534
139 703
541 616
365 541
265 345
25 541
541 588
112 541
541 603
541 619
125 348
263 541
375 541
222 588
341 541
211 350
289 541
84 85
573 689
137 541
541 601
376 474
380 541
381 499
75 484
49 727
541 626
73 541
359 530
204 461
317 354
541 640
119 541
355 557
29 541
119 541
541 603
541 683
541 608
39 310
244 260
69 368
541 570
402 734
249 736
91 541
195 541
57 650
26 541
348 540
466 690
123 324
203 541
500 541
179 225
291 599
165 711
67 541
349 597
327 401
438 654
43 541
278 494
203 564
114 541
251 268
279 561
66 604
541 706
150 344
211 577
384 541
541 715
541 702
541 564
476 563
281 541
117 541
307 619
116 591
9 491
69 394
374 433
541 597
541 730
501 541
186 390
454 531
189 590
126 541
101 451
86 119
429 541
253 652
506 541
541 599
541 625
541 690
291 553
541 617
478 598
541 648
277 407
404 541
520 541
29 230
369 644
184 589
259 676
18 541
386 636
387 541
342 531
541 620
337 465
268 497
164 247
541 614
541 650
415 681
541 670
39 541
341 569
170 398
370 541
282 319
361 541
184 541
409 541
541 743
274 469
541 631
213 541
146 635
541 592
206 730
152 541
544 551
302 541
96 110
516 611
300 541
315 543
98 341
129 541
305 523
242 541
541 660
216 541
368 478
241 309
37 733
74 722
60 541
287 586
544 737
89 541
526 718
55 541
21 541
99 446
209 440
334 544
146 624
194 481
50 156
86 224
266 523
374 634
307 541
403 548
27 636
722 737
108 541
122 626
411 598
258 456
67 204
38 265
26 705
541 737
541 708
123 245
14 541
98 300
8 564
111 602
443 541
190 560
354 541
541 726
132 541
541 692
161 555
128 276
36 541
132 153
626 687
324 643
254 500
36 541
142 415
295 530
541 662
30 541
236 344
376 603
249 582
137 578
452 470
167 532
502 615
501 541
349 648
541 582
24 541
533 541
541 644
149 541
698 734
411 562
320 541
491 541
173 541
541 571
191 675
421 541
91 457
158 651
511 714
423 541
435 541
127 428
494 541
396 482
272 367
93 630
99 103
541 562
399 534
715 717
541 690
122 536
515 541
403 609
541 636
418 542
37 424
8 699
214 541
189 512
319 541
115 279
541 658
95 523
146 494
33 541
499 541
262 542
464 680
243 574
506 609
219 746
541 728
64 580
541 692
157 415
599 689
59 381
154 563
144 427
286 541
541 749
348 674
20 571
500 541
541 594
17 541
378 541
164 548
160 434
282 541
402 411
398 580
20 51
376 568
560 681
72 368
310 726
70 541
109 349
456 541
269 700
479 541
541 593
325 502
226 738
29 541
78 175
110 541
351 541
108 576
152 541
541 679
412 662
416 541
54 231
382 541
296 744
420 459
176 541
21 56
75 266
466 665
277 479
89 541
56 384
24 541
466 541
466 698
467 626
488 568
511 541
512 623
296 541
541 548
288 539
87 541
505 541
539 541
71 633
252 630
409 541
105 138
51 227
537 575
439 606
305 594
119 664
31 541
193 509
541 722
441 541
239 521
14 541
380 541
270 541
541 698
541 576
69 541
323 541
406 541
98 336
635 668
436 690
36 541
541 654
177 245
541 578
190 541
93 492
178 541
137 541
464 541
352 541
218 541
296 309
435 728
12 541
79 457
467 631
91 401
637 671
91 569
81 355
150 432
290 541
26 269
509 624
185 541
90 416
232 423
158 476
76 541
226 408
280 648
555 620
277 541
199 541
147 541
45 371
44 541
68 212
282 651
209 712
201 541
50 428
541 734
145 375
130 685
516 710
138 505
410 541
285 570
57 404
541 584
83 541
39 392
309 541
111 674
444 510
167 511
541 719
82 292
673 679
414 541
100 628
93 136
98 510
541 640
205 541
378 541
541 554
541 673
85 115
578 646
235 541
602 745
412 541
458 605
159 700
3 230
434 541
541 612
291 541
446 450
99 183
530 541
339 559
185 455
304 711
696 710
220 422
151 576
72 427
564 658
158 624
84 394
392 541
472 541
133 716
639 743
541 644
541 657
14 668
129 541
439 470
433 624
461 698
420 541
252 529
489 499
541 644
538 732
343 732
396 486
9 110
460 541
464 701
541 723
59 742
105 224
261 313
95 377
541 543
113 474
149 647
324 418
541 649
541 616
581 744
601 720
273 643
61 369
279 541
39 441
129 541
325 640
57 456
491 517
320 399
541 620
25 541
198 246
219 541
599 727
385 541
349 375
541 739
117 678
604 662
436 593
110 541
104 281
187 202
54 143
63 541
568 681
423 554
541 608
561 680
108 528
309 541
170 657
552 562
541 637
296 541
541 572
549 565
20 547
175 720
56 261
431 541
155 541
378 661
541 563
498 541
233 681
18 629
225 315
332 541
541 622
494 541
4 210
519 707
117 496
49 541
353 718
683 722
46 289
128 325
202 743
275 650
329 385
145 375
55 541
321 541
218 541
541 727
470 675
323 541
490 719
268 541
541 639
697 709
39 485
541 577
386 541
99 719
31 583
103 255
345 738
128 312
92 541
61 377
224 541
467 541
346 427
68 541
268 709
182 246
250 515
331 541
51 275
524 622
30 388
541 702
152 515
196 604
541 624
347 541
516 692
311 539
196 716
402 672
254 495
117 541
609 730
541 638
119 584
227 517
103 119
484 564
396 541
541 576
240 667
24 551
66 371
123 667
345 381
410 541
490 541
353 522
154 541
251 541
498 541
409 541
11 345
214 408
558 704
537 541
541 722
216 298
614 676
47 582
21 541
332 541
298 626
50 500
298 541
262 627
168 418
183 336
422 541
99 541
310 541
27 314
161 471
460 541
98 649
142 262
541 575
536 541
144 668
226 249
405 541
235 664
8 461
57 437
149 541
115 254
661 679
52 541
161 541
251 603
62 374
23 336
631 735
89 296
152 541
451 541
270 493
67 376
541 586
12 56
81 107
541 582
452 541
541 649
541 616
238 600
541 612
440 541
143 541
382 541
172 216
114 705
276 541
326 541
74 219
541 675
66 167
530 541
311 592
266 541
541 734
476 707
129 541
42 541
541 590
228 541
384 709
377 711
29 403
393 543
91 348
590 625
460 527
22 404
533 541
525 541
414 469
115 541
130 346
526 541
104 541
261 541
88 538
45 541
350 674
134 216
585 697
117 541
286 594
541 610
541 676
384 605
457 669
51 541
506 739
541 633
13 527
228 541
431 742
74 209
301 365
151 541
161 379
467 541
2 551
239 541
541 725
209 538
140 384
46 392
528 562
12 252
723 727
541 714
541 716
313 323
541 580
560 746
513 547
584 675
243 541
359 381
143 149
372 459
410 456
473 743
137 383
373 541
511 732
453 541
430 541
137 620
381 398
153 414
50 541
444 541
714 726
185 541
473 594
212 656
275 541
82 443
427 455
541 656
125 541
483 541
417 579
501 743
239 541
90 745
102 692
115 541
439 545
541 686
358 484
22 541
541 543
43 541
260 406
436 541
408 732
567 625
541 642
144 223
40 144
328 541
282 541
541 669
5 578
541 708
293 541
505 512
10 40
54 198
455 541
190 541
541 726
541 651
591 650
106 541
248 541
20 541
451 695
360 737
478 541
1 622
541 656
27 652
541 683
621 631
299 719
17 743
64 541
13 16
302 541
219 541
91 384
348 599
83 687
125 541
52 541
279 328
508 541
496 541
428 541
248 355
456 697
219 235
172 709
8 382
218 651
474 541
278 541
100 642
239 475
463 532
230 379
219 718
269 534
455 541
541 635
419 703
441 667
88 541
553 688
240 541
116 541
167 663
186 506
173 219
349 541
377 477
420 541
390 541
168 570
541 745
541 615
541 703
242 401
69 276
531 541
307 640
541 620
214 541
87 214
541 709
541 580
471 638
135 719
606 635
153 559
304 541
35 541
116 196
115 349
541 729
541 738
398 541
154 439
114 541
4 709
54 624
390 541
302 541
403 455
305 470
541 637
209 280
35 404
65 199
532 619
609 615
557 747
650 710
156 648
428 493
124 179
116 707
425 546
541 643
464 541
35 438
412 671
330 541
236 541
11 620
541 562
541 648
541 566
182 491
70 541
493 541
73 457
541 630
489 541
324 610
431 541
397 541
319 552
541 557
177 541
462 541
249 350
294 604
66 541
541 619
252 541
226 541
541 556
522 541
212 541
622 717
541 721
85 280
346 580
328 343
405 503
338 743
80 541
541 572
311 541
275 541
31 687
447 738
226 438
30 596
400 527
541 627
205 236
189 541
67 427
20 422
322 378
494 504
257 633
114 541
294 660
541 583
66 318
277 490
96 542
613 622
171 243
438 541
195 275
189 363
9 110
382 403
247 580
281 468
403 541
218 718
508 541
116 627
439 581
130 232
342 556
139 541
541 620
509 541
541 627
541 682
457 650
315 740
439 541
538 729
152 541
55 297
424 686
28 102
52 283
512 680
180 748
160 448
541 661
541 634
139 541
7 294
541 649
479 541
330 676
240 531
626 688
1 541
623 677
410 541
48 718
10 505
209 507
541 573
541 583
347 440
400 541
92 747
188 398
401 674
51 541
541 742
109 740
205 541
6 138
103 541
541 605
306 654
541 732
541 679
439 541
495 513
460 750
140 686
404 541
382 393
201 248
577 687
325 541
29 236
612 728
63 541
19 418
180 481
20 450
6 541
332 541
383 541
164 541
703 708
145 744
58 571
134 498
238 308
266 541
541 644
298 729
375 541
179 541
541 617
280 546
342 489
99 541
446 649
254 316
426 538
541 701
215 645
25 536
177 462
556 676
192 541
341 541
414 576
156 541
191 541
234 541
540 635
182 541
273 441
454 455
262 620
29 605
357 541
336 541
87 749
251 541
81 541
437 724
26 541
478 671
565 646
239 541
220 425
47 415
217 541
27 541
324 541
541 711
589 625
257 556
264 273
361 541
77 375
137 541
227 541
104 121
483 686
511 541
73 553
23 541
53 414
263 541
541 629
541 679
321 347
147 541
131 649
218 588
30 734
487 657
175 517
193 541
463 541
541 571
541 589
140 541
541 702
399 541
276 541
379 401
541 714
287 711
127 325
376 559
159 409
161 541
541 574
269 735
600 657
285 467
134 541
173 261
229 541
541 545
459 541
59 541
414 541
273 397
92 666
146 671
710 724
274 541
341 541
387 398
422 541
541 664
280 388
398 541
447 541
112 323
270 541
12 505
306 541
183 578
28 577
118 636
73 565
541 657
40 100
176 231
541 709
49 401
180 454
541 596
73 619
499 570
252 541
486 696
671 678
386 588
463 541
116 316
138 408
216 407
229 306
252 508
327 442
92 541
259 586
37 205
84 541
541 644
413 490
370 468
690 703
342 374
400 422
319 744
105 237
599 609
550 743
283 427
117 541
80 135
116 122
495 527
34 541
41 541
29 130
417 541
536 541
121 541
602 674
541 652
74 369
30 615
175 367
223 541
706 727
483 541
394 541
196 541
362 597
93 151
131 680
157 541
95 541
337 572
91 295
541 679
541 697
135 737
172 199
221 541
264 265
27 697
443 541
186 445
541 715
249 646
106 541
289 541
244 466
677 745
69 568
387 541
287 521
36 541
314 343
486 513
578 657
59 541
122 541
277 503
201 541
364 623
149 465
173 695
541 616
266 290
541 706
201 267
240 256
541 746
243 654
2 615
51 454
316 420
540 541
280 678
541 608
453 602
267 319
310 541
541 587
541 607
467 550
115 541
345 621
253 541
192 541
541 551
20 541
541 552
46 272
541 551
432 541
68 656
294 541
219 541
271 541
226 541
366 576
173 460
133 749
362 541
246 271
278 382
95 541
183 445
315 541
541 569
447 541
126 541
122 557
216 541
252 541
92 632
79 541
213 489
193 417
459 750
541 593
215 541
23 541
280 512
53 526
375 455
125 541
69 162
317 541
77 541
144 541
228 368
154 547
541 672
541 578
287 738
86 541
284 541
489 541
74 541
73 623
132 446
541 696
49 709
230 467
330 483
541 565
541 667
297 610
92 262
200 541
488 617
397 629
162 541
424 541
228 541
207 541
581 683
541 671
538 644
208 541
114 541
541 602
541 729
114 541
209 360
541 610
342 541
484 490
67 357
391 531
604 749
139 541
74 588
541 631
183 251
163 406
121 610
278 451
186 315
47 661
114 541
379 541
369 393
541 648
31 734
154 495
382 541
18 274
29 541
315 572
56 541
480 716
34 541
69 261
73 541
54 556
563 661
150 541
77 518
444 541
399 547
126 541
470 588
109 452
45 541
313 541
541 611
541 657
37 151
206 280
23 708
14 306
44 541
414 541
189 715
539 730
139 541
200 541
231 582
412 631
541 645
378 478
194 471
216 353
310 541
460 541
6 592
438 723
352 429
382 434
357 541
325 636
15 481
205 493
541 689
83 541
541 739
406 595
87 541
102 454
145 169
252 472
74 200
426 543
572 744
12 541
138 520
631 688
63 254
53 187
586 630
221 337
537 541
153 289
357 360
50 656
93 521
244 541
291 541
445 541
253 541
561 647
386 584
37 422
427 543
281 541
499 661
100 601
541 606
19 541
541 714
535 541
197 472
64 286
33 214
336 389
91 746
58 541
250 541
441 600
372 600
139 229
1 541
541 543
255 541
746 748
693 696
45 668
81 228
50 394
541 677
513 720
138 496
260 626
541 609
292 729
541 600
53 588
290 385
16 541
30 330
92 541
541 653
341 541
608 638
300 684
194 238
17 64
349 541
269 541
362 535
482 699
320 387
664 742
127 541
187 328
351 541
5 179
102 541
211 484
389 541
107 618
288 541
541 572
227 541
445 541
76 461
196 205
506 559
79 746
405 413
139 541
413 506
541 655
66 359
293 609
443 541
458 541
66 541
213 296
228 541
214 242
40 692
521 542
21 541
658 716
113 541
66 541
330 385
35 626
147 541
541 646
383 705
438 642
462 691
201 541
250 616
139 283
191 440
172 561
455 470
271 541
241 730
496 541
40 429
223 298
665 736
441 626
230 541
121 541
239 541
228 231
49 541
287 357
142 603
421 541
208 440
116 567
419 541
541 579
440 541
56 541
198 541
400 408
132 388
210 541
282 541
65 541
77 137
148 368
574 724
270 541
232 709
529 668
125 401
217 645
46 633
541 729
171 525
317 324
438 541
43 402
515 541
43 52
107 331
439 597
194 364
385 541
169 367
332 675
231 349
143 541
541 628
74 400
12 246
600 693
517 541
523 584
541 721
13 36
34 541
9 46
426 541
467 524
130 541
59 451
129 644
517 541
440 679
93 526
541 614
479 541
552 697
186 541
186 228
192 541
224 444
45 541
231 358
541 562
479 541
29 147
462 561
262 425
136 475
244 541
740 748
313 393
257 574
443 541
244 344
641 723
368 692
362 658
6 589
19 541
70 292
333 541
7 541
589 682
117 711
33 527
232 519
118 541
695 705
82 541
115 541
275 667
541 688
541 634
302 340
423 541
289 391
290 709
303 504
34 605
100 541
638 733
25 541
478 541
166 426
541 583
212 214
145 541
344 541
191 387
213 541
162 418
523 541
515 541
168 442
180 601
344 597
112 373
53 505
436 601
133 541
140 541
541 653
527 550
223 698
635 726
305 565
499 541
210 226
654 661
504 541
198 209
602 672
335 541
212 470
446 451
311 582
139 541
442 655
419 505
333 541
9 527
294 314
216 368
589 715
341 501
615 714
541 608
101 227
154 356
125 324
541 720
293 701
488 579
25 337
115 541
418 541
181 541
513 541
30 98
166 615
291 541
179 361
541 750
204 715
451 576
541 658
514 702
486 541
558 682
149 166
581 594
156 541
500 541
540 587
332 652
65 671
292 411
541 743
322 541
159 506
541 650
325 541
90 591
76 288
290 617
575 638
700 723
121 138
192 541
58 541
298 719
531 576
122 389
78 541
189 531
15 54
89 491
121 541
213 729
156 411
340 405
189 262
143 541
421 686
45 354
113 541
233 541
146 541
257 307
12 225
134 615
122 541
526 639
265 541
127 485
140 430
541 685
4 406
207 657
315 541
171 541
235 513
541 587
60 291
538 541
541 727
229 500
187 541
68 182
371 544
110 633
354 599
226 541
256 615
188 221
400 541
18 528
252 541
86 537
188 541
322 488
228 545
81 409
405 541
32 274
541 634
464 594
376 690
347 541
372 481
72 573
436 670
299 541
188 541
2 289
605 631
541 588
541 591
308 541
309 541
252 541
216 713
541 694
541 588
545 741
541 622
95 455
198 692
377 541
66 592
383 662
522 541
428 537
47 165
1 550
504 541
232 265
267 541
365 447
12 728
389 541
117 180
5 114
230 541
71 513
138 339
541 740
23 332
3 541
541 743
92 472
262 637
43 695
434 541
228 334
541 551
365 541
370 541
472 541
249 353
164 283
154 692
48 693
104 640
119 693
541 665
578 652
242 720
193 276
232 264
92 308
541 577
137 541
471 541
253 541
95 529
239 541
588 680
430 541
357 731
541 681
474 693
60 165
199 668
541 580
80 265
251 541
35 58
70 166
677 699
279 541
256 455
435 660
70 378
462 541
164 687
421 731
652 655
19 541
304 632
89 397
545 664
541 577
528 600
17 541
291 421
541 556
283 541
414 458
408 541
181 400
541 565
203 415
581 624
533 541
523 738
453 541
81 541
83 541
218 541
215 541
124 587
180 226
201 541
117 647
25 541
362 541
68 541
145 541
541 651
246 541
266 574
541 548
222 548
161 641
541 583
120 655
66 541
121 541
541 717
250 595
97 425
253 592
700 714
376 503
534 541
75 477
541 672
541 687
152 276
416 560
541 633
116 541
125 541
276 546
223 273
15 672
319 529
433 656
357 393
343 541
275 700
35 541
55 517
133 497
79 436
4 693
415 541
318 667
180 521
439 693
306 541
459 661
541 703
214 623
139 345
183 541
395 541
299 733
419 541
526 541
163 431
108 541
29 464
541 577
64 223
273 541
166 259
26 198
6 41
231 716
205 407
104 313
67 541
135 589
504 541
343 519
91 435
245 628
106 541
505 541
119 750
278 332
21 43
16 380
398 456
149 541
243 529
335 541
181 242
332 421
132 488
356 463
12 695
475 541
164 541
185 537
580 728
54 676
535 541
251 272
74 382
14 95
93 200
145 674
193 281
1 716
284 485
164 254
305 633
359 541
365 561
311 587
290 541
472 552
222 449
53 541
164 541
206 647
448 541
327 541
541 649
323 739
452 731
103 598
275 541
409 514
58 135
541 746
423 541
279 541
342 541
732 739
313 414
391 460
163 646
414 541
163 655
541 706
382 414
541 677
541 702
138 263
75 426
454 541
80 541
227 541
67 124
195 382
696 727
331 541
119 566
400 541
92 515
448 593
31 36
1 627
122 575
147 541
605 622
49 717
365 673
730 733
271 541
541 688
116 450
541 696
130 541
7 541
245 532
337 627
90 123
193 670
443 541
180 541
104 541
541 639
235 347
156 415
109 541
195 541
48 270
111 498
102 624
323 541
431 541
362 602
432 468
40 623
541 654
262 541
541 630
550 585
376 541
143 258
381 691
180 392
357 497
541 586
399 517
380 720
4 194
143 541
278 541
50 356
97 541
73 92
365 659
370 541
74 541
247 541
131 521
37 599
433 737
599 606
541 685
12 335
126 443
54 324
402 541
11 301
48 434
2 479
161 541
235 525
319 451
541 545
70 309
115 541
36 313
553 677
81 559
541 651
104 467
540 541
186 464
256 336
159 645
551 717
278 449
165 541
138 437
190 643
99 541
139 423
529 541
109 596
223 541
26 707
360 688
541 717
167 541
541 694
541 595
49 720
443 537
143 172
219 541
541 744
394 402
541 582
272 468
256 401
252 299
541 609
104 724
5 541
380 388
510 629
233 689
261 320
253 608
160 600
291 541
43 541
26 541
139 541
25 541
283 541
168 648
479 533
632 719
23 468
306 642
346 380
339 397
299 481
541 626
384 541
16 541
527 541
336 541
20 193
192 541
513 697
518 654
541 693
446 541
472 541
583 631
268 541
73 177
330 721
115 541
111 417
309 541
244 600
251 500
481 541
262 361
107 429
158 726
250 492
224 728
118 622
251 279
11 541
340 541
187 678
235 315
175 359
578 628
67 541
126 671
130 620
220 472
30 733
111 541
541 728
541 660
270 337
541 727
527 640
541 563
385 430
217 419
541 745
345 602
225 547
319 648
541 663
176 628
185 328
367 541
35 518
541 575
46 353
541 747
365 541
539 697
55 636
152 541
69 316
155 541
245 541
541 696
18 441
72 441
14 541
220 541
258 541
196 683
7 576
276 541
452 596
151 541
253 541
243 541
104 541
284 485
328 423
202 541
293 645
33 655
541 680
541 724
178 541
170 541
84 718
280 613
194 541
42 288
206 643
144 196
123 467
136 329
3 163
263 407
451 732
144 541
169 546
541 654
292 557
66 135
547 626
183 403
172 603
545 552
556 742
397 414
345 639
500 600
541 624
345 541
383 595
52 369
447 541
1 541
497 658
275 749
378 541
50 541
444 743
274 547
405 504
541 740
404 541
299 541
443 541
288 389
45 541
95 541
363 572
112 541
541 632
76 398
287 541
504 738
391 416
100 477
89 541
28 129
523 541
262 541
75 485
376 541
201 745
118 730
324 621
221 224
304 500
83 732
459 511
541 683
7 450
148 548
119 500
33 725
65 541
529 541
446 708
70 541
460 594
269 541
249 346
99 541
178 541
123 731
541 729
18 736
640 660
13 363
686 718
369 541
354 457
77 260
310 457
190 444
465 643
472 541
447 638
183 239
10 152
281 735
391 510
75 541
381 541
421 541
364 593
402 580
40 529
541 650
164 650
507 541
512 541
110 349
22 541
86 226
463 541
157 541
165 385
470 739
70 428
294 582
525 652
172 560
541 704
328 597
432 555
541 630
346 349
34 202
258 582
541 620
123 541
83 682
132 586
128 483
74 541
316 541
541 620
198 371
507 541
101 601
215 375
491 588
381 541
69 559
434 632
405 541
541 578
41 541
279 407
109 541
306 541
656 668
525 541
375 661
426 701
60 178
354 541
537 541
404 510
168 277
486 706
3 597
336 541
79 128
391 686
541 709
506 541
516 611
510 653
531 541
541 643
159 541
429 522
538 541
43 733
524 571
34 114
75 541
503 699
50 541
316 541
320 480
226 541
43 505
416 544
186 634
193 541
326 689
3 541
564 715
180 343
541 715
541 655
210 541
162 348
202 541
45 210
541 543
541 542
101 466
87 712
560 665
117 594
231 398
48 541
42 346
224 537
118 431
227 486
24 508
24 590
334 541
541 709
96 747
541 671
280 518
541 612
474 541
541 703
264 744
53 256
37 148
245 443
95 139
533 541
86 171
87 454
391 541
33 362
74 652
378 541
472 524
267 387
444 541
272 602
58 726
194 285
541 612
456 674
184 645
51 148
61 319
541 605
110 656
24 425
650 726
363 541
406 707
412 460
333 541
381 541
541 682
541 650
187 289
87 259
436 541
446 456
541 586
117 541
54 519
304 641
541 644
315 503
41 589
85 207
329 541
541 707
384 747
541 681
196 701
127 734
635 639
541 608
52 725
78 165
415 541
15 514
451 541
406 506
442 536
317 476
61 614
154 541
11 386
532 610
195 357
141 199
203 737
301 551
85 447
30 541
409 413
541 682
125 541
541 556
131 541
348 405
541 743
325 741
295 339
12 541
27 382
239 331
164 541
235 451
123 371
69 541
30 626
440 455
228 397
81 541
264 452
282 373
478 541
435 541
128 291
105 148
310 613
290 541
20 302
32 417
152 739
69 541
496 541
432 524
280 541
135 161
541 613
47 198
121 548
114 541
27 289
169 725
340 748
375 541
541 696
541 722
541 544
70 652
255 541
505 584
541 634
531 588
698 702
188 541
541 703
296 586
311 541
248 721
156 452
94 541
14 446
544 589
407 579
103 207
4 342
25 541
2 51
11 738
45 518
453 532
452 690
541 669
247 414
541 566
204 308
366 541
39 504
425 446
97 446
114 365
246 657
606 728
229 541
9 139
12 541
541 562
230 574
270 626
143 497
373 421
334 541
541 634
515 541
156 541
47 541
541 588
239 541
344 541
541 620
193 488
393 429
137 621
185 541
413 473
656 715
77 541
295 384
541 712
532 541
503 721
241 541
415 559
199 639
401 451
266 624
45 189
541 628
303 542
541 544
541 603
22 332
117 541
469 541
61 669
512 606
42 541
286 606
470 686
60 573
495 541
18 541
154 584
162 541
350 541
6 110
123 480
300 384
145 541
209 310
143 202
541 638
133 311
63 541
103 392
535 541
541 696
3 541
11 701
279 666
530 613
66 541
355 476
217 265
40 541
377 541
391 713
153 711
144 519
151 262
10 561
71 541
248 541
324 521
532 541
214 525
157 541
189 469
395 541
45 653
18 479
274 538
386 541
315 541
541 688
40 541
541 665
298 590
126 541
541 588
484 549
90 541
136 191
541 713
511 541
143 304
301 541
42 541
373 541
165 541
319 541
289 383
182 541
541 715
210 541
171 693
116 567
434 511
337 541
541 644
546 726
103 540
236 556
83 501
269 359
344 663
632 668
185 591
101 163
246 742
174 541
541 713
93 397
372 541
239 307
215 541
71 547
66 616
522 698
330 640
209 537
19 449
269 541
192 266
371 541
541 739
253 654
541 709
508 511
24 422
355 541
557 587
479 746
446 533
106 541
370 541
541 610
279 738
90 493
426 541
460 541
438 541
103 265
192 541
614 663
227 232
125 697
243 541
146 265
314 346
161 541
30 136
193 585
345 619
184 541
275 505
49 541
541 577
541 702
251 668
137 735
428 531
296 373
82 374
407 492
473 480
213 541
675 725
6 594
230 579
38 541
141 315
538 612
380 701
18 192
541 570
270 541
151 541
541 641
162 653
218 516
406 703
165 541
260 613
484 541
566 696
302 541
355 698
330 593
152 247
269 594
258 541
180 541
288 541
299 512
67 694
193 568
345 541
359 541
206 424
206 600
655 680
427 541
89 651
127 187
485 489
152 541
339 541
316 331
501 541
326 541
55 541
120 239
122 128
156 188
432 541
548 597
356 541
279 620
25 541
308 441
1 541
9 303
152 241
321 541
47 531
541 716
176 541
541 666
321 350
168 541
274 375
298 615
46 632
101 541
108 349
346 439
59 541
215 366
36 675
541 695
101 684
419 541
142 541
509 541
122 541
97 331
477 541
440 695
304 536
509 747
533 541
673 737
106 258
414 521
541 746
328 547
102 269
155 541
477 541
94 492
94 541
335 628
541 690
286 541
343 396
170 541
156 541
125 451
191 541
90 541
514 541
476 745
462 680
89 541
541 725
246 373
224 541
302 619
280 495
280 541
28 267
541 625
186 541
102 175
60 561
37 741
541 707
491 541
489 541
377 500
583 720
138 276
232 749
590 647
128 541
541 550
370 577
30 541
159 662
491 541
553 571
65 225
396 459
396 541
273 541
69 344
288 311
36 389
541 573
496 541
541 654
449 640
417 541
541 744
134 372
405 541
419 621
310 541
31 355
216 685
603 644
610 724
48 541
541 702
438 541
219 541
541 566
523 541
136 541
419 541
284 387
411 428
82 318
171 553
124 204
68 556
51 181
191 403
85 541
339 541
59 167
477 574
38 166
69 467
339 492
227 463
203 239
16 596
489 564
438 541
84 541
110 364
297 695
196 450
541 580
590 668
86 541
378 627
363 541
22 150
111 541
254 541
7 33
62 142
88 435
541 635
532 541
24 205
510 541
567 735
407 541
117 408
75 129
146 195
250 429
541 729
105 541
59 541
165 209
201 574
473 541
541 741
495 597
173 607
73 616
541 693
346 619
541 688
63 213
138 541
250 392
314 413
123 373
541 585
86 688
261 641
363 541
472 625
52 226
45 541
6 541
541 542
14 541
192 541
247 541
266 286
370 645
541 627
270 496
15 297
479 541
192 541
175 603
229 383
386 525
298 543
197 324
545 660
284 452
301 541
541 598
247 727
243 541
184 337
152 541
227 541
497 681
191 232
199 720
164 541
367 503
183 541
160 541
28 700
19 508
136 392
407 445
215 527
361 629
441 701
541 649
352 524
541 682
99 239
200 686
72 198
259 581
359 739
61 547
310 722
289 541
263 541
6 541
171 722
152 549
173 541
541 717
27 157
537 541
541 602
336 456
106 541
373 668
111 236
541 739
541 605
345 541
71 620
670 700
566 708
139 541
255 326
541 631
456 541
129 512
380 541
321 541
541 672
199 744
152 541
156 610
392 536
206 525
84 98
471 482
140 541
468 541
59 551
533 715
482 541
81 541
475 483
541 658
202 541
276 739
186 388
50 444
160 541
541 741
78 541
130 176
541 644
89 585
541 676
541 554
541 696
184 541
541 573
215 463
447 489
504 541
17 541
538 654
456 536
117 230
55 676
461 516
467 645
20 333
8 686
289 505
343 721
278 376
151 269
70 541
10 109
72 456
437 541
19 541
555 748
258 541
389 577
258 272
1 707
306 451
13 330
541 745
421 541
368 541
168 541
222 659
178 452
180 503
53 460
481 541
180 541
59 559
41 255
241 541
161 537
441 541
631 703
136 266
541 646
461 534
131 541
210 414
176 290
414 541
321 541
523 625
541 747
236 499
252 541
541 643
496 541
201 550
10 168
576 721
127 541
297 541
543 749
711 734
46 302
34 541
314 393
207 671
118 580
118 340
64 541
22 215
395 718
48 177
135 209
541 734
398 512
200 541
645 651
241 627
541 613
63 104
541 598
111 541
235 552
145 153
332 522
25 136
496 541
27 134
174 193
124 541
541 716
413 436
240 541
68 388
185 206
415 541
408 541
157 234
566 636
406 440
200 541
541 649
166 735
308 541
450 541
472 504
283 541
107 541
469 541
6 541
31 459
83 415
124 541
233 541
223 629
434 553
541 694
575 657
155 541
408 541
23 735
81 281
457 654
227 540
79 84
297 720
541 632
432 619
585 741
71 563
121 541
22 541
541 654
373 541
107 541
120 541
409 523
541 724
394 541
445 591
298 353
541 580
461 652
271 541
260 328
159 160
488 541
145 493
170 740
301 541
398 719
429 541
288 432
82 541
526 541
64 187
660 665
541 618
255 541
113 541
402 410
177 541
166 332
541 658
60 374
173 603
10 236
299 541
529 749
509 547
323 655
541 566
304 541
219 541
493 581
351 493
511 680
94 382
95 496
151 541
520 541
126 541
193 526
510 584
322 341
560 636
541 619
136 139
207 541
50 192
374 541
336 697
27 514
541 629
98 481
87 502
54 312
400 533
95 541
454 682
49 334
313 612
391 541
541 601
246 541
175 610
200 541
169 329
112 747
9 43
541 653
337 596
418 541
428 541
533 687
572 729
497 541
541 628
248 338
192 230
74 541
59 71
410 450
179 541
36 739
32 448
364 541
290 557
541 671
541 677
228 541
336 541
166 531
23 140
88 704
541 666
138 588
289 411
113 408
180 204
12 605
332 687
127 437
385 541
6 541
541 583
22 687
468 717
229 386
56 456
83 416
96 636
29 549
274 534
118 445
39 263
422 480
541 659
521 541
486 541
405 503
398 478
541 660
291 522
2 697
292 642
32 541
376 689
77 541
552 567
348 541
231 389
480 636
238 541
190 704
274 541
68 370
190 202
541 658
83 305
541 624
541 750
256 544
46 541
454 498
496 541
408 436
341 586
6 672
48 541
184 541
176 290
311 541
111 456
298 471
134 258
113 443
263 575
518 529
541 744
357 486
182 494
175 453
6 474
236 691
374 541
266 541
330 541
541 663
141 463
35 734
417 541
377 396
169 541
169 584
541 736
431 635
309 371
88 541
84 541
222 541
491 541
30 580
156 606
173 238
279 541
541 611
267 542
316 398
497 541
286 658
219 289
178 255
77 92
125 578
239 284
541 715
162 666
495 722
541 701
177 541
212 559
343 747
635 702
314 541
31 496
138 423
113 420
436 488
420 580
114 541
66 327
464 541
357 541
31 507
91 524
62 82
462 541
210 581
72 241
65 541
56 541
233 528
89 541
541 661
541 678
457 541
123 736
541 613
51 741
722 729
41 325
202 541
541 634
384 737
101 450
121 507
541 603
45 541
167 633
52 541
541 545
541 633
13 119
266 541
603 619
478 541
317 541
129 500
39 113
479 541
122 739
473 541
225 713
404 541
133 154
308 742
342 541
207 364
305 541
71 152
146 541
303 315
71 459
142 541
44 415
575 612
653 690
154 339
236 541
541 691
124 541
439 541
225 541
339 655
208 596
202 644
71 535
302 438
641 745
261 352
368 494
496 541
61 541
249 611
112 541
71 637
215 541
38 541
536 550
436 538
471 722
375 541
541 627
99 163
300 302
380 489
201 232
105 701
532 541
398 739
160 541
414 477
465 541
320 348
422 541
115 541
362 541
43 541
36 62
144 541
49 453
43 541
140 169
326 616
429 541
541 616
20 541
541 580
274 541
298 415
61 541
104 516
252 541
606 641
168 249
519 747
541 745
355 356
21 61
541 603
666 718
541 645
162 275
173 424
700 745
320 740
170 342
29 749
77 541
361 672
309 332
470 731
159 631
180 495
158 504
318 329
21 541
162 437
541 673
63 701
655 746
373 541
291 408
433 561
541 605
541 548
529 541
19 541
74 541
6 541
541 714
6 601
326 663
12 171
208 541
435 677
387 726
541 678
492 541
301 350
328 541
214 541
411 481
306 541
338 740
298 628
135 356
269 541
459 541
231 364
144 667
241 541
139 427
99 541
478 541
363 541
541 554
19 339
416 585
221 680
337 541
14 382
2 541
466 671
528 541
296 541
75 220
175 561
135 584
541 637
409 437
410 570
391 541
283 541
58 646
498 684
52 666
146 653
40 541
331 523
217 541
489 622
308 541
128 242
237 541
348 541
284 541
360 685
49 541
373 444
541 687
496 541
23 487
21 619
393 679
139 541
49 541
371 541
628 738
271 541
24 32
106 276
194 640
231 541
95 288
66 212
541 574
174 541
66 537
4 161
541 716
294 400
133 581
500 577
185 402
26 132
146 342
52 248
366 606
127 395
373 412
450 541
92 541
133 712
307 610
362 541
423 554
529 541
199 266
27 287
246 541
536 567
206 560
541 621
274 433
80 134
313 541
213 583
560 564
541 589
216 583
225 541
125 288
538 541
27 621
344 411
55 541
105 491
654 712
344 541
191 329
73 378
325 541
541 605
541 616
384 458
466 679
91 541
113 705
108 541
122 209
165 531
125 534
392 541
541 585
483 541
603 638
688 745
104 541
478 541
100 227
36 603
63 65
103 597
30 200
286 541
180 393
73 703
91 109
475 541
29 541
260 560
232 541
364 679
130 402
122 719
130 541
453 541
190 558
541 665
275 541
181 550
187 303
57 541
120 541
545 739
547 750
35 541
541 553
19 529
541 729
561 670
91 100
55 528
102 150
671 686
218 286
39 541
28 122
497 541
24 541
398 705
654 724
25 388
452 541
541 666
436 669
249 670
36 68
348 541
463 658
536 541
508 703
108 542
571 577
76 235
179 572
10 65
178 375
193 522
32 617
312 541
541 603
175 692
338 434
425 541
135 604
541 546
284 288
646 727
460 541
441 541
521 541
519 688
162 503
252 617
126 541
213 428
139 396
291 613
452 477
510 541
228 541
205 482
541 565
336 541
43 541
29 541
407 472
246 541
421 541
29 47
537 720
203 604
82 140
364 541
541 690
502 541
415 656
56 541
375 507
541 702
450 530
2 223
534 747
342 526
260 541
541 639
541 568
564 590
392 541
478 541
561 594
145 624
26 541
474 541
216 218
541 592
327 576
306 421
163 541
27 727
270 578
541 681
274 541
588 721
308 541
341 363
541 646
27 670
286 541
470 541
198 579
94 470
63 296
483 750
335 634
268 499
141 169
228 541
430 541
51 485
418 541
313 541
187 279
172 541
564 716
366 541
335 612
416 541
351 449
218 581
237 595
132 541
484 541
104 473
516 541
502 541
418 541
411 613
290 541
107 680
332 680
497 518
412 541
439 536
159 541
83 707
62 174
622 732
162 607
294 600
170 335
236 541
541 553
123 675
221 541
417 541
245 541
341 690
288 420
264 555
60 240
406 547
14 627
402 541
41 689
319 541
571 708
91 272
319 697
541 736
81 364
541 548
541 589
315 541
256 711
187 541
147 580
541 712
665 748
312 541
60 541
179 596
79 722
541 627
367 478
420 684
496 593
278 541
62 541
541 669
369 541
61 691
384 541
165 617
11 541
308 541
268 541
130 328
116 631
94 293
200 541
579 697
166 212
340 652
389 593
122 358
541 602
234 296
82 675
35 541
111 199
5 78
201 558
258 462
102 541
78 549
378 651
79 541
151 296
455 541
97 467
123 714
541 720
379 739
183 357
495 706
541 625
709 732
541 680
131 541
154 675
282 541
119 349
152 275
401 541
396 505
30 531
347 541
256 728
25 314
204 541
196 393
519 640
307 332
74 132
661 666
28 369
15 73
203 247
590 628
8 283
434 541
427 485
104 541
426 541
232 691
251 478
46 167
401 599
341 541
541 739
93 541
499 541
13 541
129 579
65 541
347 744
135 535
67 230
116 177
46 541
601 679
434 626
228 541
60 541
139 163
89 541
270 605
380 541
31 617
18 491
178 541
122 541
95 393
183 541
395 710
541 647
195 676
541 713
313 380
27 542
69 541
541 737
450 541
54 541
541 676
222 259
19 541
38 303
541 672
541 601
157 541
407 608
335 668
148 514
541 613
603 729
43 541
500 541
10 123
380 541
141 691
324 703
125 541
229 643
89 167
514 541
450 541
541 739
124 253
272 394
36 227
12 558
162 181
208 541
370 541
380 419
37 541
306 629
12 290
173 474
276 333
125 541
541 728
277 605
116 541
448 653
125 149
101 572
177 554
450 485
314 443
484 541
514 541
409 614
418 541
541 581
331 485
43 298
180 559
139 402
541 729
369 534
334 541
407 541
106 728
152 530
251 688
237 623
458 719
123 541
73 541
541 676
15 541
310 680
389 541
247 733
320 698
422 541
10 541
241 622
132 267
36 407
275 541
396 446
541 679
42 159
211 541
55 630
462 541
413 541
145 254
530 575
9 541
488 541
455 712
19 689
541 719
327 501
541 742
9 748
290 541
251 358
485 541
305 541
114 541
659 693
377 422
203 291
224 380
541 643
436 541
67 75
484 541
159 541
78 541
395 541
432 541
345 392
498 541
56 189
130 326
117 541
34 575
93 720
213 541
625 648
42 621
541 629
260 524
541 728
541 587
96 374
292 602
231 541
429 541
332 541
571 598
389 541
277 750
44 77
177 587
145 603
253 541
141 156
31 317
75 374
170 647
219 541
55 647
132 708
54 118
642 722
161 670
513 541
371 560
604 675
596 735
436 607
174 357
362 671
541 712
325 541
349 473
218 541
348 440
541 730
420 720
281 724
541 590
210 541
541 662
314 318
519 541
559 742
541 735
476 709
236 315
74 197
573 654
87 341
541 689
123 630
144 686
541 586
108 188
390 599
115 382
242 415
450 731
343 354
541 672
463 549
428 541
101 541
110 541
92 369
111 470
88 541
193 576
476 725
363 676
474 526
112 268
121 735
234 580
418 565
142 345
113 646
197 614
15 541
189 449
398 569
74 301
72 372
154 541
244 297
84 404
155 662
541 672
236 362
9 298
129 592
541 694
644 748
7 643
541 714
541 580
59 541
283 308
147 278
425 705
541 592
541 566
541 575
53 453
365 541
541 707
541 726
111 161
230 541
65 311
92 236
128 541
247 541
541 665
278 541
426 533
170 541
323 434
484 663
71 397
326 463
227 233
195 382
132 541
541 548
6 68
541 709
273 541
103 235
144 541
541 710
541 707
161 654
575 693
521 536
453 605
308 359
202 560
667 707
21 110
118 139
541 588
492 575
30 541
134 747
380 633
320 541
224 641
541 547
549 744
404 541
541 720
541 695
541 636
161 541
263 541
188 541
99 541
19 127
65 95
272 501
434 741
112 541
165 230
186 488
259 541
541 566
355 543
541 542
530 541
541 702
266 709
141 541
220 550
24 285
541 710
75 245
128 541
541 542
489 662
40 501
581 743
157 356
312 740
541 713
168 541
454 541
732 743
458 702
44 552
111 454
63 541
281 695
461 541
138 541
265 541
369 541
626 662
298 541
473 541
198 509
198 410
82 541
274 358
455 516
10 541
541 588
580 704
251 530
47 644
305 668
89 750
529 700
63 571
162 541
516 647
446 586
474 541
474 541
541 653
209 678
45 720
148 175
4 277
42 172
718 750
33 90
514 541
417 648
541 658
294 557
541 615
377 512
437 541
488 541
108 661
77 154
397 541
15 120
541 741
541 550
421 541
110 541
261 704
21 346
541 625
444 649
156 541
198 511
89 666
336 503
226 743
136 580
97 404
44 453
476 618
150 667
365 626
313 541
541 583
148 674
446 739
224 632
125 538
541 670
357 533
233 541
6 360
679 714
156 541
403 541
111 541
266 504
204 278
180 541
541 556
48 210
55 225
199 580
136 584
495 541
336 541
586 608
513 598
528 541
264 541
432 624
464 541
224 308
541 545
432 436
34 335
390 541
300 661
400 541
124 146
541 672
296 489
31 541
238 541
87 541
229 288
607 612
545 589
340 393
559 660
452 567
154 312
431 541
87 391
93 541
46 551
399 541
196 211
109 592
202 617
283 627
541 607
320 541
146 483
290 402
541 685
429 556
186 248
297 541
416 541
541 698
354 396
194 232
199 493
492 670
98 541
275 541
352 541
357 541
289 541
11 632
329 541
408 469
444 445
356 498
541 553
541 630
415 569
541 747
633 745
239 541
167 541
51 552
335 594
541 675
520 541
358 541
267 603
401 528
437 541
173 473
154 336
46 354
381 541
541 710
541 597
12 538
226 478
87 541
541 572
36 541
21 421
375 535
541 702
323 541
541 567
221 661
37 325
30 507
236 381
97 530
99 167
143 541
249 541
244 525
480 745
260 323
541 721
518 541
77 620
541 716
581 714
156 252
235 305
189 729
329 694
260 435
541 650
541 666
410 681
318 541
536 655
179 541
411 541
37 345
460 541
651 732
530 541
290 301
454 541
370 541
409 444
61 541
328 692
423 531
77 564
391 541
541 683
35 460
303 651
541 739
83 200
230 541
36 521
519 541
486 541
21 627
483 541
338 422
260 316
541 604
340 541
283 541
343 386
167 285
42 348
333 541
229 541
427 541
29 290
244 557
145 440
81 541
235 541
426 736
236 425
30 664
96 541
281 541
113 541
33 541
161 231
69 541
569 581
672 717
477 527
541 560
384 643
412 458
695 750
107 119
541 575
105 541
541 565
471 640
130 541
210 453
527 663
365 426
288 591
512 530
541 693
447 541
3 122
221 576
178 541
82 607
471 579
92 279
10 541
541 624
218 579
327 546
462 693
26 541
237 681
111 541
101 530
138 346
541 692
515 541
541 555
387 541
19 541
393 541
541 574
519 625
208 275
216 541
6 575
238 549
78 101
3 82
420 672
72 541
541 577
95 173
262 397
195 541
66 534
359 428
262 541
376 574
516 690
541 610
192 541
110 385
230 541
541 644
541 696
198 736
473 696
336 543
201 287
541 617
209 506
541 698
75 541
541 707
63 73
334 541
541 730
228 584
428 541
390 591
272 544
481 488
40 97
277 541
435 541
250 541
209 541
12 276
89 714
541 715
465 610
490 541
73 541
163 479
149 732
499 691
174 541
347 541
541 644
93 182
541 718
60 390
90 228
224 341
672 725
107 526
157 541
232 534
7 541
541 726
243 541
85 100
40 541
159 258
4 98
168 541
541 571
446 541
541 691
541 568
541 618
32 575
74 729
541 658
298 541
469 647
181 541
282 480
374 567
365 502
128 554
1 272
131 711
541 599
390 689
372 541
324 541
541 606
1 83
541 703
541 679
372 408
541 688
101 677
90 666
541 682
343 541
158 268
276 344
270 541
102 590
233 357
34 586
186 541
431 484
541 603
107 530
541 678
26 631
25 89
102 581
523 700
229 602
502 727
6 472
388 554
468 541
316 541
77 266
19 267
24 590
458 541
258 575
299 541
37 122
312 541
472 541
100 549
541 594
449 466
273 585
235 475
38 288
19 660
89 401
228 541
541 571
186 490
512 698
541 721
106 267
72 541
454 541
541 547
223 504
16 541
235 350
389 474
62 630
573 740
563 710
232 324
200 533
541 727
16 541
417 541
79 541
68 541
541 716
541 741
511 657
679 720
203 225
14 627
238 541
12 90
469 541
523 695
541 565
411 462
207 541
57 459
246 276
2 608
281 619
461 541
276 722
541 650
46 204
267 342
243 541
101 474
228 640
15 93
182 353
13 541
69 717
186 396
287 541
99 546
17 552
167 692
572 656
347 541
76 130
105 484
238 464
214 365
336 541
97 541
317 541
32 650
284 695
24 541
1 541
