500 700 6000
259 347
369 372
109 277
279 482
58 83
241 424
193 425
470 484
178 338
289 328
249 498
259 484
427 478
49 196
260 286
242 454
44 496
266 366
48 222
186 243
355 405
8 183
208 326
210 497
81 232
172 345
68 203
27 196
11 147
157 407
190 343
275 422
127 244
144 279
18 48
124 395
146 494
6 109
161 178
228 369
331 389
271 331
418 423
269 380
345 399
353 364
298 425
199 263
190 329
218 431
114 449
41 199
89 232
112 132
117 426
146 159
46 322
130 485
121 279
16 487
60 61
226 409
309 482
112 120
313 400
12 66
350 449
123 489
113 147
133 375
226 420
217 314
52 240
273 322
308 347
37 246
267 440
431 466
16 242
291 412
118 235
286 457
374 453
12 158
371 471
51 179
57 355
40 306
261 337
78 444
347 430
125 428
5 410
76 183
137 409
30 201
10 169
32 358
165 468
38 128
63 283
6 240
24 31
8 471
175 229
96 209
4 111
110 305
63 212
26 426
351 443
50 350
123 403
71 407
113 169
104 282
236 383
82 399
184 204
145 151
258 363
90 403
317 379
13 140
294 416
345 415
227 467
330 494
206 302
257 369
298 483
250 448
119 171
350 457
250 388
78 392
119 384
187 351
451 486
37 478
245 267
245 357
252 339
174 407
314 407
84 472
92 403
336 486
421 459
174 227
131 153
37 214
180 455
347 446
193 483
22 479
249 411
296 379
56 181
332 406
116 245
413 430
25 272
77 319
281 335
311 380
307 473
36 390
162 208
178 485
188 389
5 209
23 178
201 431
215 461
323 392
229 309
25 255
116 205
333 434
311 346
131 184
98 403
28 405
104 334
174 482
94 449
327 439
221 284
100 103
341 424
163 247
287 466
123 179
74 239
168 305
167 482
316 378
21 351
263 359
7 43
161 171
430 447
244 261
29 143
228 402
373 442
101 104
103 302
88 187
296 377
338 386
172 415
85 239
104 210
79 448
56 186
109 117
230 384
286 423
153 406
182 214
153 314
112 377
105 394
12 463
3 266
14 463
166 455
231 240
44 373
350 402
61 490
280 361
123 145
245 498
153 351
227 448
292 464
213 379
110 340
199 458
200 303
216 404
241 480
400 443
21 72
153 336
12 244
329 490
96 333
59 373
76 239
150 290
137 210
160 352
178 425
158 260
64 365
51 178
136 239
148 340
77 86
67 155
301 480
234 488
41 272
226 451
143 199
56 247
97 338
308 415
186 286
223 390
221 368
39 376
110 495
272 385
45 231
184 281
261 309
282 426
381 419
12 104
40 229
127 395
321 464
126 231
243 286
62 144
187 358
100 382
415 433
248 430
185 387
99 113
171 481
95 443
122 350
84 347
14 35
89 163
272 337
138 499
134 344
257 273
343 448
165 194
82 414
136 426
99 244
143 438
13 281
30 128
179 336
200 201
40 428
311 406
264 401
154 390
65 107
221 417
314 493
418 420
52 246
242 435
179 416
48 117
126 500
139 302
40 141
15 252
77 351
110 489
98 224
10 334
56 256
312 403
140 294
104 461
12 188
48 314
257 496
181 489
178 379
113 260
202 372
263 313
72 135
199 418
9 236
193 330
78 203
6 395
31 186
32 72
330 415
234 283
160 481
14 221
265 429
28 440
133 165
101 185
120 370
186 473
118 422
336 406
6 21
181 327
12 365
236 329
164 271
292 405
292 489
55 287
26 453
96 381
144 344
281 418
337 445
190 411
33 50
45 161
91 453
94 314
267 286
27 286
78 459
45 397
273 492
52 368
86 447
369 444
342 406
406 447
301 420
165 439
181 369
186 325
335 417
232 461
284 348
13 226
77 359
130 444
244 355
205 404
107 213
201 354
108 381
51 301
118 337
327 457
115 293
179 388
157 188
8 252
171 237
191 473
118 230
148 195
17 150
463 477
18 402
130 326
179 387
48 469
166 400
125 198
226 234
339 426
72 324
20 305
153 474
326 481
59 194
37 83
420 447
125 156
288 367
449 480
261 350
368 475
37 253
289 339
103 457
2 409
162 457
221 390
335 418
13 367
196 337
209 435
293 446
338 347
314 446
62 326
188 210
14 321
67 267
70 314
331 397
236 421
107 348
281 485
254 347
65 217
203 426
12 398
286 370
383 474
16 273
53 62
295 410
147 408
156 454
229 318
197 401
268 285
365 432
199 399
262 350
184 427
339 436
242 274
407 418
220 307
233 491
29 72
211 235
190 418
100 459
76 287
131 354
160 480
308 361
63 206
153 327
139 314
256 300
31 499
5 301
2 169
28 270
157 304
46 245
116 149
140 476
310 311
181 216
419 475
392 453
121 393
24 369
5 148
152 182
167 193
194 269
97 326
240 462
75 260
14 424
67 327
206 452
245 327
152 178
129 291
250 318
189 489
287 320
354 412
171 417
320 430
102 199
83 347
176 395
6 207
296 324
108 490
403 453
292 473
225 456
68 240
43 350
179 345
209 328
246 401
4 356
153 259
483 499
340 478
173 492
73 207
211 317
126 246
251 327
170 482
102 448
337 364
225 391
237 288
121 130
82 369
34 238
17 42
151 186
132 406
353 420
76 278
39 336
138 162
4 388
315 465
321 382
397 405
201 408
157 204
104 106
212 321
316 445
393 468
98 472
147 158
187 356
259 273
73 251
64 225
109 300
286 489
140 280
424 488
64 381
250 432
166 306
266 292
175 264
161 235
83 310
76 186
282 358
151 256
274 397
448 461
242 449
13 494
264 409
171 278
273 473
32 252
96 388
359 441
279 281
277 317
7 478
334 348
203 433
86 460
47 72
314 396
273 276
38 104
34 210
231 440
133 299
87 332
379 468
397 437
61 105
22 354
73 77
258 478
106 402
60 465
68 360
43 297
15 130
46 487
80 157
76 449
272 442
104 303
406 494
350 450
174 201
93 186
261 463
54 387
192 254
8 215
69 364
73 429
142 185
58 195
186 419
141 294
114 235
20 188
108 298
64 107
67 266
274 414
74 435
194 220
1 128
211 448
265 319
181 291
121 497
217 493
174 315
354 435
196 233
324 435
177 382
50 240
211 428
187 485
178 459
173 221
58 166
17 273
362 379
33 74
394 430
285 381
151 380
72 133
314 339
3 221
167 251
286 439
310 374
219 447
186 396
19 351
138 410
90 446
234 349
151 474
133 213
82 278
1 155
314 410
149 439
213 449
164 268
58 337
254 471
290 357
272 498
224 360
286 412
454 482
357 477
79 434
426 489
3 406
71 422
19 391
270 460
137 172
26 185
287 416
20 103
79 344
432 444
77 116
56 291
248 316
52 209
180 271
346 372
263 380
192 332
134 325
80 484
239 406
20 423
381 468
23 371
220 440
94 353
32 473
300 435
58 60
223 293
193 318
29 405
154 271
351 368
9 458
97 305
164 238
232 272
104 338
80 437
60 228
52 211
83 405
172 264
43 303
306 359
467 477
93 344
82 411
169 414
262 316
200 317
154 491
100 356
49 66
28 108
149 295
178 498
145 472
21 407
46 114
64 125
176 386
122 333
335 459
224 253
164 268
345 373
166 319
74 348
378 479
141 480
118 232
178 289
348 480
42 192
19 170
363 391
13 237
325 352
221 239
268 455
295 495
301 483
371 390
75 253
63 64
49 362
333 484
104 377
53 218
223 362
59 143
334 468
126 244
3 139
191 225
223 385
91 293
70 456
308 439
445 469
63 369
81 476
45 231
195 217
396 485
198 258
135 436
189 233
388 482
94 259
221 369
208 335
388 461
69 259
55 197
259 370
44 448
251 351
434 462
266 466
81 164
324 402
122 332
134 304
416 472
332 456
279 397
199 319
127 475
158 318
164 375
310 389
402 406
42 476
202 458
356 370
154 375
53 371
149 469
118 221
34 85
159 197
43 497
95 341
393 435
45 163
34 390
191 436
1 53
261 282
268 456
19 462
164 455
35 219
182 308
209 432
419 485
40 449
15 397
241 461
93 135
363 458
147 356
6 83
382 464
90 379
180 450
209 317
148 190
148 319
58 260
57 225
11 491
92 122
218 385
17 385
251 313
35 462
56 394
271 467
29 37
158 214
61 286
297 360
298 423
237 367
52 132
290 477
300 466
177 254
302 405
240 340
348 423
231 426
236 288
269 463
108 318
153 300
126 144
162 498
29 394
227 440
363 469
352 438
124 471
63 356
282 412
99 493
1 295
113 337
46 145
137 335
137 328
154 462
5 335
405 435
275 323
1 375
322 329
273 430
10 493
73 292
80 422
240 328
66 299
151 217
142 254
110 217
35 170
24 263
18 148
49 434
130 492
382 405
157 424
29 392
385 469
118 167
90 230
153 421
127 252
25 142
355 410
157 351
371 413
79 385
155 471
180 333
90 172
254 471
288 496
185 416
257 498
17 35
98 473
56 470
378 491
295 362
199 465
95 192
129 223
270 450
253 479
146 189
439 447
18 488
159 467
352 371
332 344
324 397
239 242
249 493
126 136
212 369
57 469
123 291
118 199
33 365
253 413
427 429
253 495
6 433
107 446
93 386
99 481
19 170
268 455
48 109
291 354
134 456
209 478
219 349
240 251
391 467
4 272
13 260
42 304
300 435
300 481
2 301
73 125
87 224
280 440
286 447
5 14
3 237
18 499
472 478
218 445
45 351
194 374
229 403
244 369
26 475
223 366
231 499
3 324
67 412
82 139
97 317
276 390
74 277
47 248
184 389
38 409
53 218
251 328
334 370
161 331
24 220
12 153
18 229
81 255
58 214
342 450
197 325
114 161
226 336
312 491
135 422
137 397
132 330
51 494
168 398
177 299
255 268
453 459
78 453
353 461
88 135
324 451
122 253
108 257
371 469
391 470
23 495
116 485
398 445
130 400
64 410
445 479
265 492
73 92
43 254
24 120
216 321
192 198
18 368
297 325
104 179
192 398
332 362
470 476
37 395
111 467
163 348
296 466
111 233
123 345
459 475
119 379
16 207
242 409
24 166
69 75
81 177
74 409
346 477
4 466
153 162
143 232
54 122
333 391
21 163
144 382
131 331
82 397
325 349
164 197
58 131
173 178
218 225
223 477
85 360
321 494
364 489
152 444
227 314
92 471
270 332
155 255
224 357
6 331
323 455
380 499
84 367
138 216
344 375
180 438
30 351
21 100
18 367
248 316
338 400
89 310
41 179
185 428
9 441
24 245
57 218
357 469
110 232
234 245
156 281
164 445
111 176
2 99
131 136
6 389
272 287
188 245
219 362
371 390
189 378
218 325
354 478
13 48
199 380
228 373
35 391
81 238
89 327
13 273
43 50
12 305
39 140
332 413
78 489
361 435
6 206
419 433
223 460
353 409
351 487
88 455
107 139
24 193
421 430
155 270
46 412
390 437
69 462
43 120
3 351
32 425
2 126
63 213
203 383
17 91
47 366
363 460
355 483
202 262
39 470
48 67
91 441
131 165
481 482
23 268
42 346
154 276
66 248
92 192
150 460
460 484
21 83
159 233
389 423
37 74
243 426
415 444
259 397
155 224
289 330
306 383
196 466
206 256
49 54
354 489
350 369
193 307
20 498
247 446
249 257
276 295
124 293
4 140
74 329
345 498
14 249
231 340
242 348
41 334
90 291
22 469
270 290
214 397
212 257
134 332
42 53
101 171
280 345
272 427
164 275
24 481
297 312
129 460
106 430
239 444
387 444
296 447
17 363
34 297
26 317
54 290
77 473
168 262
280 354
140 439
188 410
35 146
125 246
73 178
134 255
86 367
239 327
293 441
92 149
19 202
285 325
58 424
168 262
312 495
249 380
342 479
88 197
69 146
57 484
143 359
84 161
236 392
255 346
206 381
428 478
118 326
40 321
206 444
150 295
54 357
53 225
2 209
304 462
34 460
77 305
222 295
69 92
388 493
271 385
221 348
279 387
176 391
136 425
297 423
49 253
342 495
429 494
127 430
186 237
324 394
360 467
56 185
62 242
344 445
93 363
176 180
68 141
22 376
116 193
66 92
175 373
201 279
306 429
198 325
20 364
26 89
23 75
410 446
256 329
124 134
160 326
384 478
89 327
12 117
372 437
166 490
69 323
143 387
22 378
140 322
313 394
17 224
71 495
362 452
70 111
136 348
195 382
34 135
134 458
54 135
361 432
4 119
318 384
125 419
276 349
32 408
448 466
245 459
415 457
228 483
437 438
46 473
78 259
133 247
243 263
26 257
74 260
30 474
356 449
14 337
280 400
46 100
78 439
467 469
163 404
122 238
278 448
343 418
238 470
45 140
212 351
180 304
147 308
139 426
283 423
116 185
176 192
298 301
202 295
29 207
52 425
319 450
17 255
434 460
292 350
257 446
428 431
293 438
144 439
79 344
42 224
62 353
104 348
141 283
354 487
148 353
143 227
146 164
65 73
32 370
229 278
169 281
54 469
115 346
352 455
244 336
43 88
243 448
177 197
103 200
103 324
151 217
2 229
115 233
113 231
77 161
410 412
232 370
62 171
120 369
402 429
75 122
233 398
212 415
342 349
365 384
70 176
147 259
104 322
41 82
9 479
170 176
70 290
205 397
172 199
128 307
374 415
134 441
203 257
110 326
17 22
103 251
13 329
189 352
241 267
307 381
115 275
35 168
35 342
13 306
277 498
115 477
201 446
254 452
362 491
10 242
462 469
124 349
88 297
6 318
9 391
454 457
180 476
81 378
316 375
337 382
340 463
248 362
6 317
203 449
148 475
165 339
164 189
198 360
198 452
280 486
161 433
1 436
170 352
228 432
70 445
15 167
334 473
272 442
258 456
133 240
175 465
43 389
87 352
4 151
478 482
336 429
68 308
143 231
255 362
15 274
290 323
18 315
29 350
365 499
42 462
151 499
44 78
221 399
396 429
331 419
359 408
289 393
249 260
42 219
319 464
107 492
454 497
434 467
366 452
129 413
142 360
117 190
169 264
93 225
1 346
22 342
19 477
122 386
119 263
191 233
2 16
162 373
126 339
19 91
28 464
11 495
265 387
90 324
10 305
121 451
121 417
232 478
27 284
228 475
22 391
111 198
142 441
56 143
389 427
47 122
247 292
88 477
129 477
277 314
225 436
130 273
19 484
214 365
129 413
192 352
85 331
368 403
290 375
364 430
223 344
208 393
102 246
390 436
189 219
113 185
49 390
53 304
107 435
55 88
21 90
108 216
152 472
95 477
333 495
52 77
141 242
101 273
32 206
112 216
8 139
122 376
356 409
271 372
126 278
23 142
43 340
340 393
51 466
264 319
45 126
100 354
179 195
131 274
152 355
48 214
102 434
74 260
304 469
247 305
126 311
280 281
91 198
165 492
19 445
163 404
59 381
24 401
437 438
75 352
1 150
218 325
290 456
43 169
52 105
371 477
273 497
317 453
202 248
67 265
430 446
75 325
10 227
35 197
431 499
146 159
51 364
369 466
127 383
430 433
88 342
93 500
23 484
35 477
87 341
141 307
31 86
340 457
70 255
58 482
176 376
200 409
103 383
37 318
254 460
434 456
163 435
108 439
49 372
348 482
204 324
207 250
32 421
53 333
337 388
163 383
34 69
180 189
32 236
346 438
23 349
21 318
215 317
132 178
21 356
82 181
438 467
236 387
387 411
244 338
364 399
7 336
39 70
72 428
42 452
77 348
91 458
22 170
213 424
459 485
231 411
34 53
200 406
352 366
312 362
109 241
137 206
239 272
207 351
239 496
125 412
167 261
9 467
427 429
166 328
264 302
134 413
275 455
7 14
100 384
113 260
81 386
200 322
415 428
36 135
213 320
91 316
11 159
209 488
91 111
312 342
6 151
320 464
40 466
376 434
312 460
255 346
72 425
10 194
71 150
66 360
70 438
14 234
32 261
79 258
134 398
86 110
308 353
36 371
239 308
238 495
127 348
247 454
237 322
5 236
299 437
18 300
352 357
180 323
232 485
236 407
94 499
222 378
132 167
293 471
112 309
11 224
75 460
223 477
227 274
83 126
123 157
220 482
39 170
163 395
119 424
57 295
277 307
121 412
37 448
165 263
31 246
128 343
229 407
72 337
91 155
185 446
216 403
360 422
34 344
25 357
95 225
270 445
110 384
431 440
47 164
93 253
23 159
226 243
37 426
222 460
354 442
4 383
231 384
129 146
245 321
404 417
1 92
118 243
191 295
248 304
81 438
24 194
139 435
18 280
164 491
72 244
253 460
285 386
2 206
274 301
248 344
130 140
35 180
77 97
352 456
212 221
302 336
197 385
72 326
137 139
16 291
236 374
87 325
77 243
88 164
79 124
369 496
82 499
419 496
299 437
215 396
74 440
270 470
232 235
115 495
209 348
60 322
239 283
456 471
295 344
43 245
30 131
447 453
11 385
186 310
19 219
252 265
271 445
80 150
220 444
346 452
335 420
68 82
332 476
69 224
22 297
56 130
334 396
64 205
14 404
124 219
486 487
122 146
332 422
76 405
17 75
217 279
91 299
51 244
410 490
34 378
89 389
17 385
13 86
168 462
133 354
255 376
69 484
177 191
408 415
175 343
187 485
155 285
287 408
213 379
430 490
54 225
372 413
13 90
296 447
45 464
168 255
81 378
136 247
15 264
99 478
416 497
346 458
225 268
405 461
204 429
443 494
55 342
219 255
110 265
64 267
210 481
312 437
36 75
11 57
162 324
134 362
88 92
229 463
36 495
285 422
150 458
62 431
111 295
160 166
191 276
194 260
4 56
12 365
313 409
169 480
258 413
295 484
227 389
313 404
36 255
25 49
218 455
32 331
386 413
159 290
159 390
24 384
233 342
47 476
110 380
234 493
170 290
102 451
173 259
146 372
153 422
55 205
94 358
168 297
386 460
291 387
130 303
117 161
154 378
103 120
23 75
8 199
272 309
393 397
232 444
55 192
333 437
100 282
124 248
452 458
98 416
134 248
198 295
327 497
21 289
35 87
288 432
320 489
96 442
32 399
223 341
194 482
4 7
334 446
79 134
17 422
323 476
275 441
99 496
242 430
78 80
275 375
13 119
245 367
184 492
17 293
67 249
92 372
154 180
52 231
66 434
171 257
93 149
440 473
236 250
29 412
213 382
396 397
349 479
92 95
96 157
394 472
275 455
56 303
317 482
295 349
281 387
441 477
304 333
199 326
150 159
9 458
91 316
353 481
9 491
22 129
165 288
209 227
54 170
177 270
164 295
173 473
436 500
79 346
53 95
384 474
87 159
146 176
105 369
279 410
342 436
421 449
417 453
91 484
241 444
155 441
372 477
39 218
88 218
47 362
295 316
117 160
140 310
47 436
149 437
175 451
93 434
63 475
192 275
144 420
105 226
200 291
444 492
143 474
98 239
171 400
251 339
360 441
225 372
255 458
123 125
171 173
55 413
95 233
180 219
362 484
121 212
187 221
183 409
56 497
21 283
51 182
53 491
27 151
181 188
161 407
326 355
18 291
3 4
356 407
95 438
255 357
56 117
22 159
146 192
321 405
307 339
276 323
136 291
157 410
142 323
268 295
247 251
159 248
290 438
99 251
40 309
22 297
390 455
42 371
307 384
202 479
390 455
254 371
35 168
42 270
25 142
391 467
161 407
65 179
50 161
37 64
384 400
135 222
146 275
471 477
85 297
72 183
5 367
332 413
90 212
356 461
61 101
408 433
263 300
189 238
262 462
376 500
160 288
162 204
151 443
265 309
185 483
17 342
136 162
321 431
314 410
234 244
291 463
355 482
81 122
154 223
128 348
167 428
128 203
63 288
295 476
85 476
239 396
265 498
379 496
255 470
42 434
9 422
63 418
363 491
270 372
29 487
26 443
55 254
34 441
38 410
191 224
98 418
255 438
232 365
271 467
23 500
362 484
171 347
323 437
131 132
280 465
177 437
89 447
54 93
123 196
10 228
168 255
75 316
50 298
45 387
100 365
122 218
370 426
341 413
55 462
19 164
331 384
24 121
404 431
115 224
43 82
271 349
42 177
166 327
332 341
177 470
74 249
56 113
87 436
41 320
48 201
168 362
286 317
78 336
332 476
422 491
72 78
17 469
270 344
326 415
363 437
134 276
152 499
34 135
146 349
285 304
423 463
22 192
97 404
56 296
1 366
159 189
60 291
225 477
466 488
18 178
9 25
44 86
69 341
268 285
24 305
20 303
158 279
251 496
28 40
203 326
177 479
372 450
48 322
89 329
49 85
260 356
243 265
15 246
456 477
149 176
353 397
159 363
185 241
253 271
150 452
270 285
218 467
390 469
68 237
7 433
363 471
19 293
75 218
466 490
79 346
16 61
376 378
422 445
335 408
7 288
255 323
294 367
316 462
287 314
93 248
285 437
187 266
334 464
66 456
346 460
114 407
49 312
167 267
50 52
55 341
344 349
357 458
110 314
30 353
151 264
128 406
285 299
45 302
49 202
138 173
155 346
87 460
127 402
34 155
179 453
418 493
180 462
30 466
304 366
142 262
332 436
1 92
148 408
80 495
305 329
50 338
253 262
65 410
121 492
112 156
185 296
152 463
456 500
52 279
126 380
177 275
337 419
14 419
84 102
19 122
196 423
7 392
25 192
34 81
222 390
176 376
88 438
234 395
97 105
176 462
174 291
36 71
276 476
12 60
132 263
85 95
305 486
125 200
273 330
35 91
129 332
228 466
129 375
31 252
229 396
8 264
36 422
16 251
170 316
323 413
291 306
164 500
66 111
198 366
81 271
46 489
26 418
128 250
289 473
126 485
109 356
54 375
180 436
39 164
320 433
309 498
7 380
223 491
3 188
55 390
91 467
285 462
197 254
1 469
229 246
6 406
126 227
73 387
286 451
20 461
170 352
123 498
69 149
19 275
391 398
12 217
22 357
16 466
223 450
164 357
319 377
371 458
156 408
127 136
111 458
206 212
302 416
68 265
92 262
19 275
102 175
195 359
133 379
186 267
258 434
122 342
267 468
285 366
115 325
261 409
95 155
195 311
192 372
53 92
30 402
152 347
184 281
11 49
31 187
231 474
132 300
323 325
303 466
341 357
185 261
309 411
115 357
57 352
137 263
204 354
314 396
12 138
12 475
204 320
50 58
368 370
368 389
36 491
360 460
64 499
218 268
245 433
259 461
332 484
138 319
182 308
123 308
168 495
22 57
128 314
182 184
492 496
334 498
32 265
142 363
424 446
142 149
34 129
98 260
452 479
8 464
18 486
153 334
168 458
94 100
353 431
228 410
228 371
295 341
397 424
55 371
326 415
177 346
389 408
80 146
44 272
92 150
286 309
171 493
182 307
55 154
187 336
293 441
322 473
397 404
114 320
164 191
91 115
5 50
5 459
391 456
133 319
84 182
71 469
17 436
81 285
389 475
339 439
78 396
253 333
36 258
238 299
316 479
34 262
238 484
19 372
274 393
323 391
134 385
122 233
153 377
101 269
216 466
257 327
195 229
369 418
14 328
68 493
17 222
127 133
27 284
188 444
55 268
63 419
198 333
210 393
338 423
249 263
209 354
266 466
233 325
163 306
207 289
107 269
352 422
53 135
124 378
115 224
109 364
395 473
351 499
55 258
56 221
22 149
166 353
99 199
100 245
18 379
35 155
265 336
191 467
23 332
270 346
3 365
173 404
148 367
27 483
62 108
110 404
193 243
132 215
285 469
34 71
53 176
49 180
267 468
9 362
225 276
304 484
238 441
13 365
251 431
83 300
311 448
144 226
42 270
57 366
184 397
37 41
448 488
275 366
135 275
170 413
15 239
456 470
2 286
27 485
69 253
320 492
43 102
181 368
29 101
182 324
363 491
333 391
413 436
271 342
161 431
159 253
106 494
445 462
28 392
20 291
26 335
411 425
77 488
118 497
316 473
210 410
99 301
108 236
276 386
70 198
244 245
18 99
10 186
278 314
317 330
213 433
261 327
22 34
137 236
23 88
375 434
114 204
377 415
74 175
168 422
65 138
265 424
167 188
199 379
83 368
260 433
225 344
88 129
193 212
174 370
55 323
86 102
92 135
90 97
261 324
162 463
56 220
363 437
93 297
419 444
192 222
16 448
211 410
285 299
80 341
165 209
202 295
88 342
95 352
135 323
297 484
319 464
324 497
328 369
423 440
95 438
97 439
177 469
44 424
245 497
296 310
9 197
223 371
226 340
170 458
10 361
3 186
43 107
17 155
6 145
143 216
208 259
210 361
275 460
227 356
191 352
316 452
226 453
5 315
268 297
389 424
13 162
80 146
193 475
264 379
155 222
31 117
141 280
387 401
146 469
168 180
420 481
134 371
33 335
84 302
126 306
189 495
117 327
38 377
349 500
351 494
101 410
53 455
167 387
214 348
196 257
206 496
42 323
57 344
36 69
248 376
267 306
108 229
289 310
75 436
170 297
57 276
217 485
260 294
6 32
127 374
194 201
170 180
79 248
79 325
453 483
349 413
32 489
123 320
367 482
153 284
70 332
120 174
28 227
263 397
38 43
194 373
276 295
166 283
375 455
371 462
220 489
150 344
52 292
227 406
364 380
285 363
146 413
93 297
75 304
319 329
134 336
207 240
39 81
86 355
57 378
144 313
139 194
110 350
97 246
195 432
12 101
313 377
286 353
17 312
82 313
245 414
250 319
293 385
35 224
88 456
267 370
45 236
46 126
298 430
69 386
38 440
124 363
276 467
22 270
341 342
92 155
286 393
55 362
124 154
46 138
431 474
262 372
140 322
101 336
27 232
166 242
76 318
164 371
235 301
141 429
274 415
347 447
87 304
446 464
201 334
263 399
54 471
190 229
213 431
48 211
56 204
38 335
122 285
58 151
45 74
224 382
141 356
54 71
12 186
17 164
225 362
1 223
140 165
15 59
44 108
32 215
234 240
123 486
275 371
285 293
19 450
9 192
261 394
230 260
180 223
305 358
292 406
198 470
244 432
158 482
289 383
67 396
122 304
53 253
211 311
166 483
180 218
265 439
306 395
452 484
95 323
49 135
223 293
25 124
31 468
167 449
66 398
268 376
424 499
167 443
91 445
116 266
52 348
106 430
113 417
192 467
22 53
337 374
299 352
44 195
29 264
66 346
35 155
319 403
275 398
52 173
35 191
206 428
316 363
164 484
84 483
69 253
60 305
56 137
253 325
100 379
183 453
232 424
165 387
226 432
146 189
53 333
16 498
5 282
58 492
127 444
21 226
263 317
307 478
317 468
302 415
16 138
154 299
294 389
9 146
103 166
81 316
63 210
258 385
18 492
74 151
143 474
10 355
154 312
83 384
86 163
103 487
194 481
471 495
191 495
194 351
361 388
69 325
299 398
142 262
55 142
381 388
142 285
124 238
22 271
92 219
159 391
166 178
66 385
56 426
307 397
374 404
69 75
246 267
185 201
194 483
277 494
128 416
9 191
7 443
76 424
180 438
83 130
386 469
47 470
39 299
336 395
137 439
72 380
440 453
60 217
203 221
237 288
343 423
233 495
304 372
458 500
10 108
340 488
22 312
202 378
105 406
118 492
90 210
60 183
115 458
335 410
271 275
196 245
256 273
122 378
253 290
45 269
13 153
294 393
93 349
163 288
115 253
98 252
342 477
357 477
34 333
54 495
147 354
152 196
18 264
170 352
244 409
96 260
347 379
82 96
25 323
10 263
53 436
176 434
370 485
355 451
58 359
107 175
418 453
438 484
9 344
85 198
372 450
7 96
171 327
74 130
13 78
11 176
244 388
187 399
46 220
163 319
191 285
142 150
275 325
142 372
238 434
149 378
81 437
66 450
185 240
74 439
9 458
134 189
115 299
150 363
23 135
243 451
69 238
163 251
328 417
46 187
103 387
183 284
94 211
324 480
6 165
295 341
236 453
353 453
87 92
203 364
34 223
200 380
238 352
192 441
91 371
8 320
38 365
231 345
263 474
29 351
113 411
60 119
47 55
214 294
259 424
187 395
164 218
231 486
397 465
329 415
332 360
315 329
271 295
58 199
214 394
243 336
110 361
29 117
274 399
80 437
220 284
157 486
15 274
3 13
196 300
61 227
54 238
449 454
192 352
346 471
419 420
338 423
403 447
107 158
114 466
424 468
3 464
156 420
385 445
49 164
408 461
73 454
37 474
75 360
71 253
141 429
282 389
191 258
61 431
99 193
269 409
131 340
301 320
132 256
359 480
137 188
253 484
148 263
17 57
202 225
7 337
34 177
177 275
62 133
56 173
43 215
11 378
149 438
81 255
152 475
77 466
189 224
127 252
54 341
264 405
218 299
294 447
388 397
210 252
168 438
222 371
23 189
135 386
143 171
224 460
98 171
222 293
287 384
151 497
107 359
47 54
102 335
376 438
141 256
88 253
49 325
67 173
163 213
340 443
42 304
154 238
260 493
409 483
70 484
211 400
122 362
318 451
366 469
70 362
39 422
403 489
47 398
8 41
81 316
191 290
189 254
469 500
68 296
205 237
98 364
159 391
290 357
241 291
17 333
33 358
154 290
70 500
353 431
19 53
251 309
209 257
96 110
225 352
16 230
9 223
104 302
341 346
365 472
1 386
335 453
270 312
100 355
17 34
18 266
390 413
228 230
254 398
164 238
258 362
188 444
59 221
104 128
40 407
95 135
34 53
281 492
299 452
306 473
66 92
95 111
135 177
127 220
11 219
224 391
290 437
253 290
13 414
195 336
48 119
53 332
170 180
89 121
37 98
466 473
392 448
180 299
330 447
86 244
87 271
318 499
203 292
173 392
438 470
208 420
77 461
92 390
380 435
248 376
427 439
113 138
52 354
207 298
90 308
36 366
96 347
85 150
218 333
70 80
296 382
14 261
344 434
104 395
39 155
46 444
295 470
25 460
55 225
381 490
181 425
46 354
7 453
111 467
106 318
418 440
85 366
27 339
55 445
298 322
331 381
55 378
75 268
20 444
286 401
225 316
248 470
428 443
191 222
377 465
31 421
392 492
187 195
22 180
114 157
255 360
343 465
108 127
179 424
150 436
339 401
99 244
76 101
102 383
110 488
134 285
159 479
176 285
241 380
142 342
40 73
356 492
235 236
39 271
19 35
77 340
218 491
36 304
328 394
95 352
103 317
111 122
339 424
47 258
255 436
231 496
64 250
191 437
44 208
101 423
456 462
374 419
225 378
176 484
4 369
243 256
148 327
176 357
208 334
288 335
134 357
427 446
180 297
133 406
76 133
224 254
238 262
66 470
205 401
166 499
231 320
41 468
258 391
261 350
166 277
280 303
11 39
196 282
32 119
7 330
122 299
257 383
135 456
130 411
6 416
308 381
172 444
75 362
347 399
171 440
26 340
147 318
85 500
209 308
176 386
86 216
273 305
41 266
196 220
203 306
66 92
90 167
212 465
180 390
52 277
59 283
193 379
110 260
180 452
6 336
291 373
153 186
7 427
85 253
90 194
375 462
213 364
58 435
69 471
65 481
194 416
25 325
154 398
299 376
8 321
302 396
338 492
134 192
30 157
66 360
200 397
9 124
11 316
198 295
47 155
71 362
144 182
69 88
71 146
34 436
438 460
5 389
308 331
179 400
54 92
222 460
82 245
16 211
398 452
160 347
1 312
5 172
365 423
21 59
130 160
47 455
393 487
75 154
175 497
135 479
315 374
45 86
166 463
44 261
366 476
36 155
31 499
262 304
48 326
87 297
107 466
450 484
177 192
71 316
80 197
210 384
180 218
220 380
60 179
96 208
57 262
194 392
365 425
52 242
267 350
75 95
36 450
25 471
146 436
87 223
117 496
225 484
159 189
133 181
168 398
216 283
70 135
62 396
295 375
95 413
113 429
147 499
6 409
80 255
208 240
75 441
447 493
172 487
434 467
17 276
476 477
25 293
144 442
29 356
103 499
9 391
108 118
115 218
17 366
106 336
436 437
294 399
23 142
201 232
188 321
275 371
81 477
358 492
260 425
32 240
464 485
184 454
362 495
250 298
135 154
304 437
34 467
239 266
9 92
6 117
269 274
236 264
200 274
424 488
4 369
83 439
406 420
107 408
138 215
195 206
333 341
293 376
31 156
159 476
86 394
137 490
142 458
312 434
95 316
468 480
88 155
74 187
61 65
219 341
317 431
80 95
257 443
217 351
141 449
104 130
304 344
401 412
12 444
18 33
55 363
184 402
64 133
81 441
68 250
9 413
325 437
20 173
243 252
170 484
367 463
344 438
18 266
134 149
249 425
131 301
49 170
26 379
47 225
42 75
226 368
244 339
302 404
154 391
17 154
262 445
69 233
409 449
98 101
207 282
16 400
376 385
180 258
263 478
233 455
293 297
129 197
103 259
40 370
270 452
258 444
49 375
469 479
183 447
53 460
146 149
199 444
369 492
25 176
393 496
62 289
313 393
100 117
131 311
89 419
36 360
493 498
297 349
12 126
176 295
7 138
88 275
81 180
281 402
53 452
34 219
127 307
170 248
86 89
375 484
9 170
163 321
386 413
430 432
110 166
62 338
185 216
203 464
153 407
11 233
36 495
296 394
156 315
346 470
412 451
4 117
35 57
50 399
68 499
91 479
170 500
35 456
243 272
232 488
170 450
142 491
96 424
452 470
85 363
69 70
183 302
9 111
32 405
57 70
208 296
160 209
44 488
90 424
2 472
77 216
194 329
457 498
36 146
296 493
49 75
68 97
328 424
175 288
371 436
143 313
223 316
284 409
6 277
122 304
69 254
84 106
131 265
47 293
168 290
42 500
366 391
206 272
304 357
24 153
20 108
66 455
25 49
46 261
75 299
213 486
15 315
53 295
96 340
24 240
44 173
222 332
369 494
277 448
290 467
269 433
64 208
60 231
423 432
304 495
254 341
149 441
101 478
70 438
101 351
276 455
316 357
283 382
300 339
236 326
34 79
146 333
30 274
195 319
161 453
199 427
290 352
191 323
162 420
189 385
293 375
251 368
142 362
155 385
26 61
73 358
228 326
280 305
54 376
149 225
48 236
34 223
6 428
338 440
2 277
51 132
119 234
57 275
357 434
27 483
62 338
297 360
25 422
143 305
123 143
237 482
98 475
238 434
128 311
36 376
132 387
111 275
255 271
25 295
154 366
3 291
47 70
114 257
90 131
10 167
228 461
120 269
218 434
339 379
213 269
360 441
152 389
103 482
209 404
102 395
173 236
116 465
34 276
234 486
53 360
327 343
249 433
175 267
304 467
73 472
146 436
175 194
169 442
17 297
297 352
226 439
149 150
228 267
261 417
212 327
74 148
209 485
150 445
33 443
312 323
426 444
407 432
30 141
9 344
103 125
223 295
199 220
173 307
28 428
4 206
151 305
91 238
14 250
262 376
32 119
17 92
135 271
60 237
130 488
281 294
16 148
82 110
249 425
119 200
88 437
173 231
45 196
150 390
184 404
47 88
273 296
17 366
352 434
207 414
37 217
60 94
4 426
162 229
308 468
332 352
316 456
51 130
17 346
103 475
220 288
367 459
11 376
340 418
273 326
337 383
265 383
356 358
57 360
40 485
92 295
254 388
189 495
326 411
173 496
324 427
389 480
111 271
221 269
18 61
297 323
268 469
101 153
246 427
262 445
58 147
285 470
307 404
197 438
23 295
18 420
113 465
226 309
39 398
355 412
304 438
68 161
79 349
262 413
227 245
162 403
393 481
92 479
28 260
154 467
263 446
42 176
220 493
321 369
69 159
295 363
49 422
238 398
223 476
126 393
181 481
254 450
297 398
6 291
174 427
23 57
243 313
192 362
234 412
193 461
81 285
286 368
93 362
266 283
49 57
190 394
77 192
122 253
280 432
157 428
71 352
221 448
161 339
226 319
69 476
90 313
7 227
253 391
22 352
122 134
158 379
160 206
191 253
48 487
81 95
108 492
390 460
23 362
193 421
76 377
356 367
19 362
79 135
189 299
114 499
290 376
231 260
290 452
225 304
417 418
86 365
195 444
131 412
303 400
346 366
349 455
283 457
253 495
122 262
170 224
165 389
269 384
267 494
83 289
78 381
330 420
17 88
238 495
42 268
222 290
14 102
264 347
156 231
217 370
162 432
175 283
21 485
258 285
197 469
61 368
145 395
8 364
284 486
141 252
133 294
327 453
9 23
238 363
163 355
135 363
204 313
197 437
143 145
216 320
307 411
13 38
205 340
147 488
248 450
199 294
74 449
313 337
142 378
180 382
2 40
47 177
126 288
180 238
75 352
64 104
66 344
30 172
419 430
92 95
53 91
78 210
298 319
42 437
24 402
54 254
31 236
325 385
324 488
54 258
81 93
21 430
36 460
43 300
115 362
276 323
37 498
110 118
188 497
144 214
219 391
85 295
142 224
1 349
66 202
306 350
235 485
308 399
150 312
410 493
116 143
286 309
242 263
136 214
71 500
204 226
166 425
458 471
392 453
230 232
56 62
18 449
92 271
254 360
268 275
16 364
33 419
57 484
114 319
46 459
233 248
170 456
225 462
14 433
301 410
9 276
76 161
47 390
363 452
180 398
161 424
133 247
174 443
361 487
197 441
102 294
211 350
97 324
172 429
73 494
88 357
257 493
150 376
222 341
47 81
276 469
320 420
14 313
17 375
174 310
166 292
237 465
97 486
129 222
10 114
67 286
373 424
366 460
61 415
131 208
231 338
109 364
292 331
35 36
159 437
1 17
113 131
17 275
182 475
4 475
15 61
164 477
5 228
202 372
243 289
114 339
4 204
127 292
285 341
224 391
94 485
68 140
54 386
173 206
71 129
372 434
122 456
177 270
2 282
110 277
257 393
147 364
311 488
27 394
163 243
89 279
352 445
188 241
82 265
81 177
31 483
180 500
88 295
98 128
161 298
93 312
71 218
364 374
167 394
11 469
260 379
304 346
300 347
115 462
270 469
66 155
100 389
107 492
273 407
178 461
276 467
372 391
255 299
11 197
240 286
403 474
73 351
34 124
25 469
235 406
48 396
232 420
223 436
222 341
130 465
258 452
124 374
378 479
5 94
302 347
297 378
262 332
219 491
17 390
260 442
19 92
169 171
85 88
144 186
22 80
20 384
172 263
49 253
69 276
100 228
39 176
242 400
252 311
75 81
71 471
60 206
89 195
56 466
205 338
18 257
164 375
75 452
262 462
204 256
11 470
30 33
355 480
218 460
46 239
88 189
238 325
55 469
22 134
112 166
175 211
28 354
228 289
40 171
71 437
56 311
291 395
123 448
13 61
159 293
39 88
25 297
34 469
217 296
40 167
198 295
480 497
324 341
45 435
218 441
342 373
385 445
15 474
262 455
227 303
110 311
81 224
429 494
5 303
53 176
147 331
192 372
313 355
274 492
22 53
209 307
22 55
110 492
272 348
17 436
1 124
289 337
333 385
132 421
41 431
87 362
191 500
85 371
218 450
354 356
53 192
55 111
404 499
405 480
34 176
97 269
349 438
186 331
196 213
458 484
292 313
223 360
232 257
118 161
212 401
57 297
128 311
36 455
25 352
372 376
56 186
285 434
198 284
65 211
142 275
81 198
17 371
85 254
52 281
49 115
236 369
183 284
37 117
180 271
24 181
206 425
179 387
298 490
8 274
100 335
253 346
407 474
76 141
303 355
231 394
3 241
30 481
276 357
372 476
332 479
363 458
218 476
26 138
445 477
469 476
153 488
70 71
312 360
221 481
131 444
238 476
266 359
184 249
42 177
315 408
214 239
239 482
32 478
219 295
171 410
275 349
173 493
253 469
203 415
131 401
232 464
46 453
16 263
301 433
111 476
158 393
48 431
410 485
205 474
93 450
402 481
86 266
208 365
14 121
229 292
139 281
142 238
373 374
195 240
47 325
55 299
165 428
75 192
1 471
178 415
39 189
248 467
233 366
200 397
24 396
235 361
16 331
198 375
10 380
240 435
256 400
270 386
303 486
154 479
434 476
237 435
74 207
123 396
297 467
53 316
357 471
92 95
422 450
95 189
104 110
146 258
178 242
126 234
191 462
283 406
440 499
50 116
295 471
75 391
94 100
45 308
9 22
128 423
65 321
90 486
197 268
104 163
217 355
86 121
19 275
42 223
49 476
109 493
98 368
356 493
150 458
4 274
356 442
52 327
347 383
145 241
285 467
91 471
421 479
376 471
130 374
103 457
318 421
192 371
122 467
252 424
301 347
17 441
255 366
236 370
5 48
319 401
163 212
203 331
9 134
340 425
36 202
301 311
81 223
153 359
97 193
442 443
88 455
160 184
25 436
186 463
67 347
230 481
268 422
439 497
138 300
124 500
10 90
191 332
90 307
115 371
13 172
67 139
212 406
88 197
138 416
229 465
180 316
238 471
92 371
100 171
356 403
110 137
279 338
300 348
15 368
212 368
74 414
210 490
113 232
54 276
317 468
149 450
117 464
192 297
191 434
28 31
49 398
37 113
23 471
209 483
237 410
137 261
394 454
85 222
162 214
12 298
238 325
388 429
67 330
246 420
295 349
174 496
353 486
361 416
55 66
99 246
253 332
345 382
40 241
142 352
42 467
34 434
37 242
76 423
74 145
326 380
33 281
21 226
98 169
64 433
57 145
377 430
55 122
302 418
130 291
225 479
192 223
79 295
9 391
333 352
95 376
216 392
81 372
253 363
7 84
77 380
286 394
59 263
69 360
9 75
70 80
36 391
53 180
29 50
85 295
205 368
324 423
321 428
11 198
9 255
364 414
352 479
13 359
90 140
428 498
255 341
199 309
65 345
83 97
168 295
293 441
263 293
87 346
52 396
448 488
105 328
39 312
381 401
401 494
438 495
66 168
250 454
71 450
115 170
164 455
317 499
371 476
75 95
360 398
352 445
107 133
132 393
176 299
291 411
26 272
208 301
77 320
13 429
35 469
94 317
322 354
176 349
143 283
122 135
176 495
96 485
117 354
91 450
248 422
331 350
195 287
19 36
140 480
398 460
22 385
457 490
463 488
29 235
185 251
43 120
56 90
341 450
385 437
131 351
191 441
180 253
48 101
40 137
42 491
182 259
38 416
319 423
375 476
322 494
85 224
45 356
433 492
81 276
164 197
247 358
1 398
33 280
342 500
89 235
28 315
9 253
157 381
301 370
42 342
311 433
403 431
492 494
162 473
371 436
62 65
2 406
156 228
292 464
376 484
301 373
67 361
19 189
131 383
231 444
379 380
180 436
17 470
391 456
217 269
133 371
262 352
103 406
317 351
174 430
149 467
179 315
390 476
53 299
32 107
264 493
85 391
54 297
16 231
254 422
325 436
22 122
104 165
11 219
471 477
118 377
210 409
278 406
142 372
93 223
164 467
122 360
217 440
295 470
108 282
69 255
223 436
33 389
166 303
201 230
349 462
77 383
128 286
123 236
124 352
36 233
31 165
349 469
146 333
122 456
25 344
87 218
149 422
272 427
79 191
232 367
144 496
205 402
247 414
337 439
12 440
72 419
187 353
16 86
297 437
439 487
201 340
207 417
17 346
148 171
225 332
8 284
35 413
109 288
210 430
48 340
122 390
281 478
189 398
339 494
342 491
53 189
23 456
247 448
103 483
33 379
91 450
81 458
50 185
83 185
39 168
66 92
191 198
38 294
245 302
22 398
107 334
186 340
19 254
132 278
81 436
183 499
78 203
161 379
69 170
206 298
170 290
144 398
89 428
285 441
71 452
142 357
154 255
147 387
70 293
140 241
253 458
416 474
47 456
312 352
287 478
75 445
150 344
255 268
13 356
34 295
45 110
42 341
219 254
180 362
113 181
56 394
53 297
28 130
142 438
59 387
270 312
138 246
261 446
242 288
158 228
192 202
104 353
34 134
11 17
82 401
172 490
56 229
47 80
32 131
34 192
254 460
66 484
160 411
87 455
80 452
35 192
58 384
68 84
371 391
214 389
124 299
27 481
96 478
92 467
39 363
306 493
262 456
237 444
219 276
45 490
10 415
56 367
28 273
387 393
229 302
87 124
139 261
87 323
191 470
147 220
186 480
222 290
66 192
158 324
125 247
229 421
137 246
323 375
42 198
140 407
291 335
6 334
360 452
5 133
69 146
31 56
165 193
325 376
337 419
36 360
159 312
160 446
189 434
225 450
274 313
268 376
332 500
78 481
77 444
156 425
6 205
4 147
136 157
54 436
92 159
3 14
82 428
80 438
20 232
3 14
147 318
271 398
165 179
428 433
66 168
39 146
35 134
52 171
17 484
198 450
164 233
90 369
54 238
255 270
23 477
330 419
78 379
154 434
180 202
42 352
66 71
123 239
47 223
88 170
390 422
89 468
261 464
271 390
134 333
303 359
243 431
311 399
463 468
128 464
117 408
168 385
105 163
257 292
272 318
118 302
54 85
135 290
30 77
121 286
106 143
335 343
283 427
285 436
80 462
154 290
8 18
75 154
325 362
208 217
118 245
23 129
61 237
31 451
417 485
342 366
147 321
318 410
284 421
161 481
132 483
167 417
54 268
103 272
41 161
186 327
88 495
132 394
111 255
156 412
393 474
176 180
227 369
92 342
92 124
44 99
49 362
22 176
32 63
302 486
99 439
43 443
241 283
402 444
241 272
17 469
164 316
154 197
140 466
51 194
218 469
89 174
349 352
171 330
255 293
53 70
282 409
189 275
93 248
348 464
54 479
289 330
144 235
188 195
154 385
72 128
29 340
27 158
130 359
181 345
47 456
66 391
437 477
333 360
78 478
265 368
330 365
26 60
66 218
187 328
157 220
290 332
418 497
289 302
221 311
31 309
115 164
72 408
219 385
109 309
34 35
45 123
181 400
259 373
77 459
81 467
66 218
304 500
22 39
425 429
199 288
237 489
256 368
54 491
352 467
158 384
94 307
138 348
65 86
101 120
81 500
84 412
48 397
285 378
170 219
119 399
57 93
111 297
112 343
75 170
40 331
77 294
136 392
238 390
102 267
231 313
62 288
108 141
93 192
251 266
154 285
163 321
147 350
394 482
7 424
93 372
82 329
244 389
290 371
62 171
95 177
66 323
212 214
14 82
229 487
426 499
43 98
36 434
248 366
230 466
254 293
119 130
4 389
172 318
177 437
123 496
34 159
154 385
201 498
271 456
342 436
198 357
146 276
39 75
58 90
150 342
45 319
53 341
66 134
253 352
22 437
166 444
182 184
210 320
38 257
72 221
42 142
91 398
118 183
53 270
1 495
337 459
195 265
279 396
294 443
88 293
312 323
147 237
69 223
10 265
66 386
213 260
22 111
252 309
1 192
268 484
240 400
189 268
414 488
113 228
163 392
28 114
2 492
79 191
253 362
48 279
113 181
185 411
48 145
363 445
40 112
199 229
210 231
124 209
113 473
107 464
282 418
114 466
197 316
97 114
10 288
213 336
53 304
194 410
350 488
346 450
149 197
456 477
355 454
30 229
144 468
122 323
170 189
311 481
157 439
6 324
293 434
281 388
332 462
102 281
6 32
201 284
17 460
220 261
57 142
286 393
116 369
90 102
134 268
27 496
169 263
316 445
284 488
330 461
34 285
293 299
238 441
168 455
39 88
9 34
142 176
197 366
170 455
296 365
187 244
157 228
35 248
331 356
81 295
89 195
295 462
168 385
184 370
218 413
43 465
187 400
263 305
365 387
93 495
75 262
403 424
23 225
106 465
150 202
362 477
26 451
324 361
57 146
3 492
442 454
169 214
164 295
37 240
41 480
331 414
68 466
287 358
84 201
245 272
260 306
456 467
284 481
334 464
313 459
423 449
182 439
385 470
30 387
12 292
276 456
190 498
17 293
352 500
211 447
268 341
109 313
262 452
45 94
272 380
233 371
136 291
144 307
239 334
108 412
155 360
131 489
22 223
17 92
120 131
154 168
110 181
411 497
277 317
362 458
85 438
94 136
104 281
254 325
57 304
176 191
424 444
70 422
148 451
393 416
104 265
144 265
118 239
34 129
88 479
57 189
149 362
444 492
266 388
204 361
319 335
192 253
277 377
176 371
61 226
42 223
92 460
79 176
271 458
305 432
42 57
25 253
181 334
321 368
116 264
169 416
293 357
295 500
93 325
77 249
376 386
237 423
34 53
46 417
304 422
180 342
312 360
164 470
371 495
144 478
44 56
180 248
352 469
52 166
53 233
299 436
42 276
13 443
209 291
127 298
333 386
132 310
407 485
9 164
163 196
66 223
363 391
59 487
47 197
68 206
89 359
264 274
349 385
360 371
149 254
71 455
5 260
201 483
206 353
341 467
299 352
121 283
335 426
198 271
41 60
270 450
331 420
60 165
49 458
9 362
146 316
1 275
78 257
178 309
197 479
256 439
347 348
1 268
29 113
8 126
88 275
17 159
278 365
155 456
147 412
120 291
124 299
269 382
54 385
186 230
63 98
99 350
34 484
25 275
75 253
180 371
215 273
42 437
262 491
308 414
182 243
133 283
222 225
241 249
47 455
268 471
141 215
111 346
175 259
367 421
115 479
23 285
377 417
14 147
107 435
170 192
189 467
438 477
29 246
80 238
101 298
112 399
350 367
111 176
254 323
401 408
294 451
63 283
107 300
64 480
224 258
372 456
183 340
57 470
25 316
218 391
295 363
322 425
45 113
294 365
62 246
15 448
223 413
225 357
5 327
237 412
123 320
59 86
95 316
187 319
13 449
213 292
168 189
27 101
261 409
176 491
272 384
327 354
87 223
61 481
98 356
134 366
175 427
232 328
398 470
132 368
142 455
100 193
149 295
99 326
267 272
68 420
13 256
9 386
272 473
182 373
154 170
213 288
390 491
389 429
118 251
30 128
255 271
233 293
209 389
70 458
103 210
117 381
290 398
128 348
105 140
240 399
390 398
195 407
238 357
59 102
231 334
456 491
465 488
174 249
80 189
105 485
317 345
33 483
344 469
176 285
37 60
15 212
103 435
303 420
74 472
47 386
168 299
42 225
239 337
106 284
371 467
199 446
100 443
197 271
58 303
21 204
54 299
217 279
150 176
206 410
34 92
103 282
233 325
267 399
312 469
30 492
314 448
6 496
172 431
168 355
219 342
140 419
270 271
244 265
456 491
95 192
92 270
201 365
352 398
24 59
394 481
36 197
1 323
238 363
114 418
215 426
215 389
116 227
136 207
67 112
257 280
197 238
139 497
268 372
149 476
8 485
139 171
277 428
25 270
382 432
400 474
30 128
168 341
253 332
58 196
238 363
151 380
85 456
93 150
166 256
29 101
53 391
203 374
402 447
22 91
174 442
163 454
194 370
362 467
207 474
56 464
129 477
371 422
98 497
275 378
225 375
63 418
96 185
341 456
350 403
216 472
205 473
75 146
384 447
66 342
316 357
11 470
240 496
41 302
371 385
80 88
81 386
105 171
134 202
80 376
122 371
18 277
132 234
13 215
69 477
458 462
18 90
99 273
94 166
329 395
178 237
111 124
323 469
126 247
428 475
92 398
223 254
36 386
40 103
426 480
25 262
72 377
109 330
288 463
63 350
330 464
80 333
42 70
19 225
78 493
55 258
85 427
330 429
33 74
224 470
16 394
69 225
28 480
46 327
291 324
364 379
65 139
325 434
173 382
85 437
81 149
54 168
170 371
40 402
232 314
295 390
218 437
85 299
55 436
298 482
346 495
148 185
109 415
117 481
111 445
260 278
211 232
458 479
9 258
164 219
449 459
53 325
285 460
136 228
52 387
290 436
198 450
336 406
186 257
196 369
244 356
268 371
155 470
205 359
367 369
66 316
55 262
71 115
315 389
202 500
244 361
141 229
336 424
220 388
102 487
215 246
152 208
138 405
32 348
41 457
180 445
102 331
110 419
340 439
54 293
65 232
160 245
314 320
322 336
68 499
208 408
274 389
123 173
217 315
55 238
266 426
159 304
45 409
112 131
42 95
89 350
46 261
184 205
431 482
310 367
30 43
71 376
252 429
201 288
255 452
353 429
160 365
264 380
41 157
192 218
57 467
54 386
391 456
300 440
456 491
171 461
180 271
110 246
314 472
50 112
352 375
10 279
122 491
47 159
185 401
271 362
190 468
43 414
157 396
456 476
61 423
119 327
155 168
35 55
303 499
144 315
59 424
82 117
29 407
88 180
148 220
51 490
22 57
153 393
172 408
39 360
54 386
326 331
65 443
78 423
344 470
121 492
251 351
197 385
14 320
182 417
219 413
295 366
438 445
383 405
184 451
26 369
138 190
153 185
111 462
205 329
362 375
16 62
260 317
54 276
149 375
72 195
3 229
42 71
145 252
8 194
324 466
292 302
379 427
64 157
11 484
75 177
197 253
57 295
307 335
277 400
363 471
5 208
244 315
21 104
242 380
36 154
282 444
50 307
362 391
95 124
314 453
57 155
111 297
322 440
129 363
130 446
33 48
229 322
399 432
170 258
58 429
240 488
134 491
111 346
5 139
189 258
31 72
192 312
422 500
213 431
36 332
121 205
180 371
151 473
1 115
76 490
196 298
79 344
103 162
124 276
375 477
145 494
223 479
3 161
96 307
258 375
140 182
140 160
166 287
110 303
195 317
277 399
199 284
212 418
294 457
67 114
268 375
103 339
67 406
145 151
25 189
177 254
161 188
140 172
192 225
396 485
36 386
36 92
10 40
18 116
177 362
59 229
103 383
231 453
314 327
276 438
45 402
184 405
351 478
234 383
74 356
355 408
15 31
255 297
295 344
310 347
40 109
115 363
34 198
318 411
331 459
43 285
254 479
198 349
192 262
108 444
69 268
197 366
92 325
281 373
179 340
162 273
123 475
16 488
27 232
434 460
331 387
336 463
168 346
128 263
315 490
49 391
321 405
323 458
46 119
49 470
268 385
421 448
277 475
268 470
174 306
138 364
24 364
188 404
151 242
92 225
25 80
154 390
88 295
107 338
167 214
25 262
279 351
47 484
227 365
62 489
130 193
301 442
122 177
4 274
194 210
81 357
63 494
211 370
86 300
126 128
322 451
129 349
184 498
91 124
61 307
268 484
201 336
316 376
175 193
190 464
112 481
295 341
200 410
169 294
316 452
32 216
69 248
18 205
47 191
366 441
215 415
301 327
374 379
190 288
166 291
113 409
113 321
17 54
309 482
288 499
203 449
158 449
310 420
313 403
55 441
324 403
85 95
22 25
76 426
292 388
35 134
45 100
47 149
68 356
59 355
95 484
1 19
39 312
43 157
108 291
84 421
325 357
53 159
276 290
57 225
191 262
388 447
250 427
273 406
324 393
100 373
150 371
75 390
233 436
46 338
466 499
253 304
216 315
190 364
16 331
13 324
233 385
371 386
436 470
9 372
15 468
146 192
36 491
24 449
83 374
281 432
276 437
137 174
438 450
79 471
60 444
333 437
145 186
149 168
110 412
13 120
286 353
446 468
85 456
49 495
163 496
23 71
46 256
194 373
84 104
42 170
91 124
134 150
259 267
105 387
344 460
134 376
42 66
177 375
249 424
298 351
239 364
170 189
161 461
114 318
103 193
290 469
43 97
70 85
357 458
23 469
278 443
158 394
420 465
149 238
75 372
47 455
323 325
253 357
13 249
79 450
402 439
144 306
115 134
164 223
481 496
75 460
187 454
9 363
115 476
197 371
168 469
309 429
80 346
28 444
176 255
124 458
322 407
322 425
437 441
21 74
39 290
341 500
203 298
111 150
209 419
324 475
279 485
14 287
194 473
35 385
376 479
150 341
434 455
71 85
82 98
76 347
299 386
206 257
105 329
146 341
76 421
443 480
136 252
309 355
139 472
280 415
191 495
341 357
22 276
160 315
154 180
216 442
121 169
114 359
299 312
63 178
247 348
103 389
185 427
34 349
2 369
53 323
163 247
155 391
122 168
22 149
327 339
165 263
205 354
362 479
131 263
215 492
340 464
34 346
117 418
176 341
144 481
181 481
290 476
198 225
93 445
122 168
200 220
304 360
458 469
71 135
428 493
51 179
303 408
166 373
405 457
99 279
215 313
5 137
153 377
341 363
75 111
347 468
1 270
53 341
197 202
81 254
6 499
37 307
95 111
88 357
17 386
46 273
144 426
39 470
247 261
132 496
114 182
87 376
150 363
111 248
216 496
20 395
127 411
7 215
14 483
108 388
68 465
218 386
129 223
362 491
87 299
291 425
170 270
396 431
111 177
161 404
27 139
50 234
35 386
242 482
298 409
249 266
225 452
141 214
118 183
53 54
97 343
75 366
327 496
220 246
29 384
186 273
284 446
37 118
281 407
31 179
68 440
25 349
95 233
39 197
8 30
213 347
349 376
303 493
65 351
33 105
61 335
463 493
224 436
22 342
299 376
152 388
155 438
195 364
22 341
149 363
164 238
226 263
197 271
176 223
364 410
51 212
1 360
50 132
58 283
255 363
63 306
110 250
130 190
196 321
274 291
56 206
354 447
142 275
91 271
158 327
15 188
49 233
112 425
266 310
338 355
136 481
154 375
110 133
87 189
62 210
396 474
297 362
117 263
219 344
262 290
228 482
298 496
34 376
164 366
87 363
155 222
301 387
82 292
109 252
20 466
94 300
134 398
281 416
327 377
219 476
80 452
254 386
178 400
14 110
220 402
108 239
197 238
144 417
39 378
194 428
214 265
45 160
38 41
366 469
100 182
233 268
119 420
46 140
226 395
77 387
47 376
171 241
139 435
186 356
352 436
166 296
371 471
125 272
113 151
169 315
6 31
284 420
70 462
217 440
95 159
137 324
355 406
327 480
250 327
47 53
255 391
295 371
90 483
136 428
179 310
141 147
275 349
292 358
360 450
69 142
229 499
48 110
75 222
333 438
112 330
156 396
87 124
5 241
220 465
12 389
269 389
130 166
166 377
59 244
4 137
135 467
52 143
244 423
260 403
98 400
85 254
58 411
7 364
149 150
224 349
408 473
276 316
9 142
42 154
79 134
182 417
422 445
104 311
7 370
17 254
146 258
39 462
305 404
302 444
27 30
80 255
189 372
303 358
204 210
95 135
116 243
369 447
425 453
302 475
67 199
263 381
100 337
325 375
204 449
72 165
70 437
116 151
201 446
79 134
238 293
45 321
119 368
213 424
59 239
275 445
369 402
1 352
23 479
109 377
268 316
246 249
356 480
150 386
126 433
100 283
172 380
235 492
192 386
197 470
246 399
219 441
218 352
344 360
137 139
146 386
284 453
278 294
234 473
13 313
183 232
72 374
257 394
418 443
177 386
209 303
293 357
362 441
187 193
292 423
39 189
310 382
96 215
202 293
138 340
197 346
110 395
85 362
13 278
315 367
42 219
235 237
423 448
53 189
24 98
229 435
37 206
65 310
191 378
125 177
233 255
345 395
266 415
151 418
23 344
7 361
369 384
34 441
316 434
57 192
225 385
35 85
118 367
262 386
90 169
225 248
333 436
240 260
222 360
223 460
381 494
40 384
61 319
249 410
71 391
38 188
65 153
331 350
200 306
55 238
24 489
222 386
181 365
301 431
450 500
116 156
294 499
37 288
407 415
4 163
106 148
21 336
284 368
135 363
272 338
55 376
287 374
300 397
217 359
390 462
155 366
374 465
12 112
124 344
129 398
406 454
102 281
193 443
248 362
188 498
386 484
238 376
39 450
40 480
226 399
326 481
80 255
60 392
186 407
31 480
103 195
222 225
47 360
107 496
62 406
160 431
371 477
155 491
94 338
325 452
82 172
115 180
151 351
272 499
53 197
361 380
45 440
290 495
24 97
396 435
167 350
256 396
158 388
22 69
119 186
248 390
89 100
65 104
261 368
203 260
302 326
197 271
177 386
121 472
456 477
398 460
181 286
277 301
341 378
122 363
65 139
363 434
143 424
201 327
79 176
153 201
116 388
87 189
73 183
19 479
98 109
176 371
357 362
124 342
94 370
100 439
71 122
105 315
184 482
337 368
277 419
310 444
326 338
33 339
231 387
142 452
269 420
45 388
80 81
273 368
74 199
77 334
317 321
80 122
109 339
123 435
26 211
23 197
136 480
9 398
78 256
25 363
173 288
16 82
118 403
139 221
241 317
114 140
88 371
184 423
30 314
114 466
81 495
227 397
380 410
198 253
165 211
458 491
194 395
17 197
103 137
216 252
336 430
23 357
122 360
115 385
26 324
94 130
175 208
161 430
83 300
57 253
185 283
432 465
405 459
296 494
426 439
88 135
175 179
202 299
295 344
45 77
111 285
145 321
148 459
22 92
23 372
145 409
206 465
115 238
71 376
416 427
87 204
63 243
79 436
312 378
81 180
103 423
166 178
79 371
23 177
104 496
91 491
