234 233 123
21 104
23 82
41 115
82 190
18 125
91 172
35 151
14 186
28 111
19 105
51 159
107 178
13 130
185 219
5 50
69 96
86 195
7 94
78 151
74 222
220 230
39 91
7 82
92 130
93 169
19 156
225 232
171 174
177 182
126 154
41 84
47 102
138 155
86 186
84 98
123 230
1 81
37 61
9 59
104 156
46 56
70 76
150 222
80 144
22 100
130 216
32 104
89 158
41 104
177 214
6 213
7 144
7 61
95 207
93 217
86 99
157 213
45 156
44 175
39 132
184 219
98 201
46 229
83 113
4 110
33 184
29 155
87 196
76 137
110 113
124 195
41 185
82 215
107 151
151 230
52 68
64 99
145 168
170 194
109 141
25 87
75 119
18 156
63 181
200 224
46 223
39 222
111 119
38 189
19 189
162 225
3 150
20 177
156 206
88 108
141 202
15 183
136 152
99 116
64 149
87 156
36 43
54 218
140 197
63 187
21 43
49 158
45 130
220 228
8 46
187 205
30 99
34 228
151 206
137 181
108 129
82 198
132 180
158 225
13 173
142 171
15 167
130 231
99 156
54 150
33 113
39 50
179 225
40 92
155 213
120 144
157 209
45 68
29 191
115 202
23 192
7 66
87 161
55 93
175 180
22 227
56 208
27 228
105 133
51 96
53 194
67 116
57 137
121 195
61 221
33 226
71 155
12 230
15 106
60 96
68 108
72 73
65 186
59 62
69 156
77 201
62 168
26 105
103 112
4 203
144 171
79 130
8 119
45 58
163 188
42 67
22 115
134 227
29 180
48 94
85 139
50 114
17 40
99 169
95 234
128 195
50 82
41 177
142 160
1 122
135 199
147 230
143 179
2 44
193 225
41 153
8 131
101 145
47 94
45 103
180 207
86 139
31 211
156 181
154 201
90 103
164 210
79 152
204 230
186 197
7 146
117 144
21 224
95 166
19 179
212 215
24 171
15 61
82 156
16 41
31 215
37 165
10 122
63 210
176 185
121 188
43 148
118 153
1 146
11 179
97 104
8 179
206 233
185 199
82 170
168 232
86 127
72 181
105 181
39 163
59 183
14 232
66 224
84 113
8 99
54 94
66 187
131 169
78 135
33 57
71 117
117 191
92 230
34 226
17 72
140 208
156 158
35 202
9 112
170 208
57 226
50 206
49 209
18 199
36 165
140 209
15 109
62 82
53 134
72 197
164 230
192 196
37 164
23 190
81 131
130 202
47 83
7 204
59 89
64 108
8 182
154 201
38 143
69 76
121 195
175 211
6 196
44 77
39 127
144 166
72 137
129 231
5 28
105 225
3 215
54 70
40 42
135 163
27 63
30 96
44 60
48 178
43 165
53 205
8 22
152 232
159 166
144 205
41 57
11 77
32 171
114 196
22 211
163 205
46 205
79 143
144 232
31 228
14 52
68 204
21 65
96 203
77 157
106 121
13 42
141 180
87 199
90 114
116 134
11 19
41 192
178 200
204 216
171 172
102 195
76 81
172 210
127 232
101 158
90 115
138 139
50 196
61 207
5 224
181 200
41 137
97 121
76 169
71 95
75 204
5 180
77 124
173 175
140 190
59 178
35 153
4 217
20 230
20 58
85 189
114 150
