1000 2000 10000
474 891
128 568
102 442
77 956
181 545
132 865
431 736
88 388
462 856
19 130
234 634
447 712
496 743
826 977
585 807
223 423
786 1000
293 361
49 421
483 588
55 637
422 966
355 578
508 619
255 464
85 428
199 539
66 977
765 856
146 378
133 231
332 342
313 359
660 779
952 976
4 164
213 238
89 652
537 862
398 860
224 558
58 143
686 769
202 217
294 507
273 485
84 900
88 125
365 921
135 417
319 603
903 976
58 99
166 915
426 794
679 687
5 54
40 915
140 810
490 688
345 960
170 394
285 982
726 755
675 775
102 423
12 435
662 706
44 207
355 577
379 861
454 862
823 978
320 753
542 955
878 898
241 492
807 954
273 751
375 593
257 924
354 810
692 790
580 662
79 442
488 548
127 917
133 682
169 745
623 678
175 955
325 960
145 412
810 959
445 602
430 454
194 684
203 488
23 219
679 681
119 831
121 544
84 942
103 744
672 907
209 672
310 748
836 986
310 848
337 825
421 753
940 989
698 870
720 996
552 587
147 218
37 483
696 926
29 865
22 340
194 514
749 826
276 699
768 831
272 325
66 404
304 384
15 346
762 964
140 837
414 682
156 168
291 610
148 303
635 640
515 843
338 648
857 873
336 526
21 533
633 933
458 512
263 384
538 863
880 909
199 985
214 580
330 594
14 757
121 437
738 761
49 989
70 446
440 475
27 489
903 912
204 230
469 528
523 746
249 635
110 310
441 972
22 388
936 988
630 655
192 370
477 953
759 940
299 396
43 140
623 801
385 424
186 697
128 830
243 475
928 997
35 259
193 701
533 887
235 929
181 521
85 713
929 997
202 692
12 746
664 837
609 664
89 989
412 894
460 545
395 784
250 679
131 537
39 246
175 975
734 767
663 826
239 550
289 890
3 914
116 810
638 691
811 936
102 410
119 768
297 898
193 381
54 455
487 830
305 790
237 936
309 602
18 480
304 738
293 816
4 56
199 399
2 919
427 715
176 673
515 773
619 966
429 962
374 624
750 844
388 962
497 677
87 385
142 244
256 420
373 498
492 797
382 501
551 613
103 266
40 732
643 751
156 516
268 425
430 821
226 533
187 350
193 525
151 536
936 965
638 997
430 600
169 346
109 393
358 871
129 517
280 785
709 924
190 427
116 314
71 251
10 76
221 670
123 768
502 964
93 200
395 988
838 851
434 850
556 907
286 559
71 571
794 863
426 700
39 69
82 236
215 574
523 634
304 874
513 756
218 314
286 398
802 838
34 261
20 973
173 819
802 843
111 361
110 864
144 578
24 684
36 89
264 271
397 728
323 398
553 665
225 232
5 919
43 476
32 301
106 549
877 891
813 882
52 627
804 963
227 413
253 466
380 946
588 750
697 929
586 808
117 404
105 717
272 783
347 360
474 976
693 842
301 620
77 238
336 613
568 581
579 768
178 272
270 611
206 586
807 911
100 220
104 892
327 587
119 847
52 641
487 810
113 134
703 971
641 730
488 907
64 911
102 162
97 906
370 731
123 513
65 343
827 955
705 999
463 947
733 1000
87 348
501 742
6 356
648 651
255 756
302 307
106 310
42 292
588 966
471 540
194 962
274 875
23 175
184 404
229 464
142 495
64 179
55 440
276 300
159 745
289 613
704 902
656 969
375 494
66 772
98 616
287 874
154 374
46 187
127 613
225 261
225 691
511 606
213 248
118 654
86 642
210 987
184 878
191 238
97 856
512 630
446 892
533 702
648 683
467 767
609 871
413 954
677 711
90 420
31 117
813 923
65 728
580 645
810 953
115 393
236 450
314 839
588 715
514 651
282 390
55 450
92 325
759 851
337 579
105 165
381 431
432 564
49 966
506 578
531 815
49 963
446 884
319 584
135 600
233 241
143 144
189 292
585 651
288 752
251 438
656 699
112 875
450 946
52 350
159 738
514 823
802 876
636 764
241 943
561 684
66 799
152 634
236 920
630 866
85 181
309 419
263 325
599 893
620 989
36 62
242 261
215 998
375 700
369 614
188 700
48 991
71 159
522 979
412 570
360 416
90 525
523 854
444 962
555 934
35 337
526 871
439 620
29 621
212 901
275 780
40 50
206 817
294 560
588 970
711 935
93 595
421 980
71 849
286 995
145 636
368 503
92 511
415 608
504 975
237 545
54 553
410 939
180 806
99 184
92 320
98 632
246 782
162 773
740 931
127 374
76 645
31 149
532 926
522 553
419 958
380 457
246 889
385 521
91 404
436 498
236 398
755 961
274 305
176 245
398 941
167 771
374 925
251 960
353 724
677 695
30 483
342 743
223 445
432 532
403 835
210 269
748 973
262 920
248 331
453 801
226 525
983 996
214 614
929 980
99 560
418 892
460 622
29 620
471 580
80 356
597 649
153 634
507 868
51 638
8 696
130 983
151 683
336 580
165 361
403 686
351 888
302 882
372 812
667 724
160 381
442 543
240 606
47 87
441 524
380 743
678 887
57 755
374 576
28 986
164 559
125 690
750 884
361 514
196 337
362 419
103 445
259 786
449 800
45 256
291 809
273 841
68 951
718 873
778 795
273 424
715 734
428 469
428 514
147 306
494 501
41 883
240 888
269 939
355 910
234 292
323 416
136 604
778 827
455 932
282 616
169 442
8 814
427 514
733 813
556 709
371 951
61 243
68 308
760 778
96 725
996 998
265 290
314 966
436 729
497 966
476 556
665 852
210 549
33 140
742 968
62 184
153 277
316 725
692 926
196 329
622 848
296 613
585 896
329 895
253 755
154 348
14 41
479 687
354 573
327 477
299 807
345 933
565 612
479 776
80 966
547 716
331 965
107 565
469 982
661 805
60 218
763 789
720 835
103 441
828 898
494 523
465 999
427 501
267 704
308 615
241 573
428 890
510 513
57 317
174 741
163 785
656 706
220 428
65 710
246 324
319 799
89 559
445 531
637 884
394 643
155 850
360 997
754 972
98 166
224 907
87 836
86 726
405 626
167 569
236 562
917 999
195 566
156 635
56 188
140 465
96 430
216 795
139 988
236 781
81 118
237 873
71 207
439 735
648 840
399 641
505 661
302 703
249 376
349 671
66 801
641 977
264 599
664 747
49 219
138 861
454 543
205 398
739 814
90 226
803 924
419 573
503 947
80 687
544 922
87 448
287 543
56 64
635 881
358 389
126 277
568 756
216 575
34 993
803 857
407 993
55 738
473 936
161 956
640 806
687 854
6 190
131 985
116 344
321 524
60 842
132 787
442 862
714 779
387 848
535 641
410 540
33 401
47 829
562 916
458 786
58 591
94 528
63 938
170 459
212 336
372 499
763 835
853 981
117 923
484 804
360 825
290 520
442 945
204 231
235 788
641 683
719 882
68 155
182 750
340 838
503 734
105 542
171 773
855 939
129 229
485 657
455 654
257 955
621 662
427 801
594 748
532 589
606 973
602 664
653 780
491 808
96 184
593 669
283 607
296 676
526 579
145 389
234 610
282 409
459 521
92 191
42 364
602 648
277 320
197 739
25 762
60 633
544 703
193 955
193 535
12 635
745 749
687 745
144 192
585 615
306 848
416 983
169 462
412 877
422 846
709 800
342 430
23 111
145 315
362 440
287 429
341 708
414 735
167 788
437 982
164 360
324 801
374 666
724 764
587 888
56 580
444 688
209 367
627 659
98 101
148 503
138 605
421 573
198 228
94 522
138 335
53 963
162 719
237 975
480 929
803 989
26 965
378 869
498 695
836 913
98 764
737 908
516 905
139 907
387 464
152 766
82 358
663 1000
652 691
247 576
235 391
823 897
753 972
98 513
323 822
613 892
300 451
870 974
685 702
73 441
29 92
724 857
151 538
252 919
328 541
326 968
945 998
156 239
686 1000
162 268
155 920
493 840
237 860
313 353
27 259
138 632
370 643
83 209
816 966
95 709
298 358
348 461
219 484
163 340
52 933
48 552
636 706
583 762
122 150
126 240
26 870
19 366
746 924
436 908
214 887
26 974
644 818
671 866
558 565
47 598
498 634
869 877
292 427
415 684
616 663
560 572
75 970
406 596
87 145
287 914
371 823
221 811
395 556
342 706
63 210
594 823
543 569
331 818
42 665
268 334
612 860
111 994
544 649
126 385
60 787
1 7
222 255
798 861
620 728
126 869
609 712
540 987
499 894
46 921
124 343
612 869
163 610
109 708
49 498
274 793
346 739
304 744
23 592
191 885
218 642
730 973
816 836
311 538
156 889
538 799
346 929
470 885
460 991
227 588
524 785
706 931
62 618
650 860
260 339
110 913
316 914
123 152
119 711
200 843
697 897
278 881
698 801
50 234
303 676
189 929
426 681
572 957
794 953
444 968
264 359
9 612
28 101
196 622
474 614
73 931
578 858
348 430
801 834
599 870
80 134
160 242
33 599
556 966
758 820
251 824
357 624
643 746
215 856
389 948
75 291
89 561
296 850
487 742
357 824
432 582
753 793
446 950
86 405
567 626
78 280
5 821
52 591
56 394
39 634
21 310
27 150
22 917
929 964
241 646
79 602
160 790
42 285
399 504
273 692
501 975
192 210
275 300
138 860
593 881
153 275
184 227
227 340
428 656
69 997
140 853
38 473
178 653
353 922
234 577
721 915
125 300
70 582
473 940
393 806
856 980
661 717
10 440
355 362
450 897
297 835
281 907
145 788
406 887
106 842
275 384
212 882
209 496
103 485
69 663
169 608
418 837
687 840
39 687
21 428
362 631
97 277
107 886
507 591
607 817
50 684
180 810
820 947
370 605
696 699
156 364
522 825
466 832
46 742
15 56
828 849
286 490
259 991
141 1000
387 761
10 855
196 810
145 580
664 856
150 285
462 510
242 892
103 376
37 443
287 990
169 508
638 767
558 589
699 885
279 651
177 946
324 981
288 403
166 167
494 673
172 602
274 493
3 163
48 103
735 869
186 750
689 844
401 619
255 666
268 755
308 522
108 859
56 542
155 167
186 455
314 405
121 459
122 786
169 230
95 883
104 593
639 654
183 648
602 929
231 966
296 402
220 553
585 684
344 739
54 227
71 465
583 884
101 967
32 197
541 872
203 679
199 891
183 971
466 501
521 893
283 757
350 902
46 723
248 436
527 624
833 990
92 150
39 481
308 334
566 931
309 781
453 483
740 815
153 800
436 457
642 983
608 881
483 818
468 715
356 721
52 513
248 631
274 675
2 89
225 599
341 408
350 713
350 477
40 944
377 984
156 597
238 398
297 401
130 456
535 636
152 432
317 920
622 686
267 324
396 414
545 555
44 545
169 388
324 496
23 525
401 521
517 823
415 973
532 729
824 830
251 428
227 305
205 827
472 705
269 556
50 544
200 290
485 711
552 897
257 503
319 705
302 326
207 734
524 940
175 907
374 916
591 931
500 693
387 692
45 737
371 740
291 501
283 538
514 641
250 278
118 409
208 210
353 955
71 610
434 766
647 812
250 819
30 307
628 775
167 356
23 478
490 991
470 512
276 744
389 478
437 796
304 880
537 776
93 472
131 224
19 866
506 991
187 243
322 602
196 791
222 404
763 855
614 961
153 405
228 459
307 714
596 878
522 920
837 978
50 744
144 962
23 648
192 961
639 641
560 888
58 914
829 905
174 849
393 885
403 848
736 893
12 964
79 268
471 721
168 712
431 452
1 526
68 289
381 790
201 760
351 673
381 428
280 563
143 957
106 408
594 753
329 811
440 711
129 742
203 710
599 999
146 383
597 646
309 918
242 397
644 935
291 895
611 784
884 949
94 137
463 886
690 767
163 675
426 729
563 601
36 348
49 592
203 876
934 981
488 984
160 999
201 308
401 542
495 938
126 482
160 556
641 990
11 485
62 647
357 662
483 975
885 944
74 751
417 836
114 478
361 869
94 433
451 669
25 322
193 244
120 941
250 351
479 648
124 701
217 622
355 834
467 975
204 673
298 350
193 899
49 866
377 427
102 629
505 796
293 886
127 260
843 950
465 779
101 950
784 927
17 467
28 697
142 845
613 774
683 900
37 205
8 372
422 884
518 815
58 922
409 643
479 876
398 947
913 934
287 334
205 658
43 260
522 758
377 554
592 909
520 811
166 470
59 716
51 772
415 937
8 769
225 929
306 417
681 904
554 884
158 602
352 454
60 169
575 920
429 695
67 295
796 968
603 925
178 421
138 472
217 986
632 942
360 487
696 727
173 699
629 820
167 854
122 142
556 790
236 676
10 628
510 698
266 738
150 433
180 198
252 278
335 649
116 241
52 855
516 762
377 394
269 594
578 955
506 881
251 353
163 775
107 898
150 823
288 544
15 791
87 417
612 646
151 651
109 868
176 277
519 614
685 997
542 701
796 885
238 997
119 627
213 607
62 75
162 998
2 480
239 529
465 886
67 923
40 487
382 419
99 670
307 414
45 971
279 593
262 357
251 389
573 725
470 589
587 755
590 778
71 807
136 706
558 779
115 557
41 705
611 807
817 996
627 636
41 83
397 856
578 640
235 653
25 136
61 860
199 769
981 986
336 611
581 937
502 977
106 205
329 407
161 845
127 261
62 488
59 96
558 744
164 1000
438 868
166 986
5 681
3 151
829 853
319 741
626 704
434 966
391 458
35 52
737 924
385 426
387 639
595 837
422 843
190 576
217 996
149 548
349 722
117 843
347 458
136 805
354 684
57 438
760 836
379 800
24 635
20 728
515 522
404 850
177 198
201 950
129 634
91 805
128 221
148 987
650 850
236 524
55 87
203 744
352 715
287 535
345 426
145 537
110 256
218 673
397 857
916 948
517 699
53 435
227 901
576 867
410 931
19 23
204 966
618 978
491 802
155 845
482 501
607 667
553 597
455 913
296 400
412 992
707 777
574 915
602 704
71 736
768 887
373 520
28 680
30 323
107 364
587 978
242 873
375 512
386 799
603 629
236 432
573 930
65 944
293 625
134 679
559 642
705 744
234 854
432 740
124 457
136 631
394 749
211 454
508 752
86 788
222 873
149 530
320 521
389 699
177 849
72 73
27 381
148 305
21 37
114 955
545 613
392 872
27 927
59 931
230 604
187 691
67 825
768 780
288 448
318 976
66 524
441 752
60 336
138 947
281 737
247 417
102 586
279 379
87 589
309 480
742 743
43 258
538 954
238 567
511 928
94 273
577 648
215 439
828 969
423 938
334 682
561 617
607 747
23 954
59 770
443 622
263 968
76 118
338 957
293 340
424 643
651 793
672 744
588 996
213 296
130 761
675 874
23 827
580 736
126 411
79 609
667 940
28 307
77 125
304 663
262 543
479 641
518 609
773 903
168 841
449 454
84 807
798 859
617 833
154 612
376 625
312 921
195 707
284 692
176 461
113 703
78 770
236 707
24 80
288 774
648 704
649 938
459 795
33 122
301 340
582 599
187 652
145 754
50 368
509 802
11 215
144 674
352 917
448 875
790 892
455 879
689 802
362 932
8 212
84 581
77 921
573 916
643 950
29 376
124 904
378 814
55 559
151 590
35 727
533 760
257 903
51 104
646 954
172 507
208 964
60 716
60 460
160 895
536 646
230 793
448 798
682 709
89 771
454 552
346 809
113 787
48 822
236 913
617 621
371 607
64 705
459 679
82 747
499 565
428 810
14 539
158 191
339 730
191 737
113 781
464 654
90 820
55 218
287 827
377 781
462 501
34 186
186 535
267 297
375 664
46 294
456 917
694 937
105 115
33 526
487 496
450 484
779 829
18 248
537 683
560 821
284 712
130 964
51 918
693 780
335 680
505 904
109 653
553 752
296 734
282 426
281 839
425 883
663 920
107 321
89 745
232 241
151 777
290 429
582 920
929 938
206 459
505 700
315 569
330 739
147 595
80 468
512 770
137 907
401 631
249 907
734 860
316 333
501 708
673 855
389 746
757 759
11 235
87 816
8 640
320 630
431 490
562 687
79 868
421 692
910 922
780 826
112 938
678 867
622 949
400 693
445 937
184 478
263 559
90 903
43 89
664 772
246 475
324 888
150 270
645 727
756 969
224 539
229 389
77 604
271 514
47 497
513 546
608 701
64 598
390 738
392 486
180 926
419 641
215 812
531 909
615 783
240 976
896 920
462 979
164 286
200 510
285 481
204 712
153 757
148 338
15 305
126 246
64 101
797 799
699 892
854 931
100 320
320 661
422 472
597 598
379 962
325 346
335 422
643 776
146 523
193 317
573 643
235 598
231 475
824 985
13 789
814 900
398 966
819 828
554 903
130 922
278 654
259 988
198 378
16 563
532 714
496 793
34 364
796 963
341 350
535 814
391 509
210 781
37 858
27 843
229 664
236 893
645 681
547 602
112 147
559 606
136 336
113 145
200 318
721 985
388 434
52 903
184 657
125 604
600 790
551 975
70 566
169 534
634 854
906 945
945 947
60 527
942 954
44 411
279 519
424 474
32 126
496 769
265 280
346 428
278 363
357 976
440 745
51 597
152 922
198 893
147 216
273 543
52 852
105 300
295 379
555 888
585 787
88 230
348 835
719 817
614 924
626 909
373 868
337 363
431 908
626 980
294 348
539 610
465 634
689 895
148 897
504 671
576 663
383 907
202 590
427 875
652 867
110 625
503 815
857 959
149 307
536 688
315 319
81 988
168 271
733 781
554 882
248 670
346 832
122 283
439 549
379 698
381 671
528 594
50 643
67 745
148 644
447 919
254 520
6 185
149 240
144 211
30 729
105 596
235 503
331 422
144 556
823 997
340 737
4 540
157 204
398 535
30 165
67 145
58 975
134 709
533 850
551 847
89 987
683 751
498 564
673 789
92 548
535 693
187 456
280 951
201 798
393 832
66 366
792 922
334 506
785 861
152 161
276 669
9 484
95 943
745 826
362 844
608 883
365 846
30 246
311 312
209 474
481 872
108 330
448 795
722 846
100 858
548 790
547 837
369 427
25 387
329 388
79 666
47 880
513 541
323 985
58 62
363 776
46 856
332 353
940 952
245 981
263 326
418 630
138 617
69 753
261 448
333 796
122 156
186 618
204 304
115 676
205 221
187 892
42 589
82 668
338 659
553 948
584 911
338 367
286 541
234 836
270 547
243 498
319 851
551 807
73 945
63 740
789 993
121 259
48 93
659 759
99 546
351 677
491 813
474 609
328 346
165 787
539 638
48 397
73 540
327 663
197 524
208 293
156 543
203 711
691 789
370 777
180 399
151 623
971 986
207 464
137 797
603 608
401 862
510 905
588 785
60 941
13 813
477 846
40 980
617 794
739 760
794 991
772 799
404 992
139 842
86 404
128 854
128 262
451 751
486 503
473 542
264 633
333 595
316 369
361 501
410 990
331 715
389 882
202 496
136 411
679 778
58 378
382 701
820 917
357 490
198 403
900 963
526 534
312 324
210 630
82 501
189 213
173 731
559 929
103 965
247 869
139 755
318 882
779 980
401 422
607 760
42 245
519 744
632 1000
429 613
541 759
225 834
729 738
145 537
233 304
654 690
865 982
535 726
356 527
150 781
920 953
299 339
62 468
175 670
144 438
146 448
442 645
197 589
278 359
193 251
120 702
15 179
280 356
764 885
305 1000
278 535
454 503
937 991
577 769
643 690
325 984
69 208
695 866
23 44
257 782
790 862
309 778
722 962
319 938
702 800
332 940
355 779
450 852
237 456
82 175
21 908
159 501
402 886
60 63
430 593
651 806
407 906
598 894
461 981
132 378
557 894
160 376
24 351
4 152
373 642
1 424
191 802
345 432
539 598
136 180
112 714
582 870
333 634
335 805
271 849
363 738
324 728
620 933
186 760
834 846
584 846
270 657
21 85
442 650
128 291
213 497
551 901
362 507
593 723
315 617
5 687
165 590
146 942
869 886
248 359
490 931
246 759
235 619
418 731
809 834
73 541
461 995
530 597
270 641
335 415
528 767
613 894
294 964
318 546
363 411
25 473
735 855
97 588
248 909
44 238
355 779
100 509
35 540
432 868
177 862
303 528
79 559
155 448
512 630
169 925
741 869
450 578
523 694
122 419
255 714
357 806
368 545
476 891
724 893
509 676
101 176
691 762
321 674
86 539
540 814
693 817
63 978
366 549
301 800
390 705
327 775
254 833
471 692
16 247
262 769
207 229
279 638
63 785
554 760
597 928
73 537
365 715
142 507
289 380
515 830
475 962
364 386
108 341
161 189
449 928
172 689
526 945
872 890
533 993
53 741
33 721
286 422
193 302
120 420
239 813
76 632
27 860
643 799
489 819
109 755
252 337
40 812
35 418
58 952
920 966
182 321
306 702
17 969
453 482
367 866
27 131
663 796
649 740
309 703
474 925
663 761
944 947
321 348
299 899
184 781
698 857
680 944
687 758
113 470
287 602
627 670
125 412
850 974
263 892
434 743
31 569
526 824
110 862
338 510
620 904
676 844
322 841
286 941
368 902
36 497
55 987
233 967
60 227
257 526
130 269
206 596
855 984
140 322
57 512
191 544
248 348
48 564
101 588
435 773
744 959
752 967
354 505
92 143
267 724
700 804
461 462
366 750
9 838
512 528
590 946
722 814
684 994
574 758
273 541
146 577
759 898
291 754
99 215
83 166
241 348
203 742
555 781
475 729
494 879
112 721
78 362
130 292
406 997
59 908
313 481
528 593
298 388
205 520
237 281
866 980
754 760
769 841
497 975
655 929
685 841
473 654
58 78
953 966
38 968
163 436
307 318
178 912
319 464
563 590
434 682
573 608
192 298
254 690
432 682
611 659
26 839
369 544
19 738
97 834
7 577
191 240
305 319
166 413
33 893
465 711
67 699
335 966
625 860
191 210
690 925
122 603
224 620
379 977
310 460
341 749
231 659
403 954
274 763
689 854
23 37
146 417
69 939
400 956
71 982
289 598
458 704
351 574
408 479
322 578
543 617
459 761
250 593
588 898
468 523
466 754
632 680
38 424
51 286
101 637
811 902
612 691
250 631
114 978
569 691
73 410
125 965
341 631
319 618
648 762
211 686
627 663
64 957
304 950
261 772
219 833
699 911
204 552
101 803
743 983
201 723
631 909
154 417
34 155
218 943
814 855
62 860
86 278
147 573
321 915
486 563
107 754
864 916
45 592
866 942
211 231
494 944
366 980
920 977
566 923
82 659
588 968
89 239
197 471
224 802
190 912
305 597
125 270
406 681
457 512
766 971
163 165
7 424
304 625
743 944
228 958
297 946
241 899
114 474
162 349
614 991
815 835
298 861
618 986
298 459
489 822
361 600
347 701
646 764
116 320
379 836
337 766
261 800
32 718
470 896
493 728
100 601
15 530
121 482
420 972
222 646
192 693
114 884
779 952
315 338
694 888
807 853
47 512
223 538
78 969
43 784
372 804
366 735
178 237
697 731
418 506
225 844
526 870
59 649
243 827
211 487
266 351
353 687
506 976
222 616
92 533
679 741
560 929
194 507
942 996
212 476
329 907
402 733
207 764
285 391
32 172
728 901
94 489
823 925
5 243
198 616
836 846
267 796
106 979
44 463
74 380
254 298
76 347
430 932
189 790
317 934
644 679
18 137
348 476
199 991
218 469
221 916
192 784
210 419
662 866
129 390
581 922
109 933
56 397
296 949
19 347
41 737
512 810
322 701
139 560
248 545
604 831
133 684
163 629
176 703
144 226
658 998
225 567
505 759
644 809
6 495
151 272
5 702
323 854
25 573
229 420
84 307
390 437
562 967
736 914
794 813
38 170
230 881
330 369
179 335
648 897
18 234
157 631
209 718
98 257
635 641
111 372
63 218
115 583
550 826
777 850
631 721
798 854
163 280
549 913
312 521
174 632
190 803
67 486
517 919
294 893
132 212
168 547
231 987
894 974
293 392
604 824
872 964
419 539
128 989
653 841
659 853
301 708
411 509
179 705
80 679
739 793
144 860
462 684
233 524
479 632
653 987
27 692
551 900
132 201
714 976
845 927
31 352
336 698
87 192
547 940
182 385
203 720
108 221
465 973
342 402
164 947
38 717
314 889
199 910
56 145
43 228
75 772
115 816
127 600
78 191
348 360
882 995
105 914
119 976
46 313
237 341
145 733
428 965
446 599
666 791
68 321
610 998
43 162
112 842
206 374
237 433
128 454
543 673
72 314
799 880
527 668
485 610
287 961
274 751
777 977
860 954
475 843
243 589
313 353
645 887
102 133
865 979
361 438
395 951
106 790
621 997
33 959
780 863
246 337
210 475
8 873
445 632
60 429
682 990
2 220
231 617
230 808
569 607
149 716
358 832
115 637
726 995
423 804
94 288
187 532
624 647
149 976
94 303
441 799
136 496
561 803
214 493
18 998
603 820
442 679
79 376
189 803
253 278
364 962
952 998
54 139
67 251
120 551
254 264
799 982
666 980
413 567
115 845
133 384
167 647
497 561
506 730
280 921
139 835
44 259
171 658
731 733
129 174
145 714
274 930
68 93
882 955
367 698
526 970
91 284
396 512
366 412
171 504
281 367
452 714
405 851
76 876
36 775
418 958
9 42
360 596
43 838
110 769
230 510
263 978
210 696
617 727
45 814
476 939
26 829
141 880
403 792
415 693
825 859
650 706
223 553
720 753
808 867
474 698
540 918
21 237
107 297
548 572
695 721
4 580
625 818
615 745
759 764
239 738
401 606
334 704
165 431
366 423
304 551
43 759
359 910
434 792
739 870
231 742
344 745
15 593
508 885
143 775
693 858
18 877
559 785
198 630
510 591
319 392
657 892
906 995
398 699
306 702
279 801
255 657
176 827
445 518
397 775
160 308
271 996
649 836
45 382
524 779
206 748
384 653
797 900
483 727
446 947
473 763
207 451
116 816
270 418
849 873
485 824
84 235
905 977
197 860
192 268
820 920
312 692
95 524
170 786
269 348
161 908
578 799
225 858
192 385
325 327
92 993
134 395
223 248
82 178
492 746
16 317
29 55
222 620
377 969
205 376
381 646
360 864
185 446
109 888
1 445
825 860
107 595
504 566
617 809
546 780
355 609
280 647
440 827
519 686
502 844
24 487
640 954
136 480
762 929
715 854
64 474
713 861
151 628
517 987
781 927
372 914
515 947
271 996
104 739
479 848
427 759
65 367
92 174
378 889
853 960
766 955
564 979
201 503
744 843
134 850
230 679
351 458
602 808
580 847
344 882
593 720
120 475
28 692
446 947
155 599
291 777
6 550
22 495
312 919
624 641
150 678
236 960
705 970
339 416
274 727
69 237
263 655
277 537
817 924
589 620
362 909
176 735
616 967
422 427
154 582
148 885
124 938
451 771
150 763
458 733
486 850
739 902
22 147
815 834
370 490
509 925
203 322
212 642
888 994
424 491
77 128
159 396
270 867
265 494
220 634
80 137
373 588
157 382
150 623
11 164
171 811
136 175
414 865
485 637
457 718
697 699
512 739
498 952
39 527
76 614
433 511
500 599
303 908
539 884
36 495
511 571
143 323
48 61
200 765
656 872
481 778
171 388
269 306
387 456
226 705
351 910
106 660
577 711
221 810
620 933
254 736
462 995
630 802
455 817
207 435
304 829
302 917
480 895
331 666
692 787
263 481
534 691
693 786
224 718
145 659
393 451
283 849
13 997
68 429
807 954
102 456
568 613
309 840
35 246
341 852
464 881
623 955
301 693
20 84
300 403
291 988
742 922
781 925
19 725
165 655
129 869
585 978
205 648
260 557
421 691
50 448
163 624
90 805
11 926
837 876
184 766
1 508
331 863
329 459
528 624
646 787
193 597
813 930
194 839
145 459
559 760
725 876
752 771
783 840
91 409
360 542
240 814
363 928
654 954
349 693
411 554
521 594
531 811
7 762
38 768
86 300
597 728
378 492
539 946
17 284
7 852
542 699
140 361
48 616
316 631
160 389
346 494
267 518
83 406
179 674
17 878
273 353
879 916
810 862
519 788
529 775
115 332
961 990
297 808
785 882
383 949
372 597
621 981
499 951
269 369
532 975
121 218
3 435
724 815
320 902
211 566
371 650
415 501
414 712
724 772
154 745
265 681
434 589
208 982
46 879
451 836
384 678
340 608
399 495
84 162
539 929
379 646
180 216
711 946
182 932
1 593
349 709
122 416
111 391
78 336
576 802
307 767
671 942
18 702
207 853
305 484
406 471
351 873
269 396
64 183
407 435
284 884
552 998
554 609
472 909
92 798
13 435
331 640
599 777
155 492
807 981
9 300
154 827
615 712
55 976
86 602
802 904
640 893
389 788
252 554
296 360
120 807
220 339
665 729
299 578
277 665
389 525
125 347
400 613
514 990
50 814
280 355
893 982
48 581
497 767
295 466
711 949
92 745
10 823
214 636
474 534
700 986
183 277
551 592
682 833
834 902
170 960
13 81
839 922
126 462
763 815
460 867
337 970
391 993
47 260
165 248
332 833
150 376
630 875
198 353
300 724
665 926
38 349
80 936
20 197
744 801
62 887
305 955
212 530
50 628
128 495
331 926
161 340
522 925
14 718
565 645
50 624
569 664
371 668
362 713
10 354
20 220
453 953
345 582
60 329
412 829
138 901
243 724
141 834
178 334
830 972
68 865
354 938
345 595
27 274
291 599
728 791
769 960
107 686
779 886
854 954
73 767
51 763
108 665
205 730
109 347
283 318
121 299
578 613
3 975
19 462
582 986
615 643
298 505
83 791
470 997
441 742
429 849
95 577
318 712
96 922
520 961
591 638
544 985
269 586
20 779
102 769
647 900
128 670
270 578
409 971
372 401
54 281
910 934
123 228
93 800
168 458
736 968
114 914
80 95
154 418
773 889
33 853
789 935
380 659
23 589
400 566
317 446
33 732
188 717
384 405
460 633
668 669
569 836
303 791
317 881
62 463
44 160
63 285
45 104
660 928
429 869
123 605
734 744
95 750
539 739
129 953
652 815
303 673
64 699
340 938
595 904
185 811
815 826
528 989
218 710
409 829
23 125
530 739
182 432
531 574
807 995
111 522
24 514
396 536
273 970
333 883
63 718
642 714
157 789
167 978
135 510
365 408
696 712
7 673
246 658
243 813
237 698
269 694
271 912
170 636
379 487
122 842
9 431
927 940
56 179
13 532
788 847
146 240
68 841
348 454
419 578
276 960
475 484
547 746
646 772
207 331
186 271
91 195
844 874
141 575
359 370
30 35
165 977
502 774
404 894
461 506
201 453
116 312
209 591
770 998
405 859
108 765
450 685
609 668
512 971
55 847
145 614
527 591
376 472
276 752
513 557
344 931
489 565
83 814
785 830
118 241
462 656
14 992
447 648
27 294
226 945
428 472
159 905
350 761
411 1000
342 697
357 872
48 595
292 666
162 364
189 853
305 880
353 999
735 857
132 487
643 817
708 756
158 256
35 146
208 817
184 541
31 159
264 929
323 694
178 338
525 753
665 969
475 597
73 260
593 686
675 904
55 906
248 374
425 700
240 439
392 586
785 806
666 738
143 283
54 90
977 983
37 403
252 885
162 574
182 244
530 808
639 782
260 588
322 463
117 928
9 383
141 721
956 964
328 363
132 471
140 717
96 795
400 587
66 256
483 998
90 446
378 973
73 130
530 942
361 610
350 795
850 897
15 320
46 709
507 835
81 648
62 342
116 497
168 395
141 396
287 425
489 856
515 962
144 295
547 672
31 769
152 652
13 352
765 795
159 281
277 838
479 921
526 680
422 852
64 673
385 760
196 792
423 991
244 984
810 855
123 283
172 788
454 583
318 763
125 301
30 608
479 799
259 637
503 561
241 492
403 600
62 322
223 347
263 818
563 773
379 657
15 215
627 815
969 990
225 639
90 221
268 681
267 461
765 879
807 858
711 804
136 675
349 561
288 955
299 507
286 591
831 955
755 942
114 539
495 755
60 391
87 482
46 268
550 592
5 728
36 125
560 801
384 847
75 389
211 897
670 960
123 546
70 499
220 450
676 757
277 816
694 899
229 809
463 523
250 586
157 222
525 742
466 900
559 907
194 420
416 913
482 744
434 487
33 668
110 114
197 502
176 543
57 288
850 918
117 465
38 590
2 857
660 724
92 743
161 597
358 693
545 906
153 825
206 723
701 761
108 154
788 932
143 821
745 776
639 680
607 982
379 989
39 131
525 856
165 509
30 836
530 982
212 290
58 493
29 530
650 679
136 747
127 637
187 254
321 671
6 157
175 456
33 826
133 497
24 546
516 635
227 773
103 199
467 776
195 733
217 704
287 336
260 955
181 746
821 881
376 762
403 548
94 983
429 837
476 920
93 565
278 745
281 850
480 542
54 184
297 944
59 249
107 515
345 777
224 920
69 468
108 275
521 975
283 883
168 258
16 762
139 928
216 500
255 355
69 229
650 907
324 687
21 987
443 470
722 941
327 899
328 451
146 858
342 803
131 892
187 225
100 300
803 925
40 518
187 631
192 831
11 986
263 888
555 869
751 792
493 655
326 870
220 704
129 272
255 631
556 622
221 233
501 905
34 366
469 912
658 834
770 845
420 875
160 183
134 246
223 288
94 124
844 940
205 804
133 972
212 702
167 332
97 567
188 570
256 906
258 507
119 296
411 462
434 985
494 627
143 667
213 681
512 610
243 825
78 291
326 583
36 796
67 577
104 581
335 987
91 140
105 435
377 471
85 163
629 821
419 757
146 171
466 878
648 743
228 683
201 733
343 734
268 894
17 281
414 538
590 635
182 246
222 810
178 709
56 879
328 972
141 722
220 268
63 385
56 849
246 577
150 840
174 466
587 832
38 552
91 285
263 457
407 470
752 898
384 667
162 581
595 825
954 974
56 302
450 622
117 735
184 836
9 507
814 876
514 688
17 600
96 890
115 144
336 913
154 174
411 481
88 579
311 323
199 725
525 948
267 600
205 278
287 643
26 259
77 301
220 953
824 850
206 973
388 968
526 814
475 668
844 906
219 247
332 877
600 810
613 741
15 432
92 493
125 322
275 758
428 571
441 967
852 984
266 897
577 580
101 477
249 457
512 814
502 777
355 994
4 352
99 375
497 873
305 952
851 856
889 1000
703 923
909 937
516 940
235 589
151 420
357 486
10 292
595 730
55 948
228 955
530 837
414 994
706 790
428 828
263 337
9 984
391 427
772 787
277 860
103 454
905 915
691 949
196 888
209 213
369 741
67 506
716 801
451 739
614 720
543 784
263 693
407 776
522 636
58 87
507 519
268 297
266 384
569 738
418 901
293 387
370 996
186 384
255 727
139 458
202 792
370 731
561 787
175 483
229 912
99 779
720 841
148 797
238 246
30 808
636 672
450 967
177 238
617 889
44 202
246 278
674 941
55 640
705 801
684 843
345 539
513 933
80 894
45 734
12 37
650 732
53 560
362 742
17 633
476 576
119 582
12 936
137 886
237 354
488 757
788 906
318 663
506 543
313 937
29 949
515 761
497 715
4 183
258 655
835 867
201 906
228 278
536 865
543 816
389 647
67 75
617 875
281 430
947 988
17 440
418 797
99 421
264 622
259 857
291 390
549 905
133 173
536 844
390 855
215 527
267 517
443 509
852 888
111 459
306 992
507 877
531 621
594 808
504 756
572 892
160 883
614 849
838 997
9 937
111 332
395 444
191 634
517 714
213 275
594 708
638 807
194 311
240 363
577 755
764 805
524 729
818 904
463 778
4 795
77 975
113 426
396 732
66 409
413 999
207 698
33 176
167 892
660 693
20 29
29 834
523 725
136 401
616 632
443 574
361 442
193 605
149 838
641 822
613 922
219 451
696 898
96 422
398 688
830 911
652 726
1 493
557 689
210 750
48 890
489 518
798 800
284 367
355 653
281 859
780 850
416 684
448 568
412 704
240 802
144 408
260 776
213 344
54 469
380 664
345 906
157 579
184 427
7 748
118 690
553 694
246 296
83 235
877 898
514 707
632 657
218 708
39 323
22 317
417 925
205 963
246 791
80 246
306 421
138 910
628 725
19 483
382 530
527 698
33 600
581 877
615 975
100 425
168 517
528 717
365 936
293 590
689 859
343 678
280 542
81 808
21 385
78 661
524 700
35 462
473 660
467 492
49 226
263 837
723 934
181 708
386 718
594 812
166 276
654 949
197 913
433 664
577 618
401 685
368 822
191 747
177 932
509 906
685 940
538 773
257 343
464 990
98 672
774 980
126 996
62 311
390 745
42 357
78 522
81 213
697 745
703 749
182 734
639 814
143 179
743 775
173 919
180 335
72 321
561 979
328 581
669 781
110 389
592 940
3 210
554 601
250 402
247 281
610 779
764 940
268 894
281 341
321 849
66 818
418 624
646 894
461 849
402 678
610 791
715 1000
316 420
514 695
476 880
78 376
947 999
94 775
218 716
116 617
454 529
419 994
378 551
336 790
424 691
260 304
758 966
430 431
514 661
782 907
109 975
190 798
617 889
307 952
388 766
179 877
137 865
150 460
1 544
785 840
203 918
143 600
63 972
199 608
364 852
514 524
237 384
269 514
803 868
134 306
571 833
504 621
392 876
598 982
631 752
238 282
347 950
70 547
381 918
679 737
674 786
916 978
612 784
442 841
128 608
684 733
60 628
330 649
21 375
191 332
245 335
155 236
501 850
47 718
869 893
811 934
405 967
496 595
491 868
45 391
53 688
903 916
253 259
501 580
617 951
93 731
672 888
180 778
524 870
299 603
186 483
219 419
458 694
292 859
217 881
360 601
143 146
903 923
260 443
270 977
159 702
89 376
500 731
421 484
473 928
859 936
397 576
621 632
133 840
366 678
847 892
275 986
826 994
164 328
128 234
214 355
258 312
263 550
132 752
297 322
723 919
327 484
226 896
179 440
201 383
190 903
335 665
269 521
22 784
115 433
450 606
271 280
74 480
100 760
40 94
349 625
394 517
39 344
472 931
183 385
162 760
186 439
194 368
295 745
434 916
318 332
272 670
731 755
56 928
552 556
365 668
33 849
112 993
605 609
632 914
753 788
302 849
66 469
794 800
191 502
778 854
29 589
180 875
913 937
481 600
54 162
175 928
5 187
517 851
160 585
275 677
931 975
187 641
491 618
28 49
351 898
33 820
725 990
43 948
125 137
184 236
494 824
404 982
711 832
327 368
244 444
40 70
412 504
896 960
543 672
371 716
522 938
574 611
660 813
7 741
677 860
386 697
683 896
132 542
321 746
836 975
276 566
426 771
329 335
404 491
714 866
96 129
213 877
98 797
906 954
328 961
518 738
791 839
238 758
14 706
304 973
460 510
549 644
2 717
281 953
499 834
42 932
143 877
2 559
20 644
602 846
258 690
750 772
39 707
362 786
728 981
352 638
64 87
537 784
136 918
68 690
423 881
144 514
653 944
47 371
435 955
36 217
314 486
6 323
289 579
55 826
438 763
196 313
442 899
151 942
86 281
68 388
436 471
176 352
541 976
412 681
316 534
145 479
21 390
207 406
462 993
323 603
195 519
297 370
547 987
208 567
300 544
35 932
210 310
694 805
1 61
65 724
127 674
287 736
710 742
189 669
31 339
240 642
35 307
674 962
7 214
273 891
710 989
590 610
383 633
606 618
273 276
741 756
368 624
404 634
127 206
37 483
539 594
283 373
116 419
11 387
144 518
353 690
154 897
49 565
392 393
937 954
14 469
384 434
185 442
165 999
91 834
913 955
62 378
285 399
593 859
932 960
928 958
618 696
440 862
77 358
237 976
457 603
278 336
569 622
47 927
154 826
641 649
71 315
493 698
732 970
67 511
67 864
25 912
109 310
592 993
460 483
136 627
327 469
75 114
110 382
3 517
573 583
401 713
499 534
893 920
626 942
67 480
739 890
126 644
417 712
383 402
335 494
564 870
319 948
482 556
677 934
186 748
267 949
452 607
156 544
175 458
927 996
299 760
569 888
596 641
315 530
595 804
224 463
292 359
611 689
97 967
74 195
83 398
670 918
242 948
918 936
393 633
704 925
290 621
52 256
208 262
372 934
461 635
383 454
503 703
105 278
88 596
212 993
552 781
483 678
127 227
226 420
208 848
331 705
490 541
319 891
455 988
340 642
98 403
396 429
59 73
285 795
230 680
88 858
38 293
174 632
138 536
293 829
779 859
420 849
20 843
149 659
524 698
71 732
32 259
111 540
296 665
268 629
202 421
259 981
81 192
160 668
521 767
553 644
324 378
181 749
259 619
341 660
236 333
387 974
386 623
82 868
806 901
500 700
667 700
147 969
240 243
304 746
237 381
659 948
576 872
677 884
80 913
677 951
138 763
686 717
212 575
612 901
417 638
244 386
591 612
698 884
224 883
109 580
602 872
780 942
276 879
455 973
932 935
297 730
131 907
305 903
560 624
211 579
948 953
329 993
637 726
52 462
106 216
423 695
398 656
122 155
158 711
475 791
259 396
938 986
416 892
201 768
252 365
113 839
518 893
559 818
125 954
78 101
596 852
171 609
858 877
496 750
56 823
8 663
335 538
208 304
716 745
226 708
330 418
881 981
17 309
43 383
594 645
398 458
177 402
296 506
77 190
89 234
563 829
739 872
400 790
174 519
783 913
36 982
531 626
271 429
125 490
394 697
402 509
800 959
346 983
173 508
367 819
404 731
647 790
538 611
743 775
31 161
52 907
11 539
495 897
400 596
85 333
883 967
338 671
753 790
260 978
793 952
196 493
113 389
25 746
716 810
248 478
254 917
848 868
3 368
75 939
20 981
296 725
347 554
38 345
228 514
250 800
315 861
793 868
958 992
145 285
289 580
2 922
44 998
64 431
21 213
459 914
324 346
26 275
172 587
145 492
52 93
206 605
484 623
320 515
129 408
680 981
600 974
114 911
211 900
725 934
399 544
390 723
398 818
830 970
212 357
390 636
412 681
401 522
23 92
138 579
103 848
179 608
316 844
159 603
96 539
72 268
196 865
158 930
812 978
148 324
556 676
348 978
343 621
740 760
302 639
5 434
169 814
99 410
563 688
586 785
155 803
479 788
267 336
366 915
325 518
312 544
68 926
90 959
38 492
74 455
188 242
314 497
142 363
747 833
671 848
421 791
529 627
570 733
363 528
446 739
12 946
223 325
39 429
562 944
738 919
205 374
269 380
239 810
664 867
539 611
502 630
100 320
795 944
189 227
376 568
282 972
482 798
69 858
242 904
220 947
351 736
200 252
644 803
636 810
186 204
745 812
321 432
429 728
455 575
56 131
125 703
371 983
684 841
258 640
195 349
74 940
489 943
538 621
740 967
62 132
277 867
27 580
281 1000
751 753
58 555
706 770
320 335
12 540
431 736
579 789
359 729
606 961
177 989
21 125
159 626
50 229
35 776
771 854
675 943
175 566
704 834
217 874
382 833
139 711
687 878
77 896
483 938
567 940
343 540
151 776
115 324
302 322
797 825
425 723
220 405
771 915
710 902
940 956
236 247
117 468
309 742
265 491
1 636
139 456
35 394
524 823
573 672
153 489
154 738
145 577
118 788
370 930
535 592
217 822
89 582
35 38
54 655
465 720
590 853
478 535
231 791
270 361
411 918
173 706
182 338
600 920
35 992
398 538
351 727
26 89
130 873
476 558
882 932
99 451
708 848
75 94
93 330
137 357
499 952
373 593
317 528
50 437
287 783
320 870
500 525
216 754
550 670
180 533
114 759
39 953
38 827
427 779
542 769
278 942
343 929
236 514
202 223
163 239
131 577
826 989
493 640
598 710
716 796
673 916
108 916
43 141
330 486
79 389
532 760
123 292
232 838
659 714
547 949
590 926
3 143
31 802
185 316
239 340
282 872
79 715
950 975
313 945
230 375
274 432
55 161
307 363
553 929
341 799
585 989
45 879
562 994
690 865
563 841
144 573
40 695
376 698
213 546
14 955
317 622
17 61
283 927
180 368
227 871
312 545
408 668
457 508
342 427
678 928
490 774
70 74
89 144
764 920
513 980
40 191
246 500
64 131
254 459
272 403
13 305
110 395
315 742
74 525
186 695
407 770
405 893
470 512
61 755
172 357
603 818
249 328
363 453
491 825
628 894
700 994
242 680
268 557
469 863
84 438
11 584
463 567
329 898
485 602
433 527
369 796
378 423
335 593
199 468
568 602
428 682
654 934
872 968
114 840
436 622
69 129
335 870
437 484
147 406
377 834
905 940
65 263
84 694
168 330
787 900
214 500
123 633
167 804
309 926
138 757
409 963
181 299
64 108
310 581
188 969
428 624
140 975
539 643
551 945
391 911
225 916
133 338
411 735
48 300
260 516
534 702
280 433
650 754
284 558
468 506
442 689
177 407
177 665
188 828
310 744
17 267
304 560
491 492
194 593
199 312
345 440
428 749
570 967
257 435
379 672
447 607
463 586
479 675
210 881
223 573
589 680
202 602
324 650
47 367
37 772
141 446
392 394
78 732
770 997
763 941
346 361
21 569
412 554
175 917
864 997
140 724
61 391
655 938
6 354
302 750
38 176
357 791
714 861
106 703
527 806
315 744
570 881
107 312
457 914
478 722
15 449
566 874
382 628
144 755
184 199
199 338
45 564
225 943
77 244
12 262
725 727
189 393
469 575
347 601
16 432
752 899
71 978
347 883
10 302
643 681
164 346
959 973
442 685
525 831
295 498
312 873
441 826
1 152
80 614
300 850
291 781
373 728
308 648
152 780
311 884
64 857
579 875
395 421
14 198
373 768
351 841
401 995
117 195
344 883
234 304
46 799
92 958
755 782
611 845
492 855
98 768
187 330
157 438
161 709
84 565
32 957
311 531
760 763
846 900
585 999
142 379
445 999
623 731
55 537
650 696
20 934
113 518
181 676
281 865
24 220
168 502
722 954
537 549
186 372
674 987
132 926
117 739
121 620
332 971
632 868
110 316
714 926
396 606
665 736
326 611
670 732
176 766
681 888
155 732
97 823
140 916
150 962
441 516
874 970
237 375
413 670
24 795
625 865
610 861
521 746
243 725
499 575
6 465
535 739
177 224
391 547
498 795
295 897
99 856
381 901
215 417
73 125
950 956
402 816
271 302
724 981
260 485
799 876
702 970
83 166
189 243
413 573
358 557
341 734
79 123
650 756
19 262
198 240
234 439
796 859
673 740
282 618
532 735
180 859
437 488
264 468
490 740
107 539
89 330
425 525
620 635
127 677
412 837
256 893
5 629
695 850
396 692
119 574
166 968
153 890
280 748
226 721
216 479
318 933
430 910
689 941
355 665
124 358
249 418
338 530
343 933
557 652
525 868
402 502
247 971
471 624
643 746
559 701
715 793
165 549
399 404
595 914
481 769
24 267
284 773
628 835
423 837
743 776
302 691
703 808
491 692
86 487
437 951
867 909
57 724
278 602
467 487
23 773
439 554
299 552
126 708
326 502
212 518
624 781
911 940
670 880
190 974
110 515
50 804
180 797
409 489
468 729
206 856
303 465
344 699
50 483
24 570
745 792
115 839
399 483
384 677
378 822
697 993
530 893
119 801
140 273
729 757
516 725
687 917
394 583
629 686
453 528
228 782
75 107
416 442
174 714
169 231
318 393
722 836
564 834
67 615
21 492
409 608
38 225
318 414
895 955
118 766
148 358
2 108
456 503
32 534
791 939
829 928
171 505
242 358
647 743
809 900
302 599
156 941
406 450
246 699
491 675
637 923
384 429
860 947
191 539
244 490
27 218
564 629
211 706
564 657
293 718
120 226
284 824
605 649
171 570
181 383
477 543
296 835
113 267
393 442
206 928
264 832
200 828
65 759
21 768
45 253
189 877
479 995
78 956
84 644
625 725
60 112
164 541
363 489
7 392
68 457
725 784
92 414
583 913
343 467
686 897
615 942
58 376
914 988
228 308
360 409
574 684
156 280
293 697
578 952
545 650
379 824
35 221
623 798
138 838
395 715
231 578
132 150
216 791
762 791
17 673
119 593
313 400
447 867
541 544
148 731
419 610
283 852
37 149
857 978
327 899
688 916
296 785
228 869
259 701
179 827
60 122
443 993
30 176
204 501
484 738
818 984
722 727
93 352
184 576
690 729
834 915
318 892
148 794
333 651
276 557
354 696
471 710
162 792
329 945
769 795
248 460
644 867
412 960
734 867
473 605
333 715
615 909
213 919
81 199
941 953
587 695
247 438
612 613
491 927
463 900
281 285
258 688
107 207
96 268
102 504
504 694
585 773
270 652
680 705
76 705
404 471
314 827
192 567
298 884
708 753
779 860
185 629
115 163
427 991
618 909
8 768
158 505
792 907
61 204
51 725
312 417
176 332
571 681
450 668
111 328
170 245
92 334
39 358
85 320
32 676
7 625
651 777
354 759
159 178
152 234
244 807
4 890
114 140
381 927
710 768
282 379
321 560
240 354
406 805
372 460
480 635
127 773
646 840
588 783
427 483
251 807
183 786
21 187
188 653
132 320
410 621
709 790
357 358
549 905
550 627
28 82
241 660
275 345
241 305
774 829
428 547
79 661
386 917
162 818
81 185
246 508
16 885
524 911
516 935
444 746
506 854
349 378
182 933
178 684
462 548
388 848
13 315
478 700
338 947
384 930
614 855
229 848
411 921
154 828
771 796
386 868
341 510
417 660
444 943
28 888
274 377
344 433
211 646
190 970
98 305
242 942
193 778
541 984
321 823
711 714
230 522
19 59
324 669
378 497
260 403
567 665
387 895
881 965
693 725
114 363
323 919
57 494
653 945
376 901
655 688
304 957
79 961
7 661
297 533
765 886
709 960
575 835
678 822
366 699
246 610
219 863
292 847
866 944
227 265
26 115
923 987
29 516
858 880
290 576
116 464
279 292
424 467
23 276
64 731
406 723
182 786
528 826
62 685
170 696
95 305
278 304
9 801
380 483
77 955
930 980
844 992
415 700
427 894
616 806
279 674
262 309
643 798
360 735
155 759
717 908
491 925
148 886
802 889
330 632
117 277
116 876
15 926
392 618
81 738
519 626
326 782
40 307
274 859
391 892
730 975
369 921
275 929
179 263
238 581
407 637
172 794
58 832
483 584
250 284
30 118
703 957
405 807
575 632
590 787
477 669
446 799
240 916
125 728
338 777
192 779
658 661
258 434
492 902
404 653
220 591
108 239
232 739
407 964
24 403
556 831
375 432
179 741
175 782
68 176
717 812
418 876
144 911
389 454
468 543
395 999
541 670
293 584
119 809
175 953
851 858
28 37
208 990
476 597
406 591
70 719
358 535
342 503
402 775
822 929
605 750
411 513
139 201
340 688
360 448
650 659
433 574
581 863
333 633
159 929
226 791
476 963
132 357
92 763
175 439
158 576
119 671
945 997
204 541
161 394
53 852
151 746
159 801
77 397
493 946
249 398
137 774
472 621
214 919
901 986
398 531
825 979
443 982
158 348
382 696
244 598
410 513
335 734
324 388
155 382
16 990
776 778
265 449
147 455
323 595
688 888
12 661
260 781
663 710
1 540
585 631
314 812
549 714
333 429
112 165
127 929
471 997
54 166
153 373
127 227
558 684
513 907
175 283
259 907
162 721
245 888
528 887
508 863
195 294
450 796
784 909
111 654
623 641
709 723
934 999
225 570
36 79
264 724
129 450
332 961
8 810
440 614
664 946
14 248
162 443
640 822
218 958
83 764
925 944
568 992
319 886
121 498
429 943
688 909
25 920
299 324
854 869
145 717
827 910
636 870
469 706
142 538
683 752
793 794
357 858
128 520
850 991
348 556
316 332
465 786
454 575
221 540
56 79
502 776
200 739
539 677
239 496
209 683
509 594
124 897
745 876
7 414
130 202
359 750
457 555
284 960
296 664
94 309
443 533
293 695
649 762
212 978
140 621
403 662
13 985
274 753
508 817
313 975
747 953
679 773
391 552
138 956
447 882
3 278
639 918
767 835
104 464
426 822
271 779
495 501
723 822
341 743
162 655
235 777
450 941
268 279
363 946
394 649
52 553
67 778
247 712
176 657
359 433
316 802
440 945
188 607
262 600
353 962
505 518
183 638
409 577
132 953
189 624
82 839
496 573
251 663
266 487
137 848
330 599
276 685
305 747
136 599
603 823
476 554
905 997
35 512
37 611
210 728
17 398
200 601
145 648
326 648
10 514
234 932
8 74
548 853
852 937
283 908
47 50
250 569
257 948
415 620
645 688
167 999
252 600
421 486
79 314
159 439
481 656
837 950
450 606
554 981
523 947
244 431
502 741
489 831
433 942
490 965
591 997
361 779
518 650
166 213
247 927
262 684
250 335
129 479
183 883
575 844
603 660
367 780
445 749
584 688
388 862
59 75
222 343
347 665
278 424
370 966
211 882
655 902
446 870
417 563
609 860
14 242
40 69
36 284
453 848
271 408
286 814
505 863
257 297
450 901
520 668
99 610
243 575
572 674
64 410
625 756
84 947
455 577
273 634
802 820
89 548
402 434
8 791
260 365
61 453
649 815
187 468
164 585
120 733
657 933
166 535
466 945
357 359
282 826
373 652
23 565
358 696
232 351
160 365
870 981
515 762
88 712
686 694
336 456
136 870
216 274
707 983
626 747
487 770
249 730
766 923
432 978
726 741
105 816
19 494
929 972
281 952
339 372
77 239
97 362
2 549
474 917
612 730
464 485
460 515
78 926
251 690
629 738
108 970
383 477
391 685
368 562
91 326
609 679
13 65
104 180
298 847
68 517
23 846
186 637
566 672
67 419
368 898
31 188
726 805
21 900
654 692
954 989
202 441
281 857
100 842
396 422
313 585
57 735
580 988
478 512
148 264
319 690
291 809
114 811
415 550
92 923
482 543
216 748
179 724
528 810
136 454
77 319
105 357
677 994
220 747
92 735
881 893
274 645
180 261
68 410
561 859
471 862
208 524
622 906
398 965
181 988
442 519
790 963
761 885
168 975
342 673
451 457
668 886
542 991
411 946
19 51
273 710
12 993
21 238
208 318
845 910
289 586
52 109
90 591
345 537
475 958
148 893
569 792
388 882
383 514
150 880
46 558
239 515
728 748
353 816
364 557
451 827
158 288
586 933
67 690
577 601
239 245
371 755
495 551
304 937
470 810
941 963
240 315
324 935
491 882
329 956
430 675
352 682
538 925
287 441
446 627
424 516
185 450
153 281
178 945
265 770
146 527
435 949
310 530
341 345
511 559
390 397
903 925
107 530
793 910
372 868
243 871
60 696
177 673
121 198
585 853
22 425
77 439
369 658
174 845
430 440
311 755
408 828
26 997
685 795
38 536
206 811
677 826
662 880
833 866
262 377
318 387
327 914
394 894
40 396
505 571
363 748
456 760
673 821
200 477
544 715
38 482
354 834
13 445
656 750
167 206
427 873
132 826
353 577
480 845
112 522
15 216
186 286
338 684
188 235
130 747
620 766
569 721
407 544
438 543
879 895
609 963
380 931
688 741
708 845
419 652
627 755
738 891
673 721
20 573
783 870
367 462
596 647
121 583
573 921
243 958
764 809
171 566
319 577
790 986
306 430
685 983
66 220
327 486
323 521
788 905
13 566
582 689
170 297
49 680
346 758
666 712
156 196
876 967
309 323
297 972
476 657
821 899
20 444
80 244
246 750
158 216
283 751
386 645
469 949
138 243
267 746
693 818
317 819
492 899
377 645
131 922
364 457
59 206
227 798
528 879
489 631
394 766
23 409
537 607
224 594
257 799
580 751
266 633
1 310
499 657
255 793
433 898
227 691
403 811
683 960
124 693
437 815
195 702
520 945
465 564
407 928
329 908
302 693
453 535
72 281
18 361
150 778
43 950
533 831
256 593
392 543
247 364
163 302
648 721
65 902
541 598
219 607
330 546
8 209
56 126
114 338
191 948
350 922
252 465
764 919
537 813
622 920
613 842
105 583
415 810
658 900
689 878
374 594
673 888
183 566
52 992
164 628
812 896
236 910
56 253
305 873
814 866
125 208
41 674
526 867
164 256
407 886
256 755
515 768
428 869
292 610
345 391
59 970
360 676
466 893
4 416
538 595
335 581
164 994
775 958
503 944
67 975
466 547
189 348
613 821
267 316
445 638
516 728
325 418
665 916
252 663
118 526
102 668
741 926
539 842
167 172
14 279
729 828
711 875
885 935
510 603
167 390
106 891
122 346
302 475
818 981
292 767
82 902
154 400
215 679
48 50
241 687
354 860
646 802
48 134
422 975
243 286
713 932
239 422
183 386
70 980
394 759
511 989
75 609
649 671
105 746
501 739
215 416
423 757
385 756
271 916
518 785
37 297
957 982
512 611
578 660
47 801
229 901
231 700
511 939
358 367
185 319
584 772
385 517
259 997
767 984
280 926
192 615
185 578
184 827
442 988
162 564
131 407
133 466
42 115
127 331
306 323
356 469
263 389
565 994
52 506
587 941
342 409
18 111
167 718
211 712
675 710
341 643
23 483
46 632
321 932
56 954
51 560
247 292
225 335
285 625
145 508
612 844
476 646
678 764
231 950
291 399
791 963
286 411
217 788
391 738
137 871
267 354
585 951
478 827
714 773
358 488
297 641
473 702
494 753
290 518
786 976
360 783
61 473
191 247
652 912
179 372
552 672
412 950
397 824
204 292
808 855
299 734
494 735
619 851
873 874
930 981
254 309
540 944
417 871
373 396
193 680
57 220
141 604
132 190
240 464
117 869
765 923
63 929
165 469
535 834
233 415
242 520
461 765
48 972
58 381
624 860
885 989
211 765
549 751
149 771
556 997
219 558
920 975
178 210
255 915
105 744
444 886
651 911
276 466
650 821
223 966
883 884
304 647
33 957
81 611
171 339
160 190
525 587
228 796
747 934
144 879
210 816
92 604
257 916
326 978
153 879
707 944
140 164
204 217
226 587
587 842
29 706
21 820
462 588
80 457
609 750
234 275
93 857
490 881
175 660
231 260
110 490
501 785
585 904
259 749
524 811
373 804
29 357
6 373
435 813
24 606
885 940
73 108
377 689
235 826
69 554
253 993
15 427
315 591
203 515
9 266
373 572
280 910
390 751
111 216
790 811
229 841
287 833
576 777
274 721
386 703
138 630
950 998
135 447
67 129
208 220
26 571
653 779
458 900
337 803
85 476
341 372
29 230
443 751
510 820
420 703
10 21
8 399
417 646
611 875
147 183
200 345
44 878
182 549
8 418
735 800
724 888
186 615
193 241
222 675
32 310
241 271
536 847
142 749
362 639
400 685
487 827
798 873
556 642
549 889
106 916
210 350
359 412
220 925
177 563
293 328
470 865
307 551
109 434
174 573
931 939
516 818
626 710
415 488
77 251
50 606
175 697
214 898
82 1000
163 193
280 712
339 850
227 297
319 667
934 957
566 848
354 737
112 177
248 399
577 579
85 708
525 714
11 584
138 867
246 930
159 756
260 972
299 612
386 996
240 764
613 820
433 758
814 981
141 387
297 936
325 467
203 844
500 730
606 983
421 719
169 231
576 674
288 526
557 751
542 829
450 887
577 741
421 978
490 747
703 893
272 660
125 436
201 480
805 874
26 189
189 972
52 969
193 588
339 610
5 899
248 459
273 545
260 745
628 983
300 689
436 639
389 745
108 319
545 667
563 796
425 522
310 621
657 1000
69 157
115 735
136 446
540 847
824 853
140 190
588 997
609 802
485 767
112 577
678 834
139 355
769 795
370 784
232 982
318 857
371 560
87 403
522 963
538 798
198 593
16 257
300 583
587 782
455 804
562 861
278 427
339 741
324 817
238 898
67 939
140 734
378 991
41 729
36 834
90 126
194 847
344 362
568 592
510 648
122 603
318 689
430 745
664 984
565 788
416 937
30 781
115 533
24 187
184 789
160 300
367 512
540 862
599 657
132 835
509 601
445 461
64 261
26 144
82 504
751 772
696 964
482 871
314 497
398 888
337 503
437 470
115 656
214 867
224 862
5 311
38 454
408 430
555 631
30 941
310 826
836 903
63 596
91 424
224 724
290 860
798 839
77 378
70 174
84 858
74 323
192 965
406 424
130 976
17 736
191 493
19 379
130 166
459 533
607 913
73 222
447 665
365 547
315 864
32 572
595 758
52 127
644 962
798 971
193 535
4 647
180 740
13 447
684 835
145 890
68 771
106 535
262 503
152 808
709 894
67 818
731 744
744 755
157 355
330 839
502 703
568 908
533 667
421 956
105 174
517 767
451 694
558 748
41 464
224 343
224 525
272 710
1 154
463 852
197 623
413 686
167 608
155 451
13 678
135 884
64 924
855 921
183 470
178 371
561 680
812 901
334 744
755 959
465 953
286 417
535 655
495 701
138 640
260 295
14 500
94 879
499 705
227 387
73 258
90 908
238 330
147 164
16 80
188 577
255 783
195 568
231 909
70 981
624 640
631 794
308 905
223 580
96 723
559 828
8 500
852 933
622 997
763 915
620 643
112 205
170 721
754 775
128 462
361 580
280 708
410 501
336 819
36 346
235 677
222 655
482 851
385 507
195 739
539 834
30 600
355 440
277 443
504 551
437 508
701 738
379 568
59 983
124 218
125 167
856 901
42 243
361 749
213 588
535 920
77 145
324 496
728 796
374 699
268 981
398 806
338 730
52 815
98 394
544 550
16 24
649 1000
274 923
110 623
116 438
187 802
519 953
87 448
87 613
640 906
198 445
493 806
199 875
179 756
49 348
45 106
134 257
116 877
100 254
26 41
122 648
599 896
44 273
315 938
77 884
402 691
144 704
96 151
331 408
490 603
170 972
181 879
172 548
345 416
22 602
746 936
41 458
582 700
411 909
727 865
511 624
348 576
337 634
299 502
249 766
13 82
50 866
138 925
605 843
65 290
319 432
54 854
164 714
216 820
242 939
209 597
172 979
159 850
111 664
591 768
73 548
282 700
108 764
916 988
439 852
230 888
2 69
358 617
322 344
196 985
261 834
72 790
103 921
363 752
88 652
433 990
959 968
29 763
153 643
9 870
59 248
164 785
528 965
150 517
100 946
587 705
421 703
464 874
85 926
108 710
812 885
33 918
331 333
10 562
865 917
242 729
754 834
821 993
118 560
79 830
122 147
304 956
257 749
290 925
466 823
180 303
496 523
671 820
718 962
773 902
66 756
282 929
417 852
588 845
15 201
569 658
111 966
8 633
878 966
35 267
853 983
478 772
245 559
562 799
346 939
65 564
86 950
36 532
346 881
241 697
237 701
868 939
340 596
229 404
97 543
415 751
444 909
597 986
153 561
528 900
149 959
174 760
165 655
44 274
439 442
488 751
224 949
170 655
504 747
36 629
25 227
409 530
431 490
140 692
26 583
514 995
64 264
588 917
509 519
122 890
124 391
660 734
538 848
393 753
271 516
2 876
692 783
216 310
205 572
32 621
178 261
25 439
447 459
793 912
330 862
310 952
616 837
6 785
169 684
373 428
331 736
434 872
475 591
579 779
189 794
518 897
15 213
27 162
353 943
339 593
592 943
100 207
390 773
328 910
500 509
245 737
948 965
106 696
742 917
123 220
464 789
201 677
6 472
524 633
276 932
160 202
469 607
520 780
469 599
445 494
533 680
919 949
121 201
706 983
275 378
177 758
290 908
182 503
310 637
250 720
125 849
663 999
242 538
778 868
685 891
584 687
196 795
527 969
475 512
764 797
41 221
83 458
197 611
56 734
227 658
309 629
315 898
283 964
185 734
268 952
803 833
260 265
100 933
803 884
479 809
363 708
571 809
607 895
507 760
27 407
219 363
424 659
278 535
489 990
951 959
23 438
134 984
123 635
333 835
262 889
202 382
273 751
421 656
382 937
440 609
879 997
63 677
152 771
55 767
106 422
260 518
375 675
6 636
420 990
80 459
45 179
7 60
67 804
734 738
190 699
138 200
22 49
274 790
364 754
147 784
563 904
108 804
171 189
173 336
80 411
184 289
856 881
13 834
253 745
425 969
546 687
236 864
133 469
553 623
126 206
500 950
53 159
298 712
115 784
600 747
467 975
43 763
570 968
256 293
127 235
784 995
603 976
4 817
330 373
212 593
227 758
203 233
721 890
726 749
769 867
108 279
538 880
653 781
570 970
615 672
161 302
45 571
93 181
227 269
242 761
244 961
677 744
367 967
313 774
335 485
500 912
739 846
347 419
142 833
505 528
886 953
250 996
210 978
667 700
70 449
78 197
579 975
294 312
337 548
82 613
822 883
356 936
434 632
886 968
72 211
283 737
1 984
524 568
104 425
94 666
57 364
38 183
324 675
425 761
25 652
534 561
241 674
376 724
461 741
121 237
786 934
64 264
77 414
54 262
113 443
319 909
848 899
275 947
222 249
666 930
462 481
31 691
41 100
740 760
284 333
617 729
358 758
672 700
705 800
94 589
45 164
225 794
629 918
834 981
44 253
239 831
261 394
735 935
138 305
780 813
727 975
381 474
107 184
358 815
315 700
207 210
456 547
657 907
342 751
120 650
326 705
344 515
294 331
291 758
90 940
440 907
473 872
34 654
790 799
359 813
164 615
267 884
274 846
566 694
215 655
394 407
137 721
424 490
7 803
488 740
329 866
17 509
436 544
854 927
771 949
815 960
429 796
533 688
587 822
31 315
229 975
609 621
275 336
178 548
157 167
305 395
3 710
240 468
90 383
96 601
101 406
88 763
16 716
680 764
9 804
441 601
162 518
168 997
409 498
84 871
424 468
470 754
149 325
231 552
198 700
113 270
166 328
193 559
91 724
415 643
284 827
494 584
449 528
107 250
481 677
458 500
292 468
149 759
125 360
263 954
176 199
735 855
509 709
427 962
297 350
86 810
136 610
704 969
190 973
702 748
420 983
693 952
612 751
726 887
327 360
807 813
147 912
497 776
619 859
696 934
88 294
649 733
244 638
182 501
204 807
363 820
2 964
108 415
406 476
390 855
476 678
73 75
126 257
193 789
171 771
298 977
48 906
279 746
667 888
730 793
480 511
73 769
91 133
59 448
217 843
272 765
506 737
26 855
54 807
168 356
147 396
69 535
347 900
64 574
164 685
692 861
175 843
126 805
392 651
275 314
141 745
268 636
846 909
614 974
930 941
627 828
281 835
567 839
790 880
427 591
634 722
481 524
110 355
269 302
287 679
579 773
350 581
139 564
220 532
12 893
322 358
243 842
494 630
70 255
660 933
596 958
85 489
99 424
147 221
109 703
119 608
702 903
450 600
253 893
240 803
420 907
273 765
195 304
527 818
313 864
850 949
579 644
289 336
143 323
527 943
343 853
227 287
785 793
277 938
258 358
250 898
97 435
162 182
771 964
333 477
37 172
63 671
317 611
219 992
138 401
335 445
252 495
694 966
328 534
706 847
294 611
426 564
81 500
428 943
507 799
143 647
420 970
438 646
157 638
48 641
855 907
140 777
127 967
83 683
414 521
204 396
326 868
787 889
162 767
756 759
552 803
308 503
14 964
566 951
434 965
337 593
548 905
146 435
204 799
550 783
644 940
136 629
239 544
54 663
536 635
457 733
188 922
324 563
528 717
19 226
96 309
13 940
427 757
240 768
519 933
387 889
260 522
96 553
118 645
141 663
327 826
125 966
586 962
70 981
368 600
163 327
490 921
492 553
781 848
152 954
521 630
469 874
73 435
4 567
205 503
903 961
35 923
458 597
268 500
465 900
30 654
341 899
66 561
288 501
134 725
402 598
706 998
132 972
527 883
198 415
317 370
305 876
64 984
540 547
471 927
557 800
113 319
635 686
772 944
122 629
67 998
425 434
825 900
24 142
253 489
536 940
95 272
332 350
234 406
289 656
383 791
349 537
665 985
524 707
214 983
196 873
214 619
84 339
151 852
400 433
120 122
279 673
10 21
413 741
337 570
726 845
57 948
225 532
116 935
714 764
170 410
253 336
253 621
46 321
129 655
225 506
112 785
144 998
57 611
463 655
381 974
800 831
53 604
363 472
239 802
220 661
344 533
110 791
354 513
293 623
559 918
71 116
220 745
67 335
348 764
85 458
804 916
418 721
292 936
108 819
377 536
141 757
181 914
235 923
21 854
338 426
482 786
737 775
316 490
848 884
273 935
176 245
631 812
473 534
44 232
144 374
25 943
393 749
534 747
275 708
757 933
90 382
16 619
621 871
11 654
32 920
691 865
661 676
202 360
15 472
707 744
643 706
500 881
545 784
82 399
42 666
679 782
73 403
575 700
182 884
341 397
475 864
1 103
83 950
7 436
185 470
130 369
266 327
591 980
640 892
495 848
337 447
450 571
138 965
402 660
259 432
109 480
586 868
475 973
17 70
320 688
345 636
520 865
319 798
83 415
115 581
217 393
392 977
158 905
137 841
120 839
64 557
30 176
715 858
432 456
374 639
171 558
114 796
301 718
158 973
468 990
366 802
79 203
537 629
32 805
395 697
431 463
36 39
18 862
477 987
450 990
629 700
655 783
699 851
204 587
622 977
25 770
156 495
385 986
747 785
230 482
337 547
685 838
373 522
77 115
592 759
341 971
455 781
134 272
146 778
812 851
204 699
220 894
150 836
441 736
640 712
758 847
39 515
37 310
63 969
666 757
404 534
360 539
409 742
255 708
270 653
203 978
312 503
529 846
89 162
110 133
489 832
285 434
88 390
775 961
368 653
34 653
362 791
218 538
265 469
951 982
570 819
590 607
160 891
781 902
454 945
391 959
137 350
156 679
136 879
332 666
167 218
505 825
399 667
381 626
37 933
528 967
535 955
240 497
561 811
649 678
61 437
610 759
437 795
373 795
200 309
361 468
558 927
284 804
284 353
343 777
90 950
700 929
358 680
784 812
122 302
67 828
848 979
184 276
206 527
328 422
182 811
4 271
517 890
358 984
256 687
72 551
287 815
691 978
563 656
199 782
304 813
68 907
384 876
144 357
548 898
156 602
129 193
361 450
239 498
260 978
370 523
580 999
41 963
403 416
443 656
301 741
96 587
309 928
150 665
380 536
267 722
451 654
402 426
297 567
119 122
95 447
38 127
523 532
145 920
198 879
306 401
209 397
335 477
853 947
306 733
182 510
175 630
274 904
131 197
681 697
224 275
249 811
100 480
22 889
586 980
43 474
778 993
538 772
626 660
431 642
260 879
456 550
125 786
202 525
676 735
131 642
90 229
920 975
188 413
159 293
229 698
241 456
324 730
359 613
692 814
723 972
562 662
86 395
540 907
489 786
360 533
457 667
101 675
222 826
303 580
520 874
425 725
224 596
336 392
339 828
553 829
244 846
250 970
305 905
25 581
443 616
656 991
358 757
142 509
748 765
362 453
73 329
194 579
600 825
612 784
111 838
171 841
538 578
282 662
545 730
380 871
62 253
47 424
473 752
624 988
726 959
271 855
643 766
27 785
37 411
476 706
847 948
396 547
249 277
349 655
115 186
286 494
811 928
824 887
434 595
273 913
184 341
377 592
102 807
124 525
755 941
509 745
624 779
729 953
170 918
91 838
180 598
14 484
81 470
697 826
40 465
497 747
93 840
164 536
89 345
571 947
366 697
219 540
220 496
484 518
77 648
104 936
26 336
197 605
14 331
150 251
152 298
238 894
591 922
299 527
174 222
244 814
347 386
569 606
427 592
60 869
411 419
377 915
31 943
2 742
542 759
15 80
823 994
529 955
62 765
8 837
432 844
503 773
361 906
33 890
568 592
255 902
634 848
570 726
514 742
914 996
8 729
111 438
87 210
587 746
197 974
461 861
208 823
480 782
204 387
58 250
380 442
248 994
271 836
74 784
194 994
271 569
204 409
793 815
760 993
441 816
148 399
666 668
698 926
528 761
472 751
624 755
591 967
398 489
697 998
365 410
187 603
686 968
124 949
146 480
307 568
212 823
254 821
662 796
241 842
382 917
6 418
110 385
343 355
848 939
432 913
49 734
600 667
744 996
468 492
46 717
270 332
37 897
540 603
614 680
23 655
406 658
149 637
510 744
669 796
241 604
498 722
253 667
161 496
249 905
44 413
250 867
454 714
167 405
728 750
162 178
276 651
935 964
51 416
166 834
214 243
893 903
459 945
488 670
844 907
498 940
174 985
188 206
401 592
234 984
502 833
451 858
347 360
204 951
7 380
652 827
2 654
532 961
435 779
300 393
571 587
466 873
261 527
52 659
117 649
113 813
44 817
643 753
356 869
191 928
652 915
127 711
582 633
221 880
267 924
363 994
710 726
28 144
311 654
627 916
688 871
747 954
35 425
194 731
34 148
261 831
111 635
571 777
422 711
390 968
73 957
363 709
106 543
593 924
90 516
151 617
572 945
424 517
576 632
159 882
581 617
13 405
45 376
233 745
642 963
538 902
756 971
465 805
178 935
456 853
54 585
247 513
479 515
402 818
144 313
288 815
181 557
40 410
814 841
200 633
28 202
122 902
425 444
37 299
100 629
460 757
98 920
264 592
290 986
59 998
210 295
99 685
610 874
471 815
8 617
435 685
358 675
215 446
217 814
13 251
100 698
380 463
83 379
127 312
127 847
359 728
332 877
70 865
242 674
781 995
816 987
187 869
554 961
261 486
395 687
603 743
193 727
585 977
354 598
824 953
407 440
165 550
468 904
220 465
468 590
197 910
112 515
399 793
130 690
200 313
614 999
4 665
271 737
468 679
469 649
395 976
167 209
252 256
194 702
184 376
603 896
34 616
667 961
12 68
321 703
300 717
276 986
369 882
75 238
351 492
104 682
665 978
117 867
623 871
350 594
224 504
208 958
206 243
453 783
398 781
642 822
74 151
293 906
677 855
73 656
245 339
120 391
125 260
464 662
182 980
216 313
249 956
686 788
321 617
25 932
316 584
75 320
23 291
257 292
29 481
317 677
275 776
814 856
114 779
475 697
188 919
526 841
108 546
265 424
300 546
500 780
630 939
175 325
197 785
59 673
557 693
815 870
112 813
244 998
26 246
170 640
428 780
427 543
286 288
677 853
739 843
340 442
883 918
111 168
825 995
529 657
22 101
359 479
92 543
710 775
221 525
221 322
715 921
341 634
197 833
230 721
102 777
222 247
450 705
731 912
228 879
543 615
22 652
325 672
883 977
301 829
499 571
503 718
131 779
165 525
423 713
409 761
69 851
490 917
690 798
6 342
132 589
422 612
650 924
695 729
600 973
207 321
452 754
741 812
186 225
395 908
1 991
302 471
43 283
27 335
431 681
170 549
513 589
525 885
24 976
214 414
626 934
567 890
409 748
434 673
156 752
272 635
157 882
463 704
105 253
275 586
71 619
90 406
21 333
560 864
131 321
201 312
263 974
50 992
166 229
315 970
75 376
604 780
27 435
333 645
560 795
359 681
163 517
367 539
640 762
635 739
551 910
244 336
142 481
82 383
348 833
652 675
744 969
552 713
293 377
571 822
270 836
101 669
167 954
204 809
454 803
573 750
138 609
584 966
606 622
90 703
244 268
411 427
138 192
573 860
313 816
315 985
87 692
169 861
337 913
19 439
20 170
208 807
469 827
258 634
643 698
248 554
480 885
74 763
226 717
152 981
27 579
14 349
667 752
356 706
49 771
661 859
116 888
154 957
569 999
370 526
915 931
648 719
459 870
943 992
423 953
725 948
139 785
383 426
345 362
294 705
582 870
103 467
321 666
596 928
257 719
305 399
205 912
578 795
47 198
550 931
547 650
409 564
361 803
1 981
198 973
283 388
945 993
175 212
410 470
823 861
186 787
327 540
503 567
53 779
356 795
696 942
683 690
612 699
206 224
286 431
98 853
125 304
289 668
102 303
216 854
209 598
481 602
399 478
161 999
594 957
331 993
333 891
957 968
28 308
336 888
177 452
36 197
682 781
439 741
135 910
440 834
45 833
22 759
163 504
675 756
954 962
296 741
65 508
956 959
67 510
737 902
44 517
526 761
509 908
108 787
257 334
282 902
179 248
553 877
331 499
85 696
42 401
747 805
406 496
74 687
628 904
81 190
226 836
637 878
330 450
445 644
227 608
365 911
249 894
257 779
380 914
567 831
259 677
16 845
144 851
34 997
405 823
482 681
631 689
162 590
849 968
625 883
67 146
155 332
611 772
97 656
105 528
442 642
426 502
668 689
602 672
72 607
299 522
643 947
162 433
945 992
117 136
126 966
337 745
166 728
405 940
396 898
521 579
382 657
28 166
434 870
60 99
3 137
235 488
279 501
250 855
113 428
33 844
134 828
378 587
843 952
367 898
814 908
256 624
295 606
227 230
423 858
292 947
262 620
326 526
11 202
525 820
227 394
223 256
102 970
39 659
220 605
383 543
83 102
553 867
32 312
205 929
208 399
58 589
144 196
50 677
450 674
161 431
475 822
310 372
56 186
695 890
12 241
255 264
776 839
509 931
130 233
130 843
366 529
485 773
745 886
113 453
248 798
28 869
766 983
570 710
654 992
109 848
947 991
8 590
587 692
391 533
125 499
896 997
295 706
226 718
279 553
39 318
233 929
626 895
4 610
137 245
225 347
199 410
47 422
737 754
24 942
36 870
548 901
869 997
761 955
214 215
573 913
600 677
372 680
199 720
699 887
382 765
682 691
422 761
528 535
363 730
88 928
427 596
784 968
46 168
162 728
5 824
327 884
464 534
110 308
511 952
298 784
501 878
57 622
192 243
214 236
200 546
68 732
671 823
156 572
99 218
136 209
347 351
173 732
527 852
310 957
558 885
43 674
294 390
272 361
49 920
956 997
119 419
246 608
661 846
430 778
689 832
179 656
233 274
260 738
863 939
106 999
155 615
8 980
244 737
95 528
287 899
563 902
437 637
682 701
583 600
142 900
604 819
680 931
214 781
276 563
9 698
781 892
102 935
637 678
723 977
231 807
24 51
376 569
353 855
50 814
338 930
668 767
378 720
799 924
284 373
106 473
441 498
243 250
389 811
967 980
420 700
401 858
528 885
434 527
42 400
587 868
740 781
159 812
155 163
320 844
680 909
680 950
162 730
155 660
140 814
413 723
257 712
266 348
225 377
224 688
589 621
465 926
691 886
155 617
353 828
269 935
80 591
277 887
346 610
597 714
42 82
213 927
543 875
478 772
472 669
431 816
64 870
38 575
514 917
278 295
439 450
396 488
571 905
154 957
43 994
26 82
594 709
115 678
416 646
49 300
292 387
438 665
539 645
494 851
468 692
137 173
16 309
138 322
145 970
758 951
329 542
12 540
109 492
433 489
39 752
152 807
538 583
82 628
338 973
29 888
200 952
518 828
675 870
103 426
222 850
866 912
112 219
721 725
25 904
146 914
213 508
482 583
360 538
60 276
163 830
155 870
69 318
215 862
119 472
120 352
455 759
37 372
459 794
464 828
179 344
121 783
30 273
166 622
236 388
256 946
371 515
865 874
23 933
263 386
16 898
444 513
33 276
844 906
370 911
94 849
613 874
397 635
128 734
370 809
129 591
218 485
621 974
175 962
28 119
154 250
358 576
256 484
259 899
508 569
127 616
119 842
177 404
313 882
391 472
375 836
545 613
283 667
433 735
35 666
935 998
183 225
149 584
818 964
278 649
738 771
223 892
110 779
475 637
894 936
637 917
119 280
757 933
338 573
4 485
333 342
376 922
135 538
217 614
587 862
457 565
475 975
865 906
461 975
132 755
149 456
34 861
236 726
236 764
61 94
644 809
347 600
525 533
68 631
54 455
456 678
81 824
936 977
223 790
329 897
598 740
169 487
128 817
400 431
547 862
34 823
557 976
390 650
234 552
64 676
651 916
316 847
126 235
115 644
500 823
377 655
269 947
340 861
19 473
671 767
323 588
386 388
471 870
93 586
462 683
256 819
258 377
437 932
907 911
330 713
137 969
27 75
97 908
325 892
162 924
74 307
336 739
21 260
367 960
337 845
17 168
376 559
569 969
504 535
355 703
119 806
69 132
286 470
584 631
167 807
220 510
110 695
327 425
339 474
160 882
181 722
120 798
19 947
334 582
114 139
226 452
5 606
285 892
372 455
332 721
179 682
69 707
8 759
177 331
443 714
253 827
561 890
122 271
2 506
448 716
188 530
269 297
530 535
662 905
418 629
35 994
495 807
145 250
148 651
485 920
5 412
548 846
818 829
119 640
448 786
37 728
190 377
298 705
211 765
800 952
203 226
276 459
155 769
396 858
505 539
384 508
430 666
104 411
664 918
195 533
553 662
527 973
315 831
210 563
363 702
308 618
185 310
237 626
385 475
518 572
77 925
130 671
444 918
4 302
216 292
120 397
103 130
482 773
70 970
237 244
88 294
776 990
490 580
178 195
322 456
236 785
748 869
33 923
451 913
271 763
339 406
515 763
416 504
480 988
200 326
180 357
905 927
312 443
783 913
104 899
542 582
88 535
34 386
148 849
625 952
819 899
723 976
136 671
215 691
543 549
243 848
425 946
186 749
81 727
464 632
628 840
27 995
593 804
239 729
54 460
355 924
607 806
597 764
130 336
96 400
269 434
643 659
224 281
95 878
393 424
750 982
501 610
861 869
514 642
233 690
180 399
27 324
479 977
87 812
597 955
348 962
250 698
45 133
110 564
19 242
408 819
408 508
291 871
381 686
132 637
303 448
484 557
119 312
629 843
450 479
322 410
50 541
75 358
484 853
349 794
303 861
618 667
28 794
195 977
39 934
650 961
424 713
510 709
450 684
532 583
608 748
59 147
702 720
49 229
554 905
229 424
411 963
882 978
34 767
101 382
768 968
311 541
523 783
115 940
599 634
142 434
146 295
227 504
296 605
405 819
487 769
342 588
49 391
192 234
608 747
383 733
171 645
406 700
735 975
675 948
138 796
378 699
669 724
710 839
220 914
222 291
233 764
643 881
576 801
243 311
136 621
545 778
215 617
307 613
7 586
215 497
216 698
308 869
192 587
617 972
171 234
499 659
807 931
573 982
566 718
5 273
541 629
633 896
724 843
428 881
386 874
734 972
779 955
27 207
129 225
426 958
153 703
489 582
145 241
438 955
129 151
588 756
531 550
348 490
291 480
610 656
422 853
456 564
724 759
273 990
455 621
125 804
257 297
71 821
532 604
262 344
106 767
9 428
20 258
404 614
163 963
53 522
422 851
131 258
392 1000
294 776
134 466
388 921
113 698
763 934
3 298
445 692
125 905
543 846
560 816
479 577
777 842
275 942
459 540
577 998
398 713
90 346
65 574
364 496
124 515
896 938
248 787
266 856
205 212
190 586
38 591
764 966
618 848
124 878
459 603
751 776
34 963
150 664
6 831
685 846
77 348
80 121
290 472
305 367
146 675
257 610
223 403
497 778
95 325
19 447
66 210
166 958
11 273
183 707
84 858
639 938
98 684
489 897
319 956
145 429
284 544
412 985
968 980
444 468
387 438
344 603
35 511
344 378
405 920
57 708
102 979
345 564
472 839
376 691
217 509
302 678
251 351
209 514
482 580
638 808
185 834
283 335
487 690
381 525
571 672
6 790
35 501
306 919
35 508
340 664
79 453
452 876
291 325
135 954
232 701
493 950
372 932
242 287
202 889
186 235
27 452
820 970
650 806
86 978
948 953
301 973
257 803
60 932
352 772
26 76
716 934
545 694
421 520
95 802
2 183
491 768
452 557
19 178
695 778
156 804
54 493
555 653
13 953
301 780
496 912
76 591
188 307
613 765
93 342
262 658
895 912
364 435
50 735
172 790
43 475
221 930
414 481
18 790
857 937
634 780
101 246
391 719
145 380
802 886
199 429
225 429
316 637
120 264
792 839
253 456
703 764
160 864
612 777
71 781
224 777
344 972
687 844
440 442
6 421
84 744
303 471
618 644
177 464
187 994
150 159
474 536
94 941
487 976
85 709
75 490
388 459
26 610
388 704
513 565
668 801
132 774
324 385
67 326
505 764
224 355
195 371
697 781
465 637
805 966
697 773
614 706
585 877
821 986
372 434
340 912
262 722
42 336
304 765
228 722
90 884
311 651
597 640
419 543
617 664
496 908
111 603
26 277
217 613
826 909
120 345
632 852
15 467
684 845
156 251
516 663
194 451
67 228
45 909
381 472
791 804
277 343
496 497
31 463
52 566
490 715
188 477
168 585
172 914
235 646
604 768
402 654
148 963
204 717
313 554
486 989
185 676
383 976
101 885
607 716
355 620
68 336
249 485
24 246
244 791
183 338
336 497
94 386
249 475
90 231
186 636
268 575
561 949
370 994
856 912
259 393
398 710
82 293
112 302
13 441
457 748
68 657
98 599
95 476
106 817
33 476
138 948
114 441
187 309
231 957
558 807
680 798
524 996
237 619
303 787
651 736
502 831
443 1000
711 775
274 824
563 813
905 916
105 775
2 170
609 673
264 749
598 721
445 588
424 983
18 864
288 840
470 928
320 869
553 699
194 907
409 894
66 818
458 516
134 772
462 523
537 920
44 866
6 959
308 698
477 757
882 974
304 377
650 854
307 308
495 651
830 976
57 651
577 847
424 710
489 662
85 807
66 934
399 957
72 986
381 895
163 806
231 705
194 738
806 900
446 922
216 290
49 766
221 865
104 553
523 757
93 621
105 639
650 968
63 751
157 375
367 905
5 533
306 467
17 797
789 933
368 498
478 870
153 361
661 875
34 503
980 991
539 596
104 874
312 834
126 244
114 273
286 439
107 624
469 634
54 887
282 454
651 908
360 769
147 795
321 509
79 121
641 972
109 853
547 553
784 858
35 155
733 861
307 973
48 504
70 529
508 944
19 150
692 865
592 975
320 371
464 591
331 507
48 177
77 979
581 897
666 958
247 936
264 516
2 696
559 721
17 57
209 788
183 223
102 441
142 746
136 943
73 607
296 724
587 594
383 559
112 376
555 923
307 488
224 967
247 453
70 332
6 755
294 337
411 995
785 925
105 411
350 765
238 378
634 992
475 578
134 220
398 855
691 935
303 851
459 756
22 286
440 876
328 797
605 993
409 761
905 994
43 518
161 554
482 740
10 673
81 297
110 178
57 776
422 789
478 873
732 825
775 990
917 932
770 972
444 455
187 289
246 798
640 852
373 941
295 450
24 457
262 878
198 297
395 501
167 777
81 784
496 722
531 556
395 883
26 158
477 511
687 805
46 212
122 944
619 735
577 824
114 956
763 860
172 177
135 146
172 847
109 913
568 966
158 167
124 647
100 371
140 277
104 594
240 615
38 689
26 715
76 801
288 362
142 453
86 557
126 376
730 946
44 248
31 551
175 189
669 865
113 235
25 774
851 955
561 569
19 841
11 981
240 253
114 151
57 578
312 730
228 816
219 907
559 688
140 913
713 936
266 966
947 967
493 594
433 439
865 957
22 697
319 613
659 905
473 619
639 660
398 743
653 880
606 934
346 891
364 372
274 586
916 987
360 418
89 387
383 405
348 889
404 476
293 521
128 141
369 768
308 553
12 286
489 881
182 238
273 622
214 560
79 949
322 809
77 450
283 387
325 725
711 776
13 299
232 761
5 454
10 63
259 855
98 466
325 907
736 776
657 964
735 818
343 925
1 509
271 789
325 449
293 423
761 887
25 820
778 861
162 417
201 707
852 900
2 540
76 323
516 860
65 253
359 716
506 680
62 961
541 551
506 789
73 845
433 744
281 909
344 835
232 253
260 834
177 521
197 709
462 794
392 572
632 899
285 301
95 897
303 502
476 538
81 333
258 350
131 635
130 777
419 577
15 788
281 393
162 177
218 759
91 983
31 99
576 883
313 947
432 885
90 244
487 800
425 763
320 714
227 486
201 622
498 930
200 922
410 942
109 181
13 822
409 786
115 769
93 117
652 732
396 608
156 549
130 708
112 675
333 509
110 235
326 425
487 551
553 622
211 848
255 394
379 960
468 729
137 765
219 504
375 970
898 980
605 936
316 778
188 884
15 852
320 983
21 419
364 714
801 929
106 451
44 612
330 944
25 91
450 490
112 242
280 607
441 724
467 785
618 867
630 677
323 430
15 178
199 275
510 690
397 976
314 489
74 552
692 887
582 590
628 718
837 912
594 971
276 510
59 939
390 738
89 395
601 989
76 209
229 374
84 327
538 823
312 381
78 286
864 899
160 345
392 687
183 409
117 695
84 435
249 401
289 630
214 436
207 545
78 395
153 341
174 225
808 846
9 955
210 526
130 404
278 651
303 844
356 991
98 389
100 1000
242 918
265 868
786 992
378 519
780 893
186 200
375 900
194 915
76 518
677 810
357 358
499 899
26 677
393 464
221 463
349 926
244 581
38 275
712 810
205 889
184 803
95 624
558 869
4 517
494 804
426 467
504 685
187 368
558 983
406 809
259 499
85 729
19 393
779 791
370 530
465 984
495 600
200 798
157 979
382 420
150 916
1 251
470 690
813 900
349 365
258 378
592 804
54 395
624 888
367 849
411 775
326 377
1 201
776 983
289 465
259 901
490 670
573 682
497 531
493 512
11 883
15 451
15 519
638 869
341 753
352 437
246 769
469 664
208 471
90 599
82 418
271 419
162 820
405 662
432 863
361 713
21 952
507 539
380 446
599 851
663 936
277 865
395 889
385 470
131 254
616 665
613 955
210 462
560 973
237 822
344 492
202 241
139 695
538 889
593 760
67 604
391 914
633 765
163 791
671 894
520 572
17 913
392 944
846 875
557 598
330 689
720 910
863 940
400 481
577 794
430 947
204 932
424 824
297 947
249 852
54 312
789 916
240 638
155 168
80 676
346 905
402 594
517 819
95 713
437 484
48 367
498 940
28 580
515 943
100 633
296 492
809 896
277 980
702 725
175 632
55 346
433 603
186 559
180 194
636 950
754 944
520 702
735 907
636 773
55 883
491 819
223 916
194 918
509 886
514 889
164 453
152 928
68 826
308 658
20 135
224 328
516 815
310 760
684 990
639 690
667 848
322 852
82 99
858 913
802 911
456 532
300 869
741 753
701 988
431 693
618 866
91 398
118 402
977 979
518 926
74 394
947 961
469 897
647 676
747 862
192 853
33 434
377 572
547 561
563 646
213 608
88 727
1 360
90 342
239 739
5 29
29 139
395 409
355 578
554 830
456 632
245 383
435 843
51 166
45 597
618 929
827 942
368 820
777 960
271 531
649 685
559 603
123 833
632 643
618 837
350 775
365 381
333 789
516 787
159 303
770 878
202 783
593 639
351 661
469 537
338 690
432 729
61 294
38 701
289 406
332 582
111 315
659 716
438 462
256 464
168 893
253 691
142 403
190 420
642 734
224 428
472 874
397 499
111 389
463 505
746 814
856 906
295 980
172 346
510 919
573 592
69 592
316 745
662 861
143 383
60 81
621 912
333 519
49 649
550 692
758 778
137 689
708 727
388 451
412 775
541 661
299 537
555 728
75 647
36 485
401 429
49 767
143 509
542 686
533 781
469 817
463 617
90 314
122 655
401 550
80 399
227 981
544 630
698 919
583 590
831 942
295 679
703 961
505 981
501 763
673 744
560 728
829 911
191 560
411 813
573 894
331 385
766 814
85 477
201 679
319 843
652 679
189 999
646 965
731 954
499 971
458 496
168 482
485 840
6 945
334 614
615 845
622 734
35 927
442 569
819 919
452 454
609 841
426 791
567 925
168 873
237 652
351 976
50 845
142 218
479 500
511 986
491 631
263 405
145 906
206 720
686 975
74 388
509 692
403 502
789 818
229 342
669 721
194 361
167 579
350 633
445 452
61 533
131 711
470 602
13 782
172 853
97 961
766 803
54 785
97 632
702 955
291 320
170 258
47 283
614 789
902 993
252 885
417 950
49 730
274 387
251 596
592 812
37 628
14 422
867 961
213 859
378 638
188 649
355 834
29 905
40 209
393 627
304 387
96 402
53 726
113 174
647 935
579 798
256 522
294 528
742 951
693 853
392 694
546 991
501 861
135 784
1 659
113 914
741 843
390 954
395 919
233 262
505 907
222 403
661 972
222 978
772 838
332 675
673 677
373 736
227 547
50 929
216 562
93 332
94 164
321 705
244 683
316 471
629 835
27 549
572 590
135 283
116 807
375 773
895 927
810 856
477 589
410 542
488 870
111 723
240 676
691 902
778 977
316 827
554 689
36 112
73 547
137 477
436 635
171 989
83 938
222 768
319 571
327 559
51 512
146 825
272 502
111 547
613 770
394 783
365 873
517 560
124 290
457 926
68 576
372 414
606 767
500 912
440 445
505 930
30 281
237 589
876 956
178 950
535 907
95 537
822 869
727 743
172 901
831 968
142 908
125 508
442 643
470 702
727 938
361 499
413 909
3 411
149 475
379 983
375 687
389 888
314 429
330 801
249 405
852 867
143 659
29 502
109 410
230 813
397 977
442 563
775 777
536 578
690 883
131 767
589 860
483 966
319 961
463 766
218 240
180 390
695 750
129 569
429 667
136 626
528 983
205 717
261 953
454 865
228 378
571 847
362 745
10 849
98 992
24 791
534 853
73 964
724 791
530 836
90 791
280 793
27 306
58 773
555 986
432 636
661 853
221 300
292 842
515 547
428 758
50 575
324 838
155 957
251 337
453 529
63 312
236 518
390 576
37 141
186 245
665 729
59 934
375 822
544 807
55 954
62 641
264 565
557 715
227 768
469 933
634 825
283 315
317 514
85 363
149 402
305 882
347 420
100 917
702 740
558 789
451 947
22 786
595 625
114 504
209 485
735 870
268 957
558 830
368 684
585 744
455 934
466 800
153 570
38 852
211 587
286 371
111 882
418 944
25 292
203 278
139 369
135 826
794 882
674 926
60 729
465 861
276 989
212 257
823 943
346 416
270 673
519 865
193 294
314 748
38 476
173 392
902 915
38 669
108 217
218 642
484 631
265 700
119 922
853 896
218 848
204 626
139 152
474 587
126 838
195 798
819 834
124 728
839 879
243 568
216 761
151 166
311 963
136 217
183 505
395 409
517 816
264 596
803 850
449 658
610 900
362 952
604 911
498 523
699 706
185 507
211 805
341 547
9 706
39 738
197 455
226 855
595 811
222 352
646 776
185 796
36 567
271 575
532 533
177 664
318 407
579 899
299 343
360 673
332 706
181 548
586 909
54 338
183 797
489 595
146 768
201 885
100 677
125 910
135 502
453 619
134 560
318 358
246 667
784 870
631 674
405 987
710 766
26 936
642 724
70 738
279 280
311 400
635 846
594 923
124 228
427 487
180 611
373 802
277 507
680 728
235 636
210 730
271 369
523 692
231 916
269 495
6 975
400 474
172 506
84 456
360 699
600 747
179 837
309 898
324 364
287 544
815 964
359 654
278 813
282 661
591 951
552 949
338 915
127 488
450 666
107 180
560 608
845 947
404 633
102 647
22 347
136 610
720 766
352 773
228 855
134 818
210 439
95 444
156 912
2 215
54 889
88 107
82 640
99 453
709 773
313 523
416 782
762 848
343 410
116 797
95 848
82 727
703 981
447 615
9 386
818 853
308 668
359 639
395 914
764 920
45 736
645 966
101 768
444 497
367 587
735 981
8 890
237 852
39 430
289 572
537 691
270 961
387 465
274 338
197 765
128 632
14 238
367 533
340 374
340 698
221 797
186 660
53 918
208 579
115 465
330 786
720 837
726 951
713 836
178 427
482 764
23 450
583 855
323 813
250 899
35 954
658 821
98 219
585 861
609 899
306 620
315 557
205 924
45 289
759 978
255 937
123 839
338 871
70 272
117 266
390 440
316 496
487 593
419 514
337 705
147 670
176 486
798 840
40 813
202 619
86 713
286 874
669 788
434 671
441 853
321 368
99 462
338 599
315 664
283 296
106 709
499 613
69 664
533 707
115 702
24 382
11 41
240 585
191 757
281 706
88 768
524 585
61 121
248 271
32 630
55 881
60 489
62 192
88 232
636 830
271 480
780 830
714 991
358 895
135 814
302 685
559 841
435 793
631 712
460 603
711 944
13 892
31 305
210 532
828 944
186 973
390 664
487 934
42 860
141 702
120 786
890 916
283 936
181 756
68 279
75 376
671 974
19 43
525 567
872 934
603 920
249 332
87 634
151 956
390 606
247 504
148 641
484 711
239 391
829 848
124 837
189 417
188 400
127 222
240 242
219 959
26 181
409 920
149 527
37 920
721 953
252 877
185 615
105 161
457 624
328 895
411 691
528 683
374 422
100 720
641 673
39 685
517 613
516 897
504 852
539 624
821 834
907 939
116 296
819 946
51 133
335 338
66 712
504 842
131 618
591 867
18 472
159 895
75 439
251 597
609 853
105 638
758 829
305 787
45 977
146 459
168 301
170 298
437 570
530 997
547 548
341 708
515 626
305 336
502 735
20 823
527 749
579 675
133 322
149 640
288 395
568 706
42 368
631 992
439 877
60 779
50 967
337 639
751 915
748 965
85 661
175 375
203 696
526 635
578 968
254 623
296 353
167 495
156 951
72 516
33 328
381 726
218 786
79 609
301 343
154 713
222 493
633 900
507 849
128 822
465 721
36 720
66 578
96 704
94 145
702 939
497 904
321 422
570 846
91 388
413 975
48 733
95 649
98 564
28 761
524 530
949 987
523 661
68 909
542 831
82 369
221 315
471 937
191 407
342 626
451 877
734 867
344 953
242 398
426 429
474 493
460 958
592 632
350 420
363 530
539 670
452 729
239 575
770 978
89 963
96 193
837 927
366 608
158 815
434 476
584 867
631 949
223 571
791 803
274 368
32 189
756 790
449 487
123 689
241 909
701 984
43 958
49 559
822 953
307 698
414 743
223 621
631 877
61 672
533 853
183 614
478 670
314 472
360 479
700 909
224 927
119 227
164 625
509 726
448 934
406 604
444 449
686 695
89 275
363 541
205 829
10 699
87 292
292 393
335 466
368 550
691 800
47 441
654 665
526 695
418 841
47 190
283 658
572 658
729 739
863 943
339 786
654 758
790 801
677 967
92 679
302 643
7 929
241 337
73 335
190 877
63 73
496 842
240 841
543 829
108 267
481 999
809 873
31 260
403 923
588 809
243 489
25 431
605 665
8 268
103 889
17 68
200 567
108 502
542 684
24 502
5 181
208 864
166 930
540 784
398 540
287 863
101 833
833 906
298 548
555 656
537 860
468 645
507 919
514 821
279 658
440 804
204 521
120 706
787 967
178 289
577 899
428 987
362 844
739 841
697 796
637 918
242 721
447 452
362 604
14 262
356 638
510 636
492 885
238 649
239 971
57 682
385 410
408 482
84 386
117 850
158 509
543 575
626 993
309 657
655 855
105 375
576 792
163 551
243 970
640 781
282 873
357 724
527 897
368 926
72 560
330 640
280 617
384 733
81 166
194 916
280 935
267 580
891 969
68 406
575 695
711 846
444 818
454 719
321 743
387 413
298 841
11 368
23 870
82 461
183 903
226 795
193 414
728 905
91 205
262 590
602 699
621 681
324 957
76 674
573 615
591 607
505 819
721 843
232 403
205 906
444 944
746 840
403 811
221 595
4 783
87 253
149 835
76 229
42 241
155 647
480 700
603 945
663 778
33 443
110 459
28 206
25 542
146 730
859 938
321 947
642 848
88 361
415 865
369 869
108 615
526 607
304 694
733 748
323 992
243 659
127 654
206 871
14 677
917 984
287 425
129 769
454 936
236 773
524 552
357 905
306 441
312 367
54 454
764 991
48 99
63 749
670 913
418 704
318 597
320 576
333 767
292 519
104 580
72 721
523 997
351 842
116 762
915 943
769 919
187 731
205 381
421 475
606 872
266 780
364 746
27 850
92 880
912 992
343 955
134 863
86 878
513 840
56 652
292 721
493 779
52 161
299 664
559 632
23 370
744 845
361 765
203 651
13 791
663 733
298 951
160 294
53 888
173 866
358 431
423 832
4 578
266 367
470 624
449 630
234 453
151 321
160 586
414 801
109 735
88 371
180 183
159 582
683 966
319 791
65 825
245 431
496 921
66 912
247 699
67 809
100 362
289 957
352 868
515 956
875 967
71 942
604 884
602 704
225 853
151 388
134 690
517 537
528 858
595 661
432 633
167 394
807 985
221 378
501 643
257 663
647 961
277 679
222 796
583 652
308 676
361 914
152 758
364 809
216 389
960 968
290 973
266 795
36 61
202 983
440 906
753 928
50 473
692 977
352 519
783 802
238 591
393 685
188 696
48 312
114 789
449 908
7 568
600 762
558 806
297 974
327 765
612 827
132 428
416 707
203 789
692 718
310 618
237 810
388 472
30 769
579 930
220 745
269 762
205 236
390 720
105 959
39 173
495 923
193 617
278 478
676 759
484 623
25 495
43 312
544 566
137 544
642 691
304 838
424 828
123 464
52 526
353 551
526 810
219 340
115 962
160 221
262 398
593 890
31 100
717 797
176 543
189 221
376 922
559 986
711 794
60 287
134 456
857 902
644 873
191 406
73 722
222 695
483 881
103 336
81 715
201 290
240 532
160 532
42 179
548 787
70 723
128 439
357 485
458 816
178 387
292 540
639 948
52 317
498 848
618 967
475 532
108 586
511 800
648 876
510 906
728 777
940 952
81 632
217 481
797 816
661 709
23 311
178 300
76 269
127 577
279 772
610 802
82 121
45 318
30 544
446 457
6 683
249 879
230 502
702 854
42 724
713 936
263 797
370 911
189 907
712 782
682 730
105 437
184 295
361 996
129 358
512 586
518 811
9 751
238 894
774 869
723 806
263 485
629 952
71 983
266 388
30 514
35 510
119 175
926 998
295 861
559 665
625 980
620 959
526 944
60 65
808 817
346 597
125 914
802 818
55 632
122 502
88 459
471 755
407 612
30 915
199 694
315 625
302 825
267 778
575 730
687 911
136 638
259 652
200 784
4 334
539 944
26 165
330 429
503 746
109 336
436 622
32 310
633 925
229 310
267 374
444 678
180 185
470 743
296 674
18 883
223 460
443 457
318 548
77 347
478 550
135 637
489 642
238 294
168 535
234 321
156 803
3 564
546 709
315 406
28 519
99 137
210 389
50 718
874 916
273 921
741 900
339 954
73 374
343 948
176 862
706 987
51 110
704 912
386 848
212 411
596 834
25 622
853 985
612 932
61 92
474 920
628 734
431 530
334 894
367 461
126 241
415 872
96 353
198 380
141 825
187 221
21 688
318 623
535 779
335 350
468 542
9 865
75 913
52 784
507 963
376 572
699 956
160 402
269 616
20 680
522 709
332 887
721 757
161 581
64 686
25 906
76 997
121 245
428 993
835 875
200 244
857 949
264 923
526 624
105 750
83 651
187 598
447 874
496 890
236 440
368 898
668 787
458 678
274 357
218 860
227 603
303 794
155 864
520 772
922 979
691 934
329 370
530 757
603 982
71 518
259 617
486 889
258 961
411 608
129 854
492 542
146 306
332 789
183 718
379 596
384 913
172 768
614 917
414 698
32 438
567 668
59 613
749 936
60 747
679 880
524 815
481 558
379 839
411 767
31 100
47 395
45 286
101 707
356 921
377 390
362 668
37 811
196 458
688 743
239 883
123 501
117 470
118 443
411 852
626 785
282 943
338 403
570 741
110 249
300 532
302 316
223 861
120 501
174 453
896 969
400 830
744 891
325 719
614 745
144 804
567 684
34 455
393 400
811 929
33 783
704 770
686 943
652 877
255 925
212 801
869 913
136 933
148 405
30 46
470 665
51 472
95 404
71 247
164 842
40 189
501 898
355 449
328 676
584 887
584 932
36 822
740 891
33 432
204 529
754 979
58 72
174 986
699 972
603 792
494 913
240 845
479 895
621 630
734 856
699 984
310 549
229 415
239 448
148 737
792 836
580 1000
979 981
9 624
577 919
158 356
8 547
52 686
346 864
732 735
445 512
196 636
113 615
63 326
450 493
760 774
114 465
545 875
955 965
578 940
182 559
188 344
480 601
693 811
661 676
57 96
66 556
426 621
23 847
647 814
569 989
259 643
386 711
498 615
354 677
304 961
180 409
159 290
137 910
638 696
41 279
407 890
718 767
244 920
585 954
563 656
96 299
376 951
516 566
545 785
18 402
555 955
93 339
70 526
92 121
389 941
264 564
551 817
241 253
64 787
75 352
121 776
131 472
184 544
586 592
289 610
773 877
664 942
345 517
358 385
319 988
362 861
140 324
522 645
350 859
334 875
224 949
663 810
408 519
143 923
99 227
481 556
366 613
119 804
427 906
324 521
547 626
688 997
248 281
340 537
344 657
211 311
271 436
136 286
516 970
125 758
579 587
781 792
638 727
234 603
450 879
257 762
796 1000
63 149
188 945
427 725
435 598
170 496
532 987
202 666
500 956
201 708
799 844
81 789
522 523
286 762
274 368
506 795
148 246
751 844
455 509
9 331
675 803
204 979
171 791
75 359
305 686
137 339
37 491
486 571
602 761
223 389
138 155
125 683
43 115
285 610
57 760
186 918
108 670
93 925
399 437
378 732
224 603
692 842
194 313
542 968
324 793
27 338
449 514
589 993
800 851
78 284
556 853
10 431
21 716
8 806
67 336
154 801
276 767
285 921
737 887
78 760
224 449
482 515
506 713
360 902
471 532
2 290
196 834
281 341
657 711
587 900
43 788
482 564
277 334
32 768
395 882
163 608
470 485
364 711
679 700
64 476
714 899
716 893
394 857
346 867
139 803
231 891
575 997
169 735
216 344
857 913
20 769
90 217
707 956
684 985
109 233
905 937
15 981
529 891
393 502
84 201
650 900
419 983
361 481
84 538
835 908
64 77
477 486
757 963
126 257
241 391
507 734
412 736
320 929
124 325
576 798
189 500
344 611
457 667
160 516
57 587
736 808
789 808
294 790
437 844
362 834
110 515
81 167
545 601
581 634
230 550
271 510
237 642
295 425
604 812
339 345
18 519
621 809
311 334
73 189
454 488
313 433
1 568
528 960
707 828
287 580
46 883
133 308
469 947
59 964
491 909
301 640
327 548
173 947
933 994
119 406
166 426
433 891
592 944
424 834
871 951
197 692
900 994
287 680
94 355
445 848
294 304
721 887
733 897
624 626
387 545
278 347
178 523
281 430
64 734
191 761
652 839
337 969
353 449
266 780
196 657
336 971
528 723
241 473
288 559
523 836
406 964
2 108
678 756
511 790
320 377
78 596
620 752
165 985
720 747
13 936
81 511
675 852
302 698
52 906
110 461
327 927
286 909
277 372
314 557
36 963
59 127
328 392
590 941
196 773
251 654
48 663
64 697
59 731
650 781
304 696
281 611
660 792
116 646
804 829
205 999
398 511
97 629
372 966
355 800
619 787
506 861
348 793
390 907
171 358
210 474
20 71
487 724
548 683
141 201
92 607
10 696
366 509
552 748
32 331
361 882
322 529
294 506
367 798
439 697
440 640
417 806
945 977
36 186
650 837
353 410
482 824
486 773
137 542
510 806
279 300
487 935
467 594
216 389
106 571
302 322
714 715
130 740
195 834
232 392
531 726
816 960
94 378
24 330
227 962
623 887
48 58
121 334
97 566
491 911
87 896
595 662
373 525
691 818
873 942
86 961
92 424
426 614
594 724
189 885
104 931
48 585
326 825
101 325
431 990
450 991
98 957
297 993
65 868
232 968
406 633
631 838
482 699
515 911
706 824
51 587
572 817
192 408
912 945
400 711
65 609
559 692
93 623
27 210
367 502
26 806
362 708
142 145
256 997
465 546
33 184
575 621
357 854
142 571
221 598
141 576
139 638
92 343
393 469
486 788
562 772
281 917
43 47
269 651
483 532
333 641
397 918
817 846
206 953
800 938
630 911
444 724
23 71
605 836
121 922
80 627
358 597
408 984
851 955
578 946
85 600
25 88
575 760
824 875
361 590
129 138
880 920
640 978
342 801
770 802
587 880
644 693
555 737
104 554
439 469
403 752
491 825
484 845
282 710
462 792
354 591
115 688
296 433
626 794
210 216
606 878
552 625
174 634
89 198
475 576
87 613
186 968
512 529
10 598
521 662
424 894
83 865
47 669
248 572
164 801
313 537
379 480
208 247
301 780
578 619
241 835
242 319
136 1000
758 936
69 957
261 325
321 341
324 982
297 810
442 610
514 983
831 925
34 283
686 781
649 827
510 631
856 895
235 969
560 756
275 508
67 447
27 647
189 806
118 489
373 475
1 634
69 596
342 669
441 837
768 873
280 927
207 557
473 740
156 538
81 381
270 278
212 724
66 735
542 979
32 418
29 681
272 778
71 392
47 614
213 867
305 701
110 564
70 344
185 530
743 938
236 661
41 491
249 275
4 862
294 879
175 807
174 197
207 385
366 441
434 685
186 609
643 757
322 577
262 880
162 633
14 980
246 817
154 654
472 970
42 957
11 133
627 978
433 960
143 598
83 670
