500 504 3000
19 293
30 361
256 380
210 344
160 315
144 447
202 280
15 282
105 219
3 146
167 334
157 187
244 312
193 453
336 352
43 487
76 372
109 147
252 295
40 165
161 260
24 251
65 239
90 492
14 32
311 412
295 324
61 482
383 480
82 273
77 258
85 87
21 335
345 449
99 465
43 451
243 421
276 402
29 459
124 375
177 250
94 340
20 93
237 245
74 394
178 319
53 164
279 487
121 455
485 498
29 64
269 352
310 415
429 458
365 410
127 445
82 186
41 467
37 264
80 199
47 297
91 456
113 422
274 392
104 406
20 163
139 242
60 486
195 227
133 391
46 173
274 357
246 327
189 191
58 203
398 434
66 250
306 460
248 483
263 391
180 462
18 475
381 478
158 205
72 168
105 125
151 400
171 495
108 178
17 364
5 163
212 412
174 474
140 481
199 432
211 277
297 449
333 426
123 290
45 460
95 485
154 217
116 369
33 253
38 262
367 398
182 234
109 356
121 499
34 308
114 368
145 357
26 314
96 179
326 334
361 486
344 435
54 483
169 317
183 411
35 321
140 300
243 292
385 466
22 101
354 440
60 303
89 329
156 489
236 238
49 441
365 491
215 439
341 488
162 431
107 136
136 373
263 368
425 484
69 414
80 166
236 337
52 497
32 151
87 247
4 92
67 325
38 394
103 288
137 452
279 387
272 385
75 374
206 257
71 354
339 491
148 438
122 241
170 285
129 139
431 499
286 430
27 66
224 225
3 351
118 232
418 471
311 346
259 384
18 299
111 336
214 271
144 289
111 464
12 405
319 428
115 313
330 337
360 472
374 484
47 123
393 415
268 388
338 401
275 445
225 423
261 312
9 74
371 420
70 355
370 492
231 349
177 380
192 292
205 211
79 224
36 251
142 331
141 356
343 481
228 411
28 370
13 424
63 138
157 359
107 245
75 463
179 291
51 81
88 369
198 347
78 122
85 314
131 203
23 98
280 453
6 452
93 442
51 450
112 500
44 172
169 466
266 468
275 366
67 396
216 386
184 270
318 413
216 429
376 498
106 378
196 321
135 285
219 272
55 110
184 467
83 148
182 342
10 220
257 284
327 448
172 489
390 413
2 125
119 222
320 418
7 322
283 417
146 353
170 464
108 438
69 192
341 457
17 37
339 469
359 474
42 207
142 231
59 259
101 244
55 471
50 283
89 326
209 267
173 201
360 500
384 477
1 130
305 442
242 307
206 213
45 381
56 258
133 363
227 348
249 409
207 421
72 397
99 402
118 147
226 265
1 94
167 350
181 287
4 202
44 113
11 444
25 230
399 409
27 233
419 461
84 372
110 443
462 478
233 316
355 379
296 329
209 273
10 323
120 416
255 301
7 134
328 349
11 318
134 290
124 284
153 186
149 197
57 155
115 470
40 103
156 362
21 56
458 459
400 430
208 248
39 98
68 117
180 223
73 117
369 371
84 175
102 310
234 455
212 309
102 479
39 218
24 343
79 158
106 407
165 443
223 450
215 376
347 389
13 446
208 308
299 388
298 490
91 166
204 446
143 302
28 293
59 393
185 191
126 428
247 392
71 364
358 441
188 320
193 494
254 353
404 457
281 304
175 241
48 62
198 472
324 439
76 270
73 496
204 217
160 164
16 454
200 403
377 465
81 475
102 154
226 425
348 470
396 405
2 239
218 473
200 235
291 338
389 426
171 267
19 152
287 294
41 366
185 296
26 269
301 316
12 36
302 424
190 268
95 127
48 433
286 417
249 363
50 104
8 346
92 342
184 210
310 351
8 194
266 461
65 256
88 126
16 229
379 408
138 397
288 373
332 420
362 494
176 422
90 304
189 294
6 220
46 456
5 145
23 131
176 479
197 497
358 490
116 264
96 386
278 454
54 150
230 367
22 49
232 407
325 383
25 382
63 436
172 177
181 399
34 130
152 482
88 335
278 496
307 315
86 467
70 305
141 395
240 419
83 416
221 228
58 132
119 261
135 330
33 260
437 468
168 437
100 332
408 473
61 128
432 493
434 493
375 414
382 448
137 488
62 254
97 282
129 183
463 476
64 340
78 451
150 406
128 387
100 317
30 153
31 477
143 306
53 252
15 433
246 377
229 423
213 298
309 401
86 240
237 444
271 427
255 435
410 476
436 447
190 404
196 221
155 427
120 194
132 174
480 495
97 378
333 469
31 187
52 403
35 303
57 68
235 345
350 390
14 114
9 112
276 322
149 162
328 440
262 281
222 395
42 238
277 313
253 331
195 289
159 265
77 188
159 161
214 300
201 323
463 485
153 283
123 413
168 475
278 345
284 327
406 472
340 364
223 436
243 322
96 101
89 349
176 349
133 333
8 394
49 155
273 275
128 232
205 477
227 360
93 372
108 228
10 237
60 480
170 324
134 488
289 367
454 478
98 199
244 305
285 313
97 492
75 177
311 476
60 371
140 169
474 483
67 83
67 240
34 125
130 234
249 252
100 346
240 300
187 394
116 461
160 249
48 127
234 499
356 438
48 330
6 433
164 386
304 479
284 481
301 361
260 474
12 107
395 428
227 325
75 332
456 460
11 330
445 465
24 259
439 485
65 179
102 394
37 413
89 326
18 490
163 341
403 445
272 341
12 462
23 70
30 426
30 406
254 320
25 291
161 488
62 264
449 478
99 200
196 334
116 485
258 415
179 327
198 288
239 330
21 475
409 457
36 466
101 492
49 408
255 454
146 450
185 273
59 99
28 431
267 301
274 317
135 343
138 195
196 296
285 401
123 250
26 33
115 496
268 300
39 324
100 350
31 121
54 154
268 387
47 331
421 475
232 389
117 496
361 424
42 163
438 463
26 464
219 222
53 466
95 479
19 60
226 411
352 443
157 241
197 420
111 233
93 103
340 493
120 147
130 320
5 309
55 142
125 403
326 416
201 453
303 306
239 311
195 444
268 350
195 316
94 414
90 142
29 262
25 439
59 381
143 422
244 308
93 291
275 479
22 237
40 233
7 59
30 234
112 283
327 342
369 372
80 308
237 379
40 254
228 344
338 500
371 482
31 197
184 454
25 288
427 440
135 395
221 354
45 275
101 191
290 497
181 390
2 219
32 165
240 441
263 462
48 480
173 367
110 282
178 387
99 299
168 276
147 455
308 423
31 58
332 466
138 407
108 472
139 146
308 466
89 223
409 480
165 291
272 409
117 477
225 259
83 455
154 446
161 421
72 305
171 288
46 178
167 493
157 215
54 182
41 234
61 428
285 467
136 434
101 283
126 217
45 196
128 492
55 56
29 271
157 207
45 302
170 387
205 417
78 95
365 429
166 460
159 335
134 462
352 478
31 499
96 308
85 481
72 440
48 399
94 401
98 424
330 408
66 362
14 118
237 306
29 91
24 406
153 473
87 185
247 363
113 195
106 182
432 466
156 163
190 251
100 137
240 264
385 428
44 168
15 488
86 233
152 275
200 262
287 401
182 405
80 448
78 147
11 266
184 292
126 355
352 427
87 230
97 236
95 319
203 465
164 295
166 437
178 427
116 455
182 463
324 325
181 449
132 360
148 419
67 81
363 369
29 484
16 354
58 247
37 175
109 366
28 401
116 290
73 110
87 244
220 328
121 330
159 257
290 440
422 423
278 332
70 448
333 451
204 474
73 184
300 302
207 259
2 367
116 312
122 214
315 433
242 369
383 395
153 221
146 191
268 376
31 406
404 413
43 404
161 470
5 226
147 154
293 377
92 238
131 312
327 379
143 279
121 167
4 485
448 450
59 285
138 229
320 429
223 437
452 485
257 341
228 486
158 194
197 411
256 291
270 429
51 458
100 330
29 160
253 461
2 485
242 297
43 408
124 488
53 157
1 310
105 122
68 444
61 62
174 455
364 428
1 472
51 491
64 295
104 107
2 414
105 113
129 147
252 358
34 123
50 233
87 455
401 493
376 391
146 339
390 440
144 380
222 323
18 314
174 383
344 419
74 153
278 371
380 393
76 284
255 397
163 303
48 183
434 455
167 214
24 282
133 421
133 248
183 399
98 99
250 253
63 331
77 316
210 300
411 487
87 478
159 410
77 305
211 378
84 353
93 345
255 368
165 406
44 353
154 290
6 381
4 476
122 435
56 246
137 314
183 405
231 351
24 211
189 199
290 474
55 364
30 234
6 321
322 355
215 240
12 210
132 340
22 339
198 416
352 373
106 480
303 414
156 352
50 355
227 406
99 226
31 280
82 425
15 84
146 148
112 233
33 213
64 415
397 435
283 420
231 451
136 147
371 418
345 377
135 475
371 396
241 381
50 378
354 452
235 387
64 390
286 370
334 476
287 497
140 362
120 440
14 381
46 228
266 489
436 440
344 493
435 488
112 221
193 437
27 295
33 344
30 285
366 441
198 407
84 195
101 495
116 307
412 449
39 118
280 373
208 242
404 428
215 237
300 424
244 463
162 483
71 327
64 97
53 151
91 245
251 493
335 440
177 287
31 271
11 294
56 212
156 390
88 402
114 425
130 222
264 273
33 239
28 451
347 385
302 376
81 344
1 242
245 449
98 132
122 291
350 402
74 104
304 314
217 375
127 245
342 413
259 413
133 284
285 494
336 369
290 357
199 346
45 304
20 419
44 112
36 338
392 495
102 468
237 295
107 181
58 144
27 436
19 227
116 280
189 339
246 441
237 457
242 338
44 265
32 159
105 384
145 446
126 316
20 130
396 400
54 460
94 358
102 381
240 422
218 459
172 432
390 495
251 405
238 484
41 235
10 241
130 307
109 253
20 28
207 301
134 238
393 406
338 375
55 456
79 345
44 255
26 44
272 397
3 220
67 472
45 391
110 124
273 433
320 431
3 280
174 320
109 221
264 497
113 192
184 447
316 421
49 218
272 304
462 499
251 440
86 252
228 491
254 338
245 410
170 214
339 362
266 461
143 269
52 67
342 466
271 398
127 331
1 315
187 393
203 364
192 416
132 281
85 278
155 198
293 336
310 461
73 466
142 283
277 462
63 249
232 327
302 341
24 390
81 233
7 224
171 187
323 421
134 496
34 221
109 487
14 77
100 223
279 346
373 445
251 492
100 204
193 218
36 144
316 326
291 393
126 244
143 186
165 487
59 67
71 74
211 244
17 375
93 448
178 212
28 128
138 285
11 219
195 404
177 398
190 500
93 464
170 409
150 195
214 219
187 229
245 393
250 323
143 468
4 171
125 324
44 178
35 359
113 291
117 149
44 110
329 487
119 470
39 215
185 473
16 482
88 228
92 222
76 176
155 477
144 358
165 247
34 368
52 425
419 432
360 454
25 65
100 174
32 72
94 234
286 289
71 255
50 379
273 488
89 461
281 346
59 472
373 498
143 417
99 119
72 239
4 297
211 494
130 350
259 463
157 159
239 330
139 304
190 435
173 337
151 492
258 351
332 476
86 358
465 486
39 338
154 255
277 444
123 150
70 296
274 392
376 415
251 362
377 493
469 480
87 236
59 420
137 320
188 458
242 330
204 427
48 492
338 379
16 72
191 471
132 135
27 253
414 443
60 403
150 249
128 198
311 470
147 252
86 266
198 407
40 382
41 138
136 263
349 420
188 436
159 480
8 286
174 376
290 432
74 268
88 387
211 224
149 177
100 342
83 301
50 326
288 294
167 459
174 302
37 228
173 401
101 249
466 487
5 136
1 170
207 372
116 281
136 272
263 316
442 476
104 351
49 109
79 182
151 351
143 310
217 484
292 373
107 428
204 361
144 475
442 486
63 133
88 458
341 406
259 289
308 316
69 347
89 408
141 314
242 464
391 454
300 470
200 318
348 445
26 152
379 487
49 430
256 293
130 297
393 398
231 487
37 65
29 171
27 289
321 449
228 423
174 492
84 204
134 401
36 82
2 103
157 174
17 243
379 466
257 374
187 411
13 213
25 109
100 224
141 395
387 439
190 393
26 60
88 182
54 145
278 447
99 265
196 446
10 128
228 305
449 489
95 182
101 160
373 477
241 371
253 320
39 149
175 248
120 440
59 414
41 500
160 489
5 278
3 51
240 283
194 358
234 324
87 304
231 413
28 163
98 179
133 468
46 117
20 482
2 311
251 273
131 408
130 215
28 210
45 299
431 439
199 393
283 454
41 486
49 121
47 64
69 498
68 344
133 488
26 192
239 431
232 347
17 114
166 448
19 233
79 273
5 353
403 461
244 432
158 495
51 254
298 417
132 383
334 498
262 368
285 482
166 250
270 459
222 324
339 363
67 137
16 443
254 369
194 499
353 399
3 156
126 222
311 361
230 319
195 436
4 45
93 161
34 304
273 394
95 151
8 118
115 293
147 417
66 500
21 477
392 461
39 423
131 159
66 200
280 447
60 213
94 163
114 336
179 365
121 247
33 56
75 331
5 80
66 154
48 489
223 253
252 379
20 78
136 209
36 341
297 496
264 473
325 400
83 152
384 441
294 440
267 441
218 461
20 434
89 263
124 153
236 420
267 303
265 424
45 438
267 307
206 457
214 438
303 396
50 90
25 209
70 113
135 386
90 487
5 431
123 274
282 295
287 461
202 448
178 401
371 412
244 405
124 462
77 312
86 389
407 468
37 148
323 439
52 140
239 479
335 397
311 384
232 380
303 404
3 146
4 80
182 234
135 239
94 432
134 439
183 197
50 324
248 251
169 435
283 457
167 433
38 66
175 398
54 153
246 322
102 165
190 256
89 302
111 310
73 200
270 374
175 203
351 355
302 387
233 418
94 457
349 451
246 500
197 381
79 194
363 457
47 455
33 496
302 320
149 411
92 492
148 288
179 454
202 243
63 363
252 373
256 396
55 404
328 369
95 224
40 281
159 239
326 495
359 498
14 417
230 289
84 392
314 457
108 232
348 356
53 183
127 218
59 485
374 407
81 404
53 355
130 218
24 190
410 414
55 480
259 362
280 412
48 497
186 417
77 384
38 307
186 240
410 443
219 305
230 435
320 491
207 448
94 367
233 400
38 67
167 389
2 72
386 426
28 34
10 174
180 492
62 366
459 479
231 402
2 399
416 444
390 463
376 396
177 304
93 135
221 352
118 286
336 420
162 495
237 399
281 345
192 350
39 470
262 435
17 89
78 400
155 341
136 303
180 331
126 304
380 427
139 174
16 38
167 427
324 446
17 432
361 436
77 225
151 295
236 481
88 303
284 310
77 108
102 177
37 176
324 482
43 200
98 199
6 373
100 435
86 465
361 414
186 476
95 292
8 229
6 132
241 359
248 270
200 277
259 396
225 406
150 212
217 454
125 215
8 439
125 414
223 253
210 289
61 229
122 454
101 136
181 492
83 126
78 272
150 495
147 347
23 192
59 397
113 340
208 239
284 298
150 418
422 478
171 461
430 444
95 211
22 272
26 176
198 467
301 364
123 428
63 379
53 142
147 402
15 167
334 419
34 329
280 336
90 210
336 396
203 354
38 370
14 283
93 249
199 311
190 311
32 289
278 370
205 382
261 338
344 345
103 278
139 159
174 426
209 246
402 485
166 191
270 275
282 310
385 446
108 231
392 403
91 337
82 471
193 284
41 332
128 437
121 399
77 321
100 302
313 354
23 494
241 271
94 262
237 294
128 278
12 257
209 483
244 284
36 69
33 272
17 32
367 448
65 447
124 476
234 422
237 404
118 456
82 88
238 336
18 268
244 365
281 470
169 289
26 130
126 237
260 452
292 375
219 485
258 300
157 189
272 401
192 277
4 308
175 303
11 232
167 317
386 500
119 159
110 150
21 224
332 334
108 376
334 400
296 379
189 245
356 404
368 463
345 438
81 442
105 138
126 153
272 302
323 434
52 420
166 250
3 278
123 254
28 443
430 493
107 421
105 380
182 361
129 150
133 246
87 418
206 422
29 355
113 481
394 460
255 323
132 417
228 396
193 272
139 298
250 296
405 437
300 399
230 488
336 406
139 204
54 319
290 404
359 454
5 241
176 481
20 359
334 442
253 455
73 116
140 401
272 274
158 454
270 399
265 284
331 412
260 398
179 439
146 489
41 165
337 361
93 418
252 482
275 370
115 279
427 437
321 467
64 296
143 200
61 197
367 404
152 274
278 366
212 252
98 105
407 484
38 374
104 229
320 334
13 404
38 167
34 450
64 243
103 213
145 486
53 384
29 333
19 161
70 134
95 306
53 470
7 451
47 332
201 335
74 200
174 232
139 375
414 421
136 155
284 428
247 474
7 123
131 228
262 425
304 422
60 136
118 188
160 309
45 76
14 426
67 491
245 398
190 474
81 113
355 412
180 181
74 211
391 450
77 258
110 338
192 292
115 218
251 486
22 61
455 471
114 405
151 203
57 499
285 390
233 489
319 365
48 205
254 473
40 447
77 400
355 431
33 103
285 491
78 186
44 315
29 339
126 176
177 494
84 199
180 317
112 259
134 137
245 465
370 449
205 240
406 457
103 485
388 427
40 486
95 269
327 342
97 102
379 419
58 230
1 227
128 399
25 325
106 210
104 247
212 444
340 411
43 491
29 460
6 383
110 433
101 211
51 417
57 198
320 497
203 407
263 489
184 499
312 410
218 328
304 339
291 319
123 245
244 479
274 356
56 375
54 463
109 277
448 465
252 316
387 390
337 382
7 156
160 302
79 198
90 272
10 247
348 366
40 367
51 465
356 436
420 450
96 408
81 123
17 456
188 486
137 398
124 133
356 368
430 461
85 108
113 288
246 424
217 428
136 245
200 351
194 271
92 296
432 457
193 334
401 483
379 494
127 385
294 497
91 263
138 236
59 342
109 332
293 391
242 393
352 488
158 406
4 97
360 375
274 340
78 128
81 213
237 442
158 307
135 313
234 429
412 444
42 461
211 334
215 216
65 304
23 202
167 200
36 90
11 394
7 305
283 343
115 218
91 270
135 202
175 406
37 349
97 436
263 346
311 475
321 353
139 474
36 125
248 359
58 461
134 450
173 462
172 293
131 169
193 329
137 303
95 283
60 440
200 239
158 500
32 496
125 219
118 315
237 488
159 214
256 446
122 408
27 198
64 113
153 223
383 463
48 432
303 401
134 498
22 71
60 276
136 159
131 411
330 410
1 447
74 233
339 437
136 385
139 380
141 478
397 492
14 271
34 372
396 406
22 344
209 259
396 475
301 337
222 314
404 424
122 471
76 273
32 360
373 429
122 364
254 476
257 474
31 483
129 174
77 102
12 38
62 214
155 360
354 378
167 421
144 155
57 408
194 479
337 399
352 399
104 379
119 320
231 306
179 436
18 448
129 258
120 246
94 117
162 298
244 468
171 361
39 361
3 27
83 480
235 271
194 261
416 439
144 220
215 232
54 460
79 299
44 303
147 186
139 321
343 403
266 431
220 388
157 292
144 303
57 401
212 433
258 493
147 426
103 419
408 488
51 169
6 392
289 495
248 336
66 318
250 448
56 183
131 483
109 431
324 427
47 291
146 354
23 481
82 446
4 458
21 476
391 456
96 380
280 423
31 134
5 153
3 303
120 363
318 396
141 284
122 459
135 423
53 335
306 485
158 451
31 133
143 269
67 334
205 279
284 435
232 367
105 230
56 102
324 382
306 442
292 320
173 403
30 430
362 385
101 338
331 347
78 437
90 178
42 161
327 469
79 98
113 447
22 221
191 457
355 487
259 469
239 350
206 466
102 448
25 481
7 327
310 429
109 175
18 83
119 482
268 272
152 219
251 457
89 422
30 196
89 427
345 351
374 498
64 445
212 376
30 103
171 473
116 418
160 279
87 282
399 443
325 386
132 484
103 444
268 322
32 340
52 362
284 358
24 248
120 230
269 350
119 375
209 376
310 358
272 341
50 253
95 408
86 127
85 180
255 462
226 230
93 329
190 404
25 26
64 151
47 195
117 395
182 387
74 113
108 213
172 247
8 285
265 297
70 268
310 427
14 428
117 395
297 437
115 286
197 289
422 429
116 476
304 468
286 474
143 169
24 469
51 242
25 236
146 298
164 305
184 380
143 346
257 321
14 284
125 434
17 251
83 142
271 383
4 456
423 438
182 454
425 451
115 324
4 56
83 104
275 314
151 435
70 305
185 264
247 401
8 449
212 319
296 432
351 467
167 450
226 497
94 210
81 121
111 284
168 284
252 391
20 497
68 313
23 230
54 370
28 325
112 156
309 493
144 398
124 436
68 382
265 479
8 253
73 94
370 411
127 341
45 336
80 312
2 146
74 433
305 344
196 493
17 461
5 354
278 431
181 484
68 482
39 206
28 192
369 483
202 492
356 440
123 417
294 498
178 457
36 311
135 253
356 373
364 420
315 409
229 319
129 403
345 461
220 465
146 326
33 263
316 409
268 345
390 430
230 420
338 491
74 123
220 306
42 448
19 297
184 413
73 337
30 135
58 387
240 332
141 192
27 459
292 344
247 492
12 376
136 420
111 160
93 353
176 467
221 227
195 224
273 350
18 128
119 432
39 92
139 197
199 435
125 498
109 165
82 410
267 320
80 176
85 181
292 403
201 465
55 150
200 301
42 209
81 85
177 350
219 481
113 371
256 340
104 341
204 444
33 246
76 419
185 215
36 286
2 17
380 394
195 362
122 275
102 455
171 343
172 490
37 202
205 295
137 226
123 303
17 224
213 408
77 456
306 385
10 24
63 278
68 231
48 320
233 469
409 454
292 455
112 134
238 484
34 168
20 249
11 321
178 379
147 229
367 448
144 477
346 465
295 339
435 495
46 453
310 408
117 441
13 123
51 430
21 85
420 470
142 323
50 367
157 431
28 211
31 410
361 375
77 138
52 62
155 417
70 113
176 467
222 428
56 307
31 324
31 316
52 236
365 381
229 361
215 303
345 355
269 373
236 456
115 273
94 414
193 399
297 452
318 426
83 283
105 195
104 263
242 339
133 312
182 334
140 197
106 213
42 267
291 456
149 160
281 291
275 465
59 64
62 461
123 458
100 284
223 316
172 296
196 451
281 334
372 483
15 477
103 111
129 280
30 78
54 240
223 252
343 468
102 122
312 466
62 459
327 466
102 436
305 310
103 127
171 351
204 317
352 484
56 198
339 412
84 280
166 465
269 496
20 73
53 462
179 229
53 256
215 269
70 260
336 462
3 234
117 169
366 372
329 378
97 347
348 427
435 436
181 368
338 441
189 429
237 403
126 144
376 380
30 166
324 383
73 177
29 331
166 360
39 157
175 365
168 169
457 479
115 135
11 269
399 479
395 459
142 292
305 465
256 462
182 320
205 274
256 405
80 274
6 369
68 352
330 444
82 290
113 194
199 327
67 448
46 255
272 385
26 67
139 311
130 151
56 409
194 287
389 425
8 400
295 350
78 214
270 395
199 449
41 490
182 421
33 493
458 494
156 321
54 457
398 455
15 236
235 297
303 414
111 307
67 270
242 482
190 360
394 405
266 343
212 349
83 362
195 258
264 276
104 460
190 442
245 474
95 415
12 445
272 462
41 407
38 239
474 485
36 430
332 386
333 491
458 471
23 265
48 78
77 401
301 419
124 388
175 259
34 460
6 296
10 411
257 453
300 424
357 477
74 499
58 396
79 210
459 497
39 480
217 343
54 395
36 251
171 175
301 365
37 490
51 464
136 430
243 358
287 468
384 477
79 87
27 336
277 360
212 427
288 386
488 498
96 110
41 244
6 236
19 460
45 78
22 465
98 356
263 481
426 435
76 247
315 377
27 220
228 395
187 408
227 399
82 417
161 300
14 185
64 487
28 417
282 455
245 289
355 405
133 223
334 387
35 389
331 478
62 128
170 381
148 475
58 478
401 409
107 340
150 412
37 118
1 92
246 358
260 488
211 270
264 354
177 382
100 262
94 294
198 453
284 454
22 416
116 370
52 319
93 293
324 419
241 499
35 68
210 409
219 302
35 489
97 457
42 401
322 421
180 471
77 481
187 246
113 476
32 362
15 386
137 380
10 224
327 412
363 422
307 396
161 192
136 299
229 420
62 329
375 493
96 113
277 362
238 353
147 298
180 315
433 451
148 291
181 209
176 219
122 143
335 354
23 235
50 480
193 360
27 487
169 321
22 195
58 215
17 327
388 471
85 243
318 430
218 361
143 436
170 423
24 402
190 231
390 426
354 459
99 418
309 364
131 422
328 380
20 450
30 70
75 245
75 129
359 422
110 169
173 234
271 311
85 278
93 244
100 103
59 67
99 360
20 307
201 279
252 421
333 432
333 340
375 418
266 391
171 406
73 220
148 331
77 498
149 398
44 373
120 239
434 481
152 307
200 270
48 372
198 440
344 442
24 326
120 343
256 295
81 301
207 310
137 184
133 136
111 459
67 390
374 423
245 356
116 452
295 323
59 500
83 356
142 369
310 362
180 246
176 230
267 440
265 456
60 367
100 370
2 476
298 352
54 84
384 400
125 355
61 318
19 280
219 253
46 493
79 365
170 371
337 467
47 238
263 331
6 251
337 495
208 346
195 413
210 486
24 224
148 277
262 267
108 482
199 277
95 239
475 500
106 238
33 79
103 158
13 224
198 491
392 490
438 462
30 476
14 393
168 470
332 376
370 399
234 474
77 115
147 268
279 429
203 276
55 107
272 443
6 311
157 459
55 173
276 378
269 362
233 449
115 376
400 402
44 204
35 485
257 305
55 453
55 442
255 436
52 202
162 177
10 110
368 384
275 365
114 364
60 114
80 444
44 251
257 267
11 53
213 454
108 389
225 349
297 457
105 219
69 80
45 368
313 481
42 47
149 246
315 465
248 491
280 403
220 480
94 448
157 194
236 309
187 235
348 353
17 359
308 369
377 462
88 269
127 432
257 474
210 342
176 374
152 170
120 491
284 460
309 371
223 348
271 306
463 487
372 486
119 183
112 257
152 466
48 465
259 416
4 132
134 200
179 295
64 325
66 396
270 310
34 196
133 273
199 239
143 161
190 383
27 128
144 449
103 312
144 162
285 370
233 493
241 392
175 281
97 460
132 229
245 484
153 357
113 311
189 355
379 380
20 201
90 204
51 167
129 230
428 498
100 362
273 427
182 355
234 359
107 150
332 457
112 408
158 423
138 387
386 423
96 464
72 226
181 351
389 413
236 368
50 358
102 421
20 284
150 258
71 88
65 421
247 315
450 471
256 291
2 232
173 207
191 340
139 263
208 390
93 177
59 380
200 443
50 448
92 277
221 233
66 134
417 490
87 414
16 314
127 279
125 294
186 201
52 447
290 449
10 197
140 452
445 495
13 445
46 66
110 405
154 285
115 258
193 426
61 153
416 472
18 379
278 425
44 283
80 82
153 443
336 452
293 409
37 265
188 391
3 164
73 364
50 141
112 329
112 171
57 107
48 212
53 381
85 110
46 155
40 151
279 471
61 444
159 263
124 383
82 144
209 386
116 464
108 202
77 483
32 43
414 491
128 425
81 175
316 442
228 424
36 448
64 290
227 235
200 435
203 475
57 375
305 461
234 498
210 426
99 270
362 460
52 496
149 217
386 449
238 364
239 447
387 463
97 227
70 74
111 271
34 489
315 455
82 120
157 468
3 383
156 392
220 292
215 403
170 481
60 353
392 453
168 288
328 364
101 405
300 461
405 473
59 383
260 335
38 341
56 92
407 455
199 260
125 311
99 210
228 471
266 430
216 462
50 144
342 468
92 291
145 307
177 201
63 408
297 482
274 442
19 199
420 443
360 384
60 327
472 491
232 438
212 222
3 404
221 262
100 143
16 468
125 189
250 455
129 363
168 486
50 470
246 311
205 466
142 201
227 259
117 380
349 393
196 374
73 267
9 422
407 499
30 115
337 488
69 174
17 214
132 389
30 241
117 217
401 415
331 406
348 382
362 496
161 343
214 430
203 342
217 360
288 360
93 495
280 356
218 249
474 498
132 305
25 49
30 325
33 67
80 365
232 438
141 386
297 351
55 431
31 37
70 487
197 394
390 495
98 149
204 301
122 444
169 299
39 135
139 348
280 451
463 471
306 319
358 422
192 259
23 181
208 268
89 102
49 384
159 475
393 443
43 174
125 377
34 194
234 481
360 367
217 434
156 410
135 271
304 420
126 500
14 419
274 314
420 500
50 140
167 209
220 482
246 342
370 381
200 446
332 348
181 298
478 487
69 289
129 279
155 368
41 208
270 284
6 338
291 341
90 319
170 201
75 440
310 399
17 306
43 499
136 320
150 437
75 111
117 205
6 106
188 487
136 484
97 394
130 392
117 119
1 143
374 492
121 214
90 111
27 40
61 421
108 273
397 443
10 190
135 363
306 444
420 460
353 357
52 278
95 342
226 299
65 325
92 145
85 203
106 182
324 447
76 282
20 165
166 254
98 360
69 428
129 472
276 457
166 205
418 497
323 333
393 495
61 105
355 485
99 306
181 207
34 378
155 296
254 261
193 295
94 401
261 465
183 278
279 484
44 240
36 222
284 387
267 409
283 317
124 355
155 366
148 426
384 402
239 365
199 474
208 304
16 431
34 236
285 286
113 400
104 230
151 177
180 387
437 450
330 456
4 279
74 351
78 232
29 118
11 117
368 478
441 489
199 245
301 323
348 433
105 176
181 215
24 116
171 396
393 456
12 417
240 324
86 132
406 456
39 250
41 209
320 359
60 227
56 343
8 33
66 351
197 377
333 438
51 53
68 414
9 71
140 296
259 266
35 465
106 351
195 499
73 100
244 474
20 388
27 416
120 156
457 500
17 243
414 456
145 250
296 401
327 437
123 241
51 293
8 491
59 105
113 451
368 383
224 367
39 351
356 483
202 374
10 58
94 393
172 348
136 396
60 135
289 386
342 414
444 470
100 381
391 406
18 110
109 389
228 454
119 134
228 462
240 382
360 394
46 498
181 315
12 376
73 199
151 157
126 196
113 214
182 248
215 359
30 135
177 291
101 472
148 471
78 339
63 143
29 220
172 335
248 325
338 448
157 288
130 260
167 190
55 268
11 441
398 479
63 350
58 65
147 204
203 314
52 110
44 303
210 495
288 299
305 356
27 60
345 435
239 303
25 423
412 441
88 182
212 302
86 354
22 353
216 368
34 374
188 334
180 284
393 500
121 428
219 437
40 138
120 458
193 285
31 91
102 247
49 96
195 291
133 499
51 251
68 141
91 157
167 452
126 399
240 357
39 186
315 466
124 380
366 439
230 425
255 464
33 213
193 241
6 380
232 333
46 113
209 215
25 173
218 248
230 373
26 162
76 353
67 84
214 378
272 418
98 419
25 374
96 280
171 343
198 376
436 497
172 388
45 252
142 488
101 416
221 391
33 296
58 401
178 468
87 358
239 481
163 258
291 444
358 457
322 475
7 455
80 216
189 486
315 371
109 434
404 492
38 130
12 202
327 361
31 416
5 332
16 364
80 480
92 391
312 322
184 424
71 235
60 218
397 489
76 365
194 321
66 112
80 365
337 433
172 449
179 493
126 407
11 158
78 253
105 149
16 454
106 271
387 431
32 232
134 334
430 458
425 443
244 338
431 475
251 382
215 365
124 327
225 368
59 317
318 412
318 385
298 325
241 291
4 157
26 182
36 302
488 493
120 439
233 456
131 327
316 335
11 97
18 30
352 357
57 500
41 87
179 200
200 205
115 277
430 456
318 350
93 245
43 108
5 8
127 296
30 210
25 245
74 452
331 400
127 490
343 420
2 455
177 271
140 197
45 203
281 424
312 389
98 453
281 303
406 427
285 327
281 310
112 141
34 89
36 448
251 362
197 440
169 320
198 260
46 133
290 291
199 338
177 436
212 354
110 482
95 203
30 191
144 349
329 461
282 384
406 482
30 100
10 118
215 313
392 498
110 164
177 235
48 478
216 236
