1000 5000 1000
273 820
704 858
250 409
290 568
326 371
466 685
377 806
127 661
188 735
409 753
511 854
552 603
186 771
34 389
273 821
247 752
376 428
218 737
309 443
951 987
647 785
91 274
456 640
184 626
194 858
654 686
82 791
316 620
97 741
124 780
489 860
184 802
317 828
341 546
640 687
139 999
391 652
536 925
470 693
381 610
461 656
722 744
445 668
44 190
109 304
409 834
187 684
13 582
75 876
81 423
750 862
81 222
188 820
377 698
146 531
547 576
80 822
351 711
176 275
608 807
554 610
177 608
184 613
210 253
137 892
605 957
505 846
132 324
442 521
54 476
93 269
731 869
494 812
7 902
229 356
371 713
878 918
451 732
545 648
702 710
9 887
627 699
225 877
33 580
345 741
172 920
58 882
302 368
122 869
7 743
57 456
521 706
112 394
329 556
500 643
145 728
287 936
617 944
6 949
396 961
146 680
620 878
42 275
60 456
264 858
274 742
173 202
803 817
113 929
157 170
374 904
378 459
77 801
397 450
853 898
445 851
244 879
192 588
184 374
293 371
109 917
124 311
39 644
126 332
103 963
174 184
330 686
118 764
181 666
167 414
309 403
523 922
189 492
105 205
615 627
776 903
626 882
328 417
673 885
683 824
55 546
38 660
89 617
111 745
599 895
347 819
597 708
586 859
198 528
98 365
457 567
701 767
461 824
136 802
290 897
887 928
234 994
33 439
109 760
227 514
21 464
242 913
133 863
536 877
440 979
6 291
623 956
366 466
215 242
50 769
289 725
179 871
385 865
428 469
905 957
757 811
241 389
458 517
447 482
302 491
673 744
149 265
178 244
69 478
169 772
315 951
567 653
582 726
211 796
651 837
89 894
103 513
48 992
310 620
192 565
825 867
6 24
273 312
377 608
581 745
617 865
41 66
434 919
225 242
823 900
894 936
3 859
523 855
215 686
121 757
182 986
638 777
335 811
271 380
89 634
514 819
440 844
478 498
193 563
262 950
640 850
771 850
356 401
272 710
9 996
4 680
337 776
398 749
798 903
557 751
469 509
114 397
723 757
452 822
122 304
372 845
567 882
572 930
586 831
967 971
140 837
84 268
627 685
887 926
113 194
132 892
547 766
375 854
135 297
419 679
453 474
796 899
408 412
678 997
56 283
71 704
428 534
791 836
217 292
705 938
191 737
336 938
14 583
462 510
7 540
275 394
465 949
234 925
122 789
578 736
369 656
147 381
55 538
155 175
587 623
486 941
136 768
211 298
452 924
139 645
329 932
376 457
269 513
163 590
258 474
412 914
7 721
200 238
348 726
576 847
548 651
402 692
687 956
415 559
256 830
188 241
430 632
13 335
5 924
63 685
34 350
152 807
467 823
789 832
570 776
577 993
408 981
630 754
127 728
271 302
317 346
22 654
111 412
685 694
318 620
59 961
768 777
507 569
407 660
326 903
141 332
349 908
627 892
317 988
288 370
11 424
34 890
257 283
683 984
567 620
216 257
786 939
208 496
315 918
424 545
915 966
207 550
121 860
202 912
64 866
265 342
448 671
817 1000
185 251
234 981
362 972
371 498
340 911
143 590
134 668
309 825
517 942
352 788
191 928
376 838
782 994
57 828
66 839
463 917
160 617
601 763
240 651
558 586
227 414
775 803
223 940
15 148
560 745
286 739
161 681
506 581
437 647
32 179
837 966
200 682
191 691
103 351
139 594
585 872
31 129
261 425
336 942
209 847
696 850
535 689
221 255
296 883
310 467
259 870
317 818
743 907
3 534
448 502
86 434
557 629
516 849
463 672
129 587
568 689
724 749
427 712
218 973
216 783
222 689
538 704
194 632
838 939
293 779
11 676
176 308
606 616
490 905
180 942
670 941
183 494
92 125
85 871
293 387
291 419
39 149
87 527
190 490
676 948
214 757
560 654
334 361
76 892
328 383
461 679
54 415
15 528
250 373
453 567
491 600
581 880
218 362
509 959
30 766
509 624
38 624
522 614
430 990
164 607
17 90
232 933
558 787
105 950
684 966
347 744
180 600
218 855
927 958
443 680
401 446
328 637
182 745
495 671
483 662
675 997
486 569
107 360
711 998
511 766
151 680
68 169
746 800
426 470
231 975
12 109
140 769
269 443
588 850
423 718
126 860
62 276
403 826
199 498
114 657
370 911
171 203
73 96
466 792
438 498
262 964
488 673
389 811
54 576
275 766
234 351
294 840
219 900
243 546
316 693
445 642
337 510
609 857
173 527
218 649
184 231
437 708
43 578
120 967
173 632
269 270
348 808
857 987
170 814
251 632
33 682
36 509
416 951
68 72
272 958
856 861
337 638
630 866
339 411
851 919
154 860
95 359
542 996
271 729
489 810
76 254
181 428
151 255
726 991
233 414
904 955
813 851
841 922
233 339
352 925
284 989
867 920
292 699
60 472
575 580
352 739
605 877
242 972
177 767
219 598
242 516
252 686
306 817
87 901
150 581
101 654
513 536
69 571
130 848
290 930
413 943
343 757
38 635
202 883
403 764
448 991
3 106
185 336
379 559
841 970
385 700
531 734
141 723
147 289
230 484
29 812
424 757
83 733
98 594
598 865
34 528
408 603
604 966
237 663
324 993
528 924
739 756
175 192
10 693
891 898
50 534
45 51
179 880
261 755
138 704
333 544
40 218
100 377
326 802
929 974
143 516
65 255
463 935
584 816
68 608
859 980
683 810
11 370
282 398
864 920
250 867
598 805
559 847
370 705
268 859
331 635
435 610
392 756
407 473
82 987
97 270
498 792
79 612
24 942
610 837
225 707
644 687
468 554
601 604
294 721
600 963
253 939
678 902
119 400
101 604
371 389
345 520
368 906
116 118
499 597
414 997
420 856
433 702
1 743
371 550
163 757
102 898
566 978
73 574
393 678
100 881
107 578
240 486
867 919
280 851
119 711
219 496
282 660
300 373
263 629
430 431
591 680
117 964
287 931
301 878
44 201
6 163
223 788
381 833
768 895
273 970
707 930
156 587
130 481
124 898
637 901
455 457
424 856
336 625
475 815
291 995
128 692
751 914
148 800
6 884
299 690
395 550
73 837
159 864
132 789
924 967
135 548
218 402
91 330
331 806
248 993
210 541
206 852
44 776
597 909
156 563
187 697
613 809
16 793
45 386
416 655
24 402
125 828
365 700
3 483
579 789
199 352
13 215
62 310
44 220
390 543
786 822
268 982
253 400
808 930
21 120
207 981
401 873
342 883
168 718
237 711
905 946
337 653
384 692
164 509
90 177
125 433
524 707
34 541
335 547
47 719
100 824
633 828
32 539
583 607
685 847
187 855
670 737
41 942
609 653
903 1000
138 357
530 823
153 864
112 812
517 547
290 393
626 699
736 980
130 659
336 378
577 783
41 103
221 863
14 596
302 999
375 663
961 996
65 350
840 911
827 830
166 774
673 942
3 38
195 429
289 472
61 573
298 665
265 513
694 837
403 919
163 657
333 566
210 235
108 992
342 924
562 758
533 752
754 853
536 567
308 745
34 621
73 86
135 287
86 216
838 984
424 477
235 776
9 61
391 564
288 595
33 637
92 720
217 839
153 193
84 114
215 708
480 758
57 805
123 353
826 900
91 125
546 907
195 702
711 863
291 887
85 341
406 700
124 209
123 402
617 875
371 509
779 948
156 878
57 874
618 988
24 123
611 613
19 490
12 43
886 963
139 618
9 378
373 977
229 259
619 947
183 815
84 509
464 797
73 471
176 565
20 383
490 568
123 770
201 381
184 856
187 362
250 986
52 53
525 783
110 802
62 879
54 656
97 673
72 722
282 554
519 682
284 419
424 764
671 732
75 783
497 870
151 855
634 864
154 895
276 791
416 973
400 767
183 293
313 394
73 420
572 958
804 979
206 490
424 519
185 959
611 987
372 491
362 405
336 380
619 741
232 908
50 337
50 721
478 983
82 162
782 865
10 398
322 814
777 893
542 792
80 821
808 985
435 732
491 751
169 912
1 117
216 414
481 739
248 543
381 578
354 591
306 912
56 466
581 662
144 926
545 944
86 186
538 590
517 554
95 440
554 569
82 112
422 460
185 642
380 453
96 782
253 397
778 932
222 686
61 709
366 608
937 939
566 755
468 642
416 459
3 636
14 540
413 616
419 954
125 766
452 624
602 917
59 996
440 471
842 846
232 358
707 847
427 993
639 709
183 291
209 798
194 309
519 520
215 912
330 653
588 948
132 451
833 927
46 761
501 982
55 288
468 761
561 689
519 711
52 871
230 913
486 716
78 638
381 827
25 227
122 770
498 983
286 851
78 93
800 974
771 962
762 917
385 644
311 312
354 434
190 286
240 644
581 988
161 189
21 746
300 540
532 629
134 853
20 731
232 436
713 810
206 371
298 965
360 922
447 962
519 999
444 947
549 591
204 218
338 996
642 682
235 817
148 190
154 944
180 932
561 935
2 355
441 633
529 716
456 927
268 977
639 763
637 752
70 359
188 868
443 699
22 106
307 414
113 563
300 527
283 497
507 942
221 438
308 434
505 755
217 539
632 659
878 973
303 907
249 586
862 938
474 656
260 387
6 924
2 174
127 935
193 521
51 240
368 992
357 957
74 362
289 631
179 641
36 570
675 683
215 415
584 955
444 705
378 975
158 187
171 477
99 108
27 319
606 639
523 995
402 977
11 541
510 861
445 751
15 186
35 456
108 524
771 903
248 660
1 964
46 375
276 540
32 323
512 853
831 911
85 680
591 806
163 863
130 567
568 747
378 415
238 747
406 535
54 563
168 855
635 840
467 662
667 914
620 897
614 991
140 649
356 555
196 697
215 597
491 777
164 614
31 71
240 756
349 962
165 502
36 923
105 302
98 786
554 583
530 912
25 634
794 864
512 569
110 690
287 941
635 639
338 893
569 861
502 768
15 102
73 883
157 249
219 249
208 358
289 606
307 849
466 818
379 386
21 806
606 871
678 697
177 547
160 907
313 886
544 627
158 169
242 308
646 813
612 770
716 863
18 952
350 948
213 694
179 852
360 435
65 111
438 806
12 575
401 801
385 979
701 922
783 798
475 731
285 514
174 672
635 678
523 820
890 914
79 351
373 592
613 887
486 768
892 991
237 883
679 834
259 394
393 746
515 852
864 948
686 963
91 201
405 470
20 559
620 991
926 931
291 462
417 510
430 802
274 928
41 99
410 484
589 928
645 804
184 872
367 552
632 968
515 624
420 462
211 618
193 500
224 792
327 652
799 992
768 901
490 739
12 548
28 153
684 851
568 936
385 393
247 432
118 390
183 960
265 955
174 421
337 956
91 781
591 786
788 828
59 829
112 645
929 999
483 495
402 976
574 661
9 707
393 413
660 675
91 327
228 936
823 886
607 888
270 975
590 929
819 825
137 339
187 264
791 898
2 29
4 403
138 710
561 800
647 712
561 769
688 803
744 768
176 854
273 750
158 959
125 956
103 777
536 866
608 946
471 496
261 596
146 401
50 118
278 933
218 980
444 994
275 537
367 511
895 898
646 677
49 638
344 844
414 895
473 572
66 865
575 588
620 622
507 843
663 728
534 676
327 931
197 685
152 831
480 521
945 1000
58 221
55 473
210 811
529 594
859 892
527 893
745 964
503 623
397 856
635 726
99 533
231 520
526 691
129 395
110 884
6 814
420 658
37 901
526 980
167 389
474 678
194 767
466 547
379 399
120 638
541 812
79 312
732 985
25 195
457 700
952 998
229 382
32 877
288 335
131 388
542 751
277 294
10 697
634 644
351 478
329 355
136 334
497 907
145 310
336 479
339 953
120 599
261 360
425 711
99 797
234 274
557 804
525 627
390 751
718 897
713 734
727 802
715 851
330 419
551 954
401 912
226 984
141 680
174 823
57 656
353 402
338 872
194 959
87 932
63 136
588 993
513 750
454 838
240 482
575 751
537 951
821 907
710 762
346 835
47 136
631 883
128 720
396 791
224 270
191 780
15 433
378 679
49 348
141 736
10 421
223 406
661 769
285 714
77 774
261 559
576 764
447 797
685 857
25 73
422 972
434 962
449 692
374 538
419 568
208 384
713 861
258 863
33 620
324 475
413 696
344 874
370 798
246 338
515 836
66 151
11 488
558 792
433 539
276 299
60 389
33 526
184 791
295 703
184 365
196 358
251 731
150 635
341 739
615 930
293 833
512 649
43 127
343 410
790 893
626 848
175 355
145 495
61 257
311 842
526 636
101 381
90 883
492 947
93 586
161 914
214 288
48 342
208 826
43 623
61 471
518 767
116 487
58 143
44 816
57 253
292 356
284 363
312 344
253 537
465 741
155 259
144 821
115 911
105 597
329 388
732 740
39 820
668 791
307 841
256 297
552 616
209 923
248 610
53 268
108 846
370 572
68 295
188 892
432 524
338 904
168 817
160 998
111 449
96 364
326 563
41 813
311 952
482 625
163 855
128 698
571 630
184 507
754 997
507 601
70 833
650 804
173 695
142 917
250 988
34 623
686 715
62 511
55 530
353 729
451 682
338 458
64 874
56 590
808 975
191 768
500 646
142 492
230 572
825 955
571 635
374 860
202 948
139 498
457 501
170 625
497 705
19 925
188 988
106 506
396 578
208 439
542 639
141 233
322 834
344 734
327 512
119 181
211 221
468 963
80 671
199 684
65 855
21 128
24 254
26 958
393 777
346 962
297 675
308 393
784 866
482 521
175 832
446 612
566 885
721 833
20 292
522 769
624 747
402 973
199 689
577 829
127 722
487 740
167 266
525 808
652 692
63 605
175 736
417 657
592 703
268 921
53 197
660 674
285 789
622 673
581 826
512 565
33 650
481 576
250 887
167 337
14 966
172 506
202 639
420 687
454 559
500 836
304 950
48 738
411 938
384 599
6 337
584 753
485 911
234 855
211 730
146 483
480 523
235 759
689 701
477 988
188 356
762 978
315 335
255 590
645 707
280 415
536 853
460 916
422 650
183 332
128 659
455 546
91 954
375 616
333 642
253 690
666 996
424 499
675 752
282 970
517 812
172 439
282 428
174 359
201 203
95 128
583 890
150 346
771 913
607 695
138 140
16 81
10 480
69 282
69 743
94 657
697 827
391 649
308 716
55 140
138 713
171 623
153 750
44 252
34 100
321 721
152 486
169 981
15 442
208 688
339 492
153 723
368 701
817 877
270 927
24 508
232 704
489 740
445 706
124 944
722 924
258 393
17 786
317 680
55 361
56 329
75 372
606 841
609 693
591 595
71 557
204 771
408 441
261 631
119 409
436 556
505 876
194 639
564 787
400 572
331 779
97 317
127 530
600 934
147 440
238 957
827 926
420 990
418 726
299 418
419 498
60 281
851 923
6 560
223 280
200 433
273 744
641 816
506 835
214 689
406 808
52 108
33 132
300 692
684 700
127 585
270 606
197 505
70 933
543 907
159 508
456 816
248 726
76 506
15 802
90 778
32 978
168 397
167 439
316 654
335 628
102 944
713 926
246 437
98 740
370 389
293 457
654 711
49 570
268 275
77 982
10 708
244 710
15 508
527 867
624 682
530 718
909 964
620 843
160 991
969 976
494 691
276 893
829 916
193 432
767 793
37 511
5 922
170 287
647 942
119 916
942 956
119 372
136 609
104 963
185 738
333 811
507 986
572 615
719 734
401 548
255 429
343 618
444 899
196 638
349 442
4 609
79 598
469 598
362 404
669 915
447 538
234 779
151 170
237 482
392 503
8 423
215 527
529 740
707 737
150 873
21 431
375 638
4 15
420 480
430 612
92 311
563 727
524 659
87 224
202 640
197 341
477 606
79 278
159 290
352 991
297 814
47 93
201 869
152 641
25 951
6 21
59 858
642 822
709 913
212 820
663 958
246 346
113 643
419 693
273 874
31 444
598 608
56 163
532 730
182 679
245 267
591 819
202 676
341 383
258 848
526 761
154 282
544 738
144 299
119 577
331 553
488 491
267 423
13 629
491 521
521 627
547 849
844 897
155 825
171 690
15 171
36 640
443 537
448 561
343 544
63 924
200 658
46 703
586 744
245 273
304 946
663 922
584 725
434 811
109 598
23 702
70 184
233 933
870 999
47 810
558 594
339 502
367 498
166 599
343 505
409 958
718 845
36 426
416 623
204 670
129 599
311 764
258 965
299 765
685 817
234 656
698 810
403 881
16 216
653 763
471 568
44 734
235 720
157 276
655 986
480 754
748 855
58 528
194 805
178 917
605 930
221 896
338 445
40 991
107 760
285 907
374 950
487 571
662 842
14 200
247 355
60 541
815 892
108 787
321 771
234 363
794 953
70 385
87 553
235 866
674 878
474 582
20 741
236 311
444 991
180 575
130 375
3 925
828 945
671 862
131 207
581 983
263 298
292 525
441 751
661 758
259 299
806 855
115 474
453 917
705 810
80 167
111 181
306 885
491 550
292 390
170 224
144 415
898 925
292 961
769 969
45 873
551 720
26 986
332 949
662 972
277 862
24 133
210 544
19 575
109 543
310 449
704 873
180 295
885 952
130 412
217 463
244 854
429 732
136 483
329 793
43 82
595 953
430 948
513 723
320 876
218 686
283 987
88 962
103 126
116 494
172 738
324 546
31 926
35 428
48 918
367 834
100 661
34 502
10 52
467 495
43 985
161 456
307 597
485 557
64 378
589 785
171 473
7 835
165 217
77 200
817 905
323 637
397 816
93 469
409 892
389 867
233 341
323 528
869 1000
67 766
30 259
71 877
388 648
121 323
377 583
659 719
129 227
38 107
149 588
310 825
62 457
456 656
366 620
446 642
465 914
396 725
11 852
265 573
322 453
294 416
508 794
899 948
237 532
267 419
369 578
184 357
224 432
51 608
133 238
128 633
237 581
51 747
39 303
571 729
209 436
404 576
524 907
349 540
282 468
163 338
266 857
947 976
467 787
67 469
243 596
369 897
133 644
963 979
643 695
714 804
403 581
45 613
278 756
494 605
253 750
238 775
169 814
252 900
212 903
198 268
252 855
482 725
189 490
47 554
12 940
697 698
626 926
333 778
135 748
536 594
221 502
228 959
446 989
307 970
165 563
596 999
910 949
529 595
236 327
130 772
70 79
161 920
102 488
9 362
698 768
36 531
191 270
133 351
470 480
198 234
212 328
81 519
62 244
14 60
64 860
526 745
35 233
235 442
57 496
7 129
10 312
583 721
540 617
378 911
84 257
409 432
179 415
202 689
884 940
25 209
672 673
842 854
78 872
111 941
109 225
123 340
345 953
275 708
254 728
698 881
739 985
521 541
313 826
299 402
145 869
67 912
82 992
260 473
723 798
463 800
187 254
302 802
563 937
18 253
315 508
296 708
93 534
165 801
398 547
161 278
309 343
431 824
621 741
333 995
778 801
361 379
533 994
526 758
366 960
282 551
601 839
572 718
482 629
307 413
655 827
346 957
434 612
134 485
213 659
216 755
219 802
491 736
505 692
151 675
12 648
129 851
223 970
32 430
471 638
105 456
149 935
849 866
738 968
341 522
728 952
273 348
130 911
710 946
246 474
197 765
280 763
782 826
40 260
392 500
66 724
10 566
408 572
316 516
590 989
168 884
383 440
125 981
700 718
179 605
134 982
216 756
12 354
515 696
342 918
414 691
806 940
179 724
89 704
19 309
364 835
280 812
498 796
179 427
506 593
655 858
853 880
312 874
720 773
381 694
141 429
119 294
378 515
92 505
116 742
86 347
229 736
105 977
74 373
342 675
688 919
286 797
238 665
189 539
79 619
125 888
117 477
15 410
814 867
635 827
612 786
434 500
129 467
643 946
489 873
838 853
533 682
253 890
817 971
121 336
417 730
436 669
4 568
263 484
191 381
29 897
746 971
692 914
221 702
381 591
93 237
24 977
424 681
466 536
219 357
604 1000
290 707
24 265
574 751
287 979
50 988
364 785
455 781
104 439
399 765
162 379
272 918
423 519
725 837
388 761
421 711
88 889
362 448
725 982
1 861
281 940
231 248
546 812
23 843
568 603
611 690
447 774
866 924
288 621
597 655
679 740
221 353
402 450
15 862
326 862
2 688
547 858
150 599
63 779
116 335
106 278
632 867
326 679
409 711
139 579
54 483
251 589
558 900
208 476
226 634
238 685
59 798
312 912
340 953
27 195
784 873
223 782
680 737
126 811
619 747
525 740
904 947
12 627
42 177
311 993
734 961
727 982
786 899
712 810
476 495
147 722
554 929
258 829
11 765
277 731
640 669
475 935
774 812
449 493
511 786
68 525
260 634
85 608
278 816
89 926
731 817
75 403
11 993
616 767
797 907
817 823
22 657
684 845
296 866
6 935
595 971
193 825
362 869
141 929
347 889
254 707
164 572
142 764
22 457
494 578
51 976
49 733
245 517
894 970
205 552
235 383
196 867
211 963
83 460
284 867
90 807
391 707
382 643
390 674
627 815
710 884
165 940
632 977
551 710
422 581
191 408
342 973
389 876
435 609
244 412
205 495
314 925
716 786
145 486
767 888
98 794
360 477
106 767
423 622
418 917
303 323
118 413
738 746
16 294
912 959
516 671
349 486
340 863
281 814
827 899
643 814
12 478
91 916
88 561
115 797
116 290
79 249
494 940
32 889
422 590
488 695
913 923
329 589
366 722
750 987
277 450
520 523
299 901
184 689
183 792
360 457
294 871
514 672
110 364
324 981
679 744
16 466
553 691
21 244
627 754
395 742
622 947
267 841
30 873
808 884
128 604
247 886
40 819
593 680
188 674
340 799
151 449
185 857
26 922
795 907
788 951
106 686
500 853
229 843
96 580
310 850
169 299
331 723
791 937
402 727
186 498
807 906
15 554
338 433
269 616
195 349
349 955
711 891
257 674
607 618
177 803
416 602
145 829
627 864
459 541
29 667
304 528
332 617
773 994
822 998
246 850
284 466
795 934
565 593
331 833
15 97
232 376
497 840
3 661
487 856
107 857
4 632
58 513
705 1000
40 395
701 717
215 802
229 834
259 295
497 653
434 967
134 396
218 312
403 758
142 847
830 937
229 697
226 858
443 895
623 756
403 514
735 963
26 430
680 693
409 411
156 668
354 394
788 927
600 984
444 928
83 355
152 184
66 586
469 748
521 522
181 366
189 968
160 514
188 584
422 686
329 661
25 705
395 857
127 745
681 839
412 419
759 897
60 809
293 862
263 310
526 658
57 786
346 783
533 687
542 594
196 206
595 911
195 342
35 992
18 275
729 935
68 700
468 639
512 863
445 864
479 868
291 877
89 672
415 522
53 663
664 862
29 498
156 789
120 814
442 682
152 200
432 724
552 767
30 510
470 954
83 566
575 589
42 762
144 792
659 987
716 831
292 376
477 994
116 752
455 497
130 392
539 772
456 871
501 761
314 883
233 881
540 937
283 639
130 865
298 951
441 664
375 477
332 592
244 590
119 662
412 866
323 896
107 937
469 712
591 824
512 545
718 767
68 303
688 868
597 715
737 922
433 463
46 775
136 975
102 178
318 780
399 692
67 88
320 346
346 394
827 903
451 901
210 578
233 880
572 864
307 502
340 912
275 819
77 394
164 308
161 985
583 830
357 667
5 930
452 625
66 203
376 611
278 653
119 798
150 531
141 487
18 133
66 213
426 971
292 598
45 771
94 200
170 198
426 573
826 896
508 841
213 332
212 678
386 390
441 549
589 909
238 368
756 863
67 299
81 734
111 362
675 954
330 716
715 888
74 465
375 401
126 623
10 449
353 700
126 152
336 461
49 434
315 376
151 868
266 704
606 706
523 985
198 694
436 991
82 747
328 681
6 960
369 628
512 763
605 700
553 629
191 454
598 773
558 930
103 947
813 945
107 566
5 844
150 556
43 125
32 44
239 324
422 568
202 728
127 738
123 354
181 614
527 788
795 900
598 674
248 705
628 711
590 616
109 485
378 661
74 925
71 820
109 912
143 241
44 434
560 955
129 544
607 717
730 962
401 584
80 958
380 810
29 261
146 283
754 911
382 823
181 811
590 985
496 696
448 901
110 410
347 968
663 878
403 515
133 424
42 410
637 867
614 761
6 760
859 879
517 689
110 591
410 714
176 311
522 748
47 875
552 696
128 479
177 513
169 270
95 277
117 551
741 749
436 610
72 328
654 687
405 927
822 985
235 549
145 415
93 977
1 669
546 962
784 998
24 639
88 941
662 739
154 209
166 664
42 737
110 481
548 934
26 780
90 860
95 984
285 316
151 953
455 974
339 639
696 774
148 274
556 939
25 931
643 745
825 928
282 642
491 669
92 717
50 256
773 797
52 423
100 346
304 434
447 494
171 761
39 582
249 651
400 905
134 480
798 812
44 911
526 753
582 790
669 881
61 237
175 837
296 792
265 407
558 741
132 525
679 870
52 570
4 786
598 782
521 892
535 946
462 824
517 740
205 688
97 939
40 277
505 706
6 390
308 743
279 963
613 665
842 919
65 239
235 882
580 871
24 363
615 663
716 821
257 869
282 943
46 607
365 625
532 969
765 988
74 543
565 702
701 959
546 929
168 796
448 627
237 328
324 906
315 438
262 264
87 222
332 372
19 198
19 714
694 771
341 349
187 259
64 706
872 878
834 956
483 588
428 760
433 458
166 388
532 549
14 579
162 928
335 674
309 321
101 266
682 775
471 764
591 909
427 934
36 441
318 535
340 522
513 859
746 926
331 368
535 582
355 886
464 720
79 557
123 860
434 637
170 615
461 991
373 693
657 698
270 995
584 947
137 575
137 689
476 641
406 697
833 937
761 998
160 606
183 410
18 76
666 812
412 647
432 971
80 918
707 785
51 765
907 926
11 404
294 325
881 928
627 870
306 652
447 967
388 424
67 556
952 960
163 902
106 927
166 783
152 892
31 758
627 756
234 783
971 973
15 322
2 185
323 705
719 950
143 754
339 489
1 386
237 971
347 711
406 621
697 922
311 836
178 266
596 789
74 116
293 714
411 565
7 832
262 391
99 244
97 678
511 629
174 745
276 629
52 854
783 992
500 603
44 768
128 886
13 134
493 969
109 649
278 452
347 941
649 930
242 918
327 632
259 768
527 903
601 691
436 460
551 740
82 798
218 655
364 975
732 742
343 576
218 810
547 710
771 855
431 523
446 963
469 554
41 419
474 621
483 924
454 867
696 734
237 746
67 411
239 459
643 724
776 910
399 849
70 545
308 700
324 467
210 789
779 966
786 925
544 886
92 613
481 930
610 944
593 762
703 985
620 712
329 532
697 913
621 919
218 996
686 689
414 591
583 989
230 270
57 230
345 469
502 756
795 877
6 517
134 810
389 789
124 952
59 807
415 685
8 579
222 607
41 394
721 846
178 459
757 912
462 613
180 820
99 967
129 555
198 948
661 686
273 621
840 958
45 749
65 416
89 619
100 575
216 707
242 895
90 128
320 892
435 959
106 892
122 261
336 577
186 540
277 970
122 708
58 517
677 766
200 739
301 695
113 752
200 608
803 832
466 687
657 778
436 689
89 96
298 643
716 782
366 448
313 869
276 319
293 307
666 720
614 647
677 786
675 746
346 595
517 703
507 956
80 963
390 579
576 684
778 887
131 294
773 929
712 853
456 719
326 886
235 576
845 959
716 908
277 355
28 499
419 727
450 641
226 555
428 868
476 510
169 760
433 720
603 763
749 973
139 983
702 920
546 634
727 841
55 419
184 683
803 893
451 515
690 992
83 803
346 358
63 889
87 235
150 208
858 919
294 802
11 593
270 987
583 1000
98 646
281 290
100 955
274 918
513 852
566 891
56 192
583 631
327 574
660 857
283 926
570 964
461 673
283 562
395 646
582 694
454 988
644 763
943 990
204 859
504 538
119 317
156 207
320 701
603 678
212 349
462 980
343 374
249 689
347 457
757 895
505 615
391 759
184 707
298 726
247 707
419 776
24 907
564 794
395 523
207 585
357 894
297 822
434 644
395 728
243 432
420 516
547 823
736 978
118 338
369 800
362 588
119 633
477 972
386 909
443 829
195 625
261 401
800 834
316 613
562 897
10 472
57 867
431 909
158 972
439 503
275 284
516 762
614 621
834 927
371 740
334 962
660 889
327 572
743 962
785 975
611 835
371 996
578 643
227 432
363 512
12 812
13 784
102 112
255 453
529 707
338 502
261 589
324 990
124 499
407 767
537 755
280 895
697 848
193 292
148 794
345 984
127 165
67 397
97 338
318 896
73 457
117 353
462 878
256 955
279 801
772 986
98 851
86 895
200 419
207 926
43 155
137 796
384 767
86 102
470 725
575 875
254 644
391 461
35 954
322 914
78 276
175 478
4 57
714 971
182 841
241 786
35 909
460 515
208 490
686 803
802 819
307 752
71 208
721 756
242 820
778 858
324 715
194 855
663 999
254 427
210 792
72 425
353 717
94 228
104 885
19 832
152 610
619 883
287 653
424 939
315 530
530 959
386 561
204 579
177 927
217 408
841 879
522 566
282 886
5 997
455 886
289 399
471 703
116 492
512 659
852 978
242 737
267 412
460 691
444 931
800 961
114 942
238 501
93 115
82 715
459 940
329 834
434 724
339 899
152 637
370 842
220 457
18 707
643 651
5 498
136 477
42 944
661 816
419 741
708 732
42 241
569 716
174 271
405 980
668 981
24 802
692 772
109 936
538 834
74 507
54 770
210 480
517 984
455 798
48 921
110 396
372 761
16 65
441 877
486 995
138 822
335 782
327 990
344 894
138 530
293 678
278 540
40 821
354 917
743 918
17 109
153 661
297 682
414 541
438 875
711 886
580 749
453 950
165 776
158 325
331 811
571 689
163 966
12 663
46 407
217 781
376 922
451 688
376 919
575 832
225 596
136 325
86 710
45 261
381 598
176 697
495 912
384 650
39 494
426 855
396 868
117 263
337 940
6 862
392 951
107 396
404 508
290 831
654 990
497 695
10 608
346 793
491 512
537 625
701 790
407 466
372 656
64 314
148 410
431 742
565 877
490 911
186 191
354 763
532 580
415 441
138 217
151 695
53 707
10 349
414 963
2 411
389 728
425 798
783 922
397 959
371 597
287 938
453 933
110 217
71 516
387 794
15 233
278 727
17 974
25 821
153 411
69 121
265 400
360 563
182 668
2 386
22 96
82 648
230 666
681 827
293 692
158 379
336 811
372 974
388 688
138 658
551 837
6 870
209 301
659 949
97 865
130 680
256 713
220 789
612 680
387 906
134 250
100 528
441 531
722 862
43 95
120 454
41 207
908 918
311 855
756 807
653 928
587 979
602 712
405 752
724 825
331 752
421 439
331 835
132 791
707 969
501 539
76 476
251 784
214 990
251 364
4 847
145 656
37 940
239 423
26 361
69 961
116 221
5 911
447 488
10 739
191 592
568 580
192 621
645 955
37 153
85 188
108 515
47 185
481 939
881 909
59 289
11 956
535 931
58 333
163 730
513 935
176 204
260 376
750 806
36 702
5 121
200 590
205 974
100 964
82 325
775 898
942 954
351 965
232 394
300 311
119 586
148 171
450 758
123 178
420 430
238 868
73 409
739 959
48 883
122 229
698 943
121 277
52 718
569 897
146 705
514 978
154 200
514 883
235 472
279 642
28 798
217 716
124 361
172 253
311 651
163 704
441 833
248 353
195 370
101 556
455 640
1 118
106 606
275 599
337 933
198 254
407 696
746 992
521 714
451 980
434 699
364 470
551 755
563 986
100 460
49 623
698 809
835 959
549 564
24 509
6 498
15 45
218 578
695 799
53 519
57 690
41 196
624 717
121 134
667 689
72 104
49 588
321 726
756 991
53 159
348 708
535 989
508 580
166 315
535 878
178 642
209 639
821 850
31 819
391 732
338 699
103 202
142 147
248 472
738 894
545 629
58 369
328 756
90 782
491 533
184 323
61 838
79 992
6 993
163 191
254 584
26 750
290 351
654 978
466 736
68 900
26 213
627 631
129 319
393 662
479 592
512 718
767 802
374 900
291 787
6 286
18 628
809 959
500 683
740 779
457 816
299 312
136 955
383 947
168 537
846 875
87 845
224 507
504 750
337 910
46 61
67 501
324 701
584 732
299 426
87 831
308 1000
406 582
257 344
414 531
227 491
149 690
29 952
222 293
183 736
447 814
473 944
459 977
438 775
669 772
224 387
429 917
885 969
236 826
102 275
327 853
237 409
318 833
339 933
409 631
544 857
86 249
97 732
370 983
438 844
545 665
77 162
302 782
733 868
15 622
11 184
172 433
142 845
678 763
204 655
130 906
278 604
265 696
38 692
530 989
184 835
53 343
111 677
678 880
6 899
56 918
840 929
399 595
517 887
340 977
253 488
223 378
387 868
35 748
581 899
221 802
227 456
316 711
351 701
473 934
44 567
22 919
302 700
765 964
396 776
620 660
132 762
388 436
639 816
396 780
654 933
450 838
787 957
458 877
93 672
585 692
499 663
742 956
254 506
506 607
299 749
690 986
164 333
260 368
669 764
182 313
218 243
90 929
763 810
39 220
522 699
457 719
693 915
286 459
392 692
657 762
10 909
217 234
634 873
368 984
86 801
140 178
690 789
920 989
489 949
209 981
334 489
98 832
80 352
508 890
700 705
248 278
169 911
488 492
4 621
509 880
730 827
225 241
602 882
234 974
143 496
109 946
354 498
512 675
216 455
294 493
282 683
475 515
97 384
63 438
109 653
30 562
336 983
394 622
722 866
430 792
681 787
671 902
429 708
661 926
199 788
224 509
6 976
587 731
168 400
537 845
152 666
125 551
75 938
539 659
67 635
406 855
590 854
434 528
235 241
266 302
431 674
235 280
90 936
36 636
313 480
659 737
100 509
90 716
315 605
800 815
205 663
562 912
333 369
333 840
275 944
307 650
469 933
333 727
124 985
744 860
496 768
313 338
5 626
502 798
238 848
660 847
402 665
28 882
157 817
204 849
244 573
339 862
654 960
514 560
9 357
358 720
681 854
543 707
360 552
575 820
207 607
12 689
431 936
232 443
105 275
245 809
327 348
275 483
589 976
663 947
182 359
4 305
785 883
96 773
277 635
46 931
400 501
306 507
939 987
82 514
505 696
553 907
655 797
368 501
317 970
501 860
740 950
245 415
47 404
464 609
165 804
108 191
157 457
45 707
420 800
600 906
295 468
628 994
63 588
450 510
637 764
340 775
402 599
3 927
136 939
319 838
382 641
148 301
73 377
700 935
132 339
812 868
231 691
278 596
180 908
281 536
357 564
162 969
571 916
606 919
145 725
176 873
626 706
335 983
782 836
157 719
43 789
356 987
361 565
270 860
566 682
549 874
25 919
57 398
498 932
115 779
185 358
131 856
645 784
10 315
275 293
103 511
775 778
976 979
107 369
148 705
165 512
838 839
206 515
512 676
252 962
57 366
463 482
291 316
702 943
467 779
66 709
775 957
90 455
43 704
349 724
79 493
157 696
361 494
7 19
787 918
381 865
33 767
459 744
377 731
567 595
511 607
362 899
119 464
466 801
240 517
648 764
634 919
133 991
397 921
672 915
293 956
36 877
71 847
289 291
620 813
758 834
149 886
486 878
348 494
224 603
135 712
8 148
205 328
276 855
215 394
48 61
109 526
11 695
713 958
70 456
189 710
191 948
508 635
848 966
412 900
30 617
153 356
90 866
463 685
127 615
793 902
374 858
305 825
230 487
525 887
266 548
11 784
159 964
856 864
809 932
923 947
87 262
321 551
31 728
173 621
192 951
172 604
98 862
123 168
619 788
421 712
486 686
98 990
619 845
160 979
57 601
81 250
646 928
223 242
406 465
299 831
210 424
858 875
414 611
471 987
126 165
21 889
615 791
538 994
48 857
240 716
201 888
9 455
497 797
163 507
615 841
179 349
295 319
215 596
86 345
253 330
192 953
27 249
219 463
236 996
673 796
518 964
102 164
86 967
520 986
425 902
602 780
145 785
267 272
1 757
851 885
715 979
787 979
477 498
615 814
278 827
674 956
635 903
719 751
257 361
272 808
323 897
39 707
226 479
494 632
99 950
176 817
260 969
137 170
528 867
65 807
222 490
19 783
119 405
264 368
23 327
47 184
661 742
110 836
155 906
739 841
24 326
169 559
554 922
162 366
29 108
278 623
430 631
556 740
265 837
337 703
525 772
215 384
421 778
265 801
490 884
121 698
663 992
722 937
394 926
781 995
315 774
224 777
738 937
35 600
42 709
617 892
245 699
412 433
419 785
922 954
207 398
459 994
921 923
90 235
232 714
13 817
338 818
513 721
229 441
488 850
375 716
469 690
533 890
58 95
254 410
403 613
680 840
848 956
144 349
229 922
282 630
85 459
63 776
169 691
497 866
94 887
475 560
190 335
176 200
336 391
76 571
230 688
107 134
167 346
334 814
737 833
730 943
432 449
55 997
101 680
601 730
321 849
479 682
206 859
174 766
787 821
69 892
682 998
77 985
280 752
596 799
224 581
257 795
481 743
501 569
400 584
163 270
347 633
205 474
4 394
835 852
474 694
498 679
331 513
679 925
29 611
799 956
278 570
168 632
433 984
822 912
498 938
83 115
603 722
378 618
509 938
74 297
427 513
120 875
781 865
294 462
126 428
511 860
210 264
520 659
116 994
391 646
101 826
103 648
153 325
418 740
648 700
259 678
66 241
364 928
718 748
174 742
535 574
390 498
148 521
138 811
323 338
882 956
501 826
387 827
438 612
44 622
45 767
726 920
509 628
786 933
131 883
506 547
304 327
66 288
431 774
198 468
16 578
333 615
119 258
232 724
130 479
23 855
366 736
223 796
335 588
246 262
78 928
155 336
792 835
416 446
99 814
339 584
172 565
656 975
234 707
107 941
155 400
42 278
178 732
353 734
97 476
133 227
257 828
258 652
179 432
28 392
202 776
419 421
109 622
551 777
296 886
683 838
559 956
788 910
588 853
747 799
155 559
90 875
53 514
759 991
377 419
440 451
572 741
60 105
191 507
348 994
324 363
479 850
437 604
279 658
149 288
385 629
439 526
36 163
770 890
125 817
170 649
94 980
279 290
173 595
174 969
636 915
212 267
477 871
406 769
90 489
475 648
199 505
552 628
306 948
831 908
684 857
412 611
87 138
36 643
55 514
269 632
296 474
869 977
937 966
152 798
315 781
708 760
220 577
214 464
650 847
378 546
439 836
94 293
161 402
348 520
312 771
186 769
634 686
198 642
269 581
825 975
94 745
670 694
668 890
246 607
125 628
265 365
6 805
192 219
98 651
473 813
235 796
7 774
696 980
12 449
267 506
42 824
189 834
282 369
329 808
316 444
709 965
492 547
421 815
515 846
635 855
366 528
82 438
540 610
189 341
24 53
221 614
188 542
488 643
157 581
461 947
262 404
347 586
176 410
504 729
520 672
1 68
856 929
257 915
638 936
348 396
116 605
673 896
82 812
402 750
37 338
197 326
47 707
435 630
645 770
662 799
250 532
205 879
406 809
489 511
71 551
188 755
171 417
450 731
653 965
708 769
204 594
162 801
668 809
544 963
773 780
725 866
667 991
266 772
366 596
27 984
306 338
465 858
444 807
313 484
121 918
536 886
173 197
820 897
449 737
256 494
729 989
869 891
428 447
110 685
126 589
579 861
245 333
92 298
216 311
67 966
281 977
251 690
441 619
175 597
782 942
2 542
440 777
226 276
882 935
32 689
229 750
284 634
460 659
251 642
143 940
151 428
125 629
11 89
203 676
345 691
314 679
185 188
270 911
122 199
218 241
257 360
1 600
383 853
345 422
236 932
280 419
284 702
196 784
636 753
61 997
154 866
239 551
615 913
58 328
10 288
274 863
217 768
130 228
127 432
68 617
83 493
10 213
120 857
209 556
165 883
445 732
6 863
285 806
244 464
522 937
762 847
173 962
43 905
517 945
16 861
363 568
304 613
263 887
405 1000
33 390
480 778
203 897
80 928
182 504
385 832
467 743
27 269
107 662
968 983
298 388
298 905
95 966
584 882
572 970
406 483
914 981
246 480
504 949
198 645
445 957
5 546
768 872
331 532
213 415
91 906
775 880
15 464
156 495
58 226
480 905
141 858
63 197
587 932
242 332
1 937
107 557
817 834
232 236
341 684
592 643
142 979
387 674
62 938
488 612
873 993
60 483
149 496
175 197
20 662
657 852
57 486
40 907
622 911
388 487
661 734
467 799
254 385
507 750
393 858
200 482
581 852
200 208
275 957
964 983
470 609
544 673
113 617
474 862
491 902
494 631
306 503
725 731
415 718
171 687
411 662
198 465
614 726
386 977
706 860
577 713
108 818
232 976
691 984
352 681
589 935
383 860
811 892
338 459
502 803
531 887
171 686
180 369
516 699
82 974
239 813
713 751
203 787
75 344
906 967
178 707
352 489
302 472
117 492
162 788
99 751
600 839
528 735
347 864
352 789
467 733
416 831
38 847
317 321
348 932
423 918
397 835
117 846
491 624
141 488
719 782
58 643
774 833
451 533
384 637
131 155
373 650
470 756
742 993
398 890
430 624
242 607
498 650
294 527
274 472
340 407
202 231
61 196
361 716
105 572
404 972
367 677
662 696
255 516
23 938
203 829
110 596
263 438
160 489
104 242
233 598
33 381
490 783
729 817
75 284
204 595
495 943
723 790
806 871
78 755
19 604
162 561
242 521
93 992
112 236
95 954
11 15
256 530
24 51
146 801
109 634
173 245
492 955
117 161
232 989
211 294
458 736
482 592
293 313
480 656
757 971
74 75
13 191
743 957
18 359
722 983
131 976
39 614
77 368
172 895
508 790
102 341
2 740
283 798
99 859
172 700
895 919
257 718
91 621
869 992
26 998
61 365
323 347
90 985
748 765
243 305
444 861
34 93
331 566
259 841
413 542
551 815
408 570
504 917
659 663
41 95
69 361
212 920
254 656
370 797
78 249
428 781
93 365
198 880
279 643
579 585
835 895
140 545
623 991
139 194
328 521
339 786
529 546
29 356
154 738
41 281
2 894
764 894
25 732
43 745
148 449
180 342
120 418
232 278
113 692
23 719
51 521
436 835
173 947
638 829
12 513
404 583
74 437
141 943
446 632
266 989
759 865
820 953
686 882
941 975
123 566
95 914
677 724
532 663
53 784
688 800
311 974
154 508
169 301
50 895
478 514
251 656
663 933
681 988
651 833
6 934
221 465
347 554
500 918
45 360
380 385
661 947
632 994
19 46
211 417
664 812
362 777
771 812
45 93
114 287
189 659
51 744
399 779
82 507
115 266
158 686
474 665
302 357
307 940
361 907
111 769
24 232
58 387
316 588
289 456
625 654
175 485
245 371
65 727
300 909
683 979
32 917
307 839
505 908
107 286
189 728
170 315
409 474
691 703
593 943
10 250
322 858
12 23
64 956
630 953
554 799
384 809
363 726
35 240
246 598
66 997
911 966
766 915
717 842
301 555
163 443
560 761
181 392
1 254
99 771
702 718
305 622
31 615
201 529
117 819
369 921
339 438
576 589
508 798
579 612
595 850
494 642
289 814
74 130
415 731
720 831
199 874
841 860
593 891
49 805
950 966
5 861
406 648
93 334
336 557
483 715
315 571
458 537
57 787
266 498
59 545
94 902
636 916
121 804
37 658
200 771
490 506
254 830
231 840
131 370
451 689
119 581
125 312
288 922
129 629
692 946
438 886
766 797
432 805
149 979
254 851
152 414
183 601
286 774
236 867
82 697
224 726
211 691
141 201
327 683
2 701
26 109
435 502
504 893
48 247
273 428
421 670
42 600
428 478
627 790
30 742
300 838
141 935
96 791
745 797
125 224
111 361
244 610
667 851
432 484
202 820
617 771
25 794
75 499
173 500
91 943
596 834
92 114
747 994
332 675
122 571
443 820
579 957
171 656
618 650
573 696
714 832
527 773
951 989
65 413
743 929
315 460
96 913
502 562
16 647
679 680
708 994
296 591
152 696
96 883
749 873
717 882
617 934
984 990
712 990
116 175
150 637
333 856
714 886
75 320
323 713
219 513
723 733
108 701
339 356
209 314
265 952
338 343
833 840
4 21
181 194
69 678
392 742
365 682
396 754
178 370
126 747
117 774
65 223
451 596
465 583
435 944
3 762
146 289
2 960
210 699
733 866
306 862
722 805
384 432
578 623
412 871
115 884
375 853
71 985
111 304
350 756
15 167
67 91
134 388
446 924
114 762
192 673
769 881
595 823
20 128
540 970
346 583
346 890
339 714
26 568
573 679
606 974
16 377
882 895
23 777
66 576
108 289
131 588
70 766
44 467
351 671
113 426
107 692
376 987
298 544
818 882
218 795
497 536
362 794
918 935
146 720
15 177
597 954
595 990
138 202
447 661
181 966
13 659
67 972
278 700
132 507
499 604
193 229
506 788
180 507
528 983
732 838
183 690
18 985
147 571
87 879
778 844
276 294
99 492
479 634
313 325
635 852
391 962
710 950
12 251
232 983
572 856
15 842
548 607
126 472
608 672
688 907
345 490
71 756
135 995
890 923
460 510
409 980
814 896
966 967
71 446
384 632
267 808
359 856
328 572
52 427
179 285
250 493
140 229
134 198
299 991
805 810
70 511
241 826
269 748
158 913
223 727
215 452
232 303
13 633
283 827
279 826
245 991
179 905
248 596
445 493
214 621
315 965
784 947
151 553
483 634
317 320
432 603
793 961
202 729
123 213
287 304
120 571
22 390
246 630
23 812
570 683
574 983
195 631
194 734
630 808
166 394
120 943
9 477
740 743
543 811
513 945
22 193
676 807
22 274
941 973
133 871
543 576
16 312
519 805
258 640
296 862
284 975
436 524
265 580
109 242
74 171
702 908
207 693
467 868
36 200
465 472
271 433
118 295
170 718
329 677
8 110
15 411
151 757
840 929
730 853
34 289
219 747
35 359
161 313
420 980
93 404
225 654
581 978
484 539
662 878
684 971
283 725
183 646
980 997
297 982
794 829
558 691
777 957
333 845
413 781
198 979
515 774
216 815
450 588
428 866
1 778
194 474
251 920
81 445
873 975
504 842
230 760
142 584
672 769
652 988
559 598
436 602
300 813
287 335
160 315
649 947
401 665
806 961
165 209
203 741
266 626
731 744
702 932
239 938
207 493
407 963
216 265
355 510
469 856
533 752
561 699
827 943
191 415
181 411
207 698
635 818
200 632
217 678
163 459
258 415
67 389
897 998
464 506
500 735
228 331
608 629
418 608
97 723
249 437
853 938
5 156
746 765
293 779
25 375
60 766
433 924
100 202
109 565
97 148
554 895
318 722
492 690
248 678
974 984
555 556
233 714
571 649
529 701
772 779
359 487
327 345
722 732
677 798
71 176
781 942
169 725
206 652
702 918
270 618
579 912
295 681
313 335
396 956
318 834
2 533
26 343
705 864
10 208
195 917
322 571
125 907
493 679
119 453
251 405
545 797
98 179
496 968
257 830
193 293
582 690
173 354
930 952
60 311
25 747
414 765
40 367
55 977
5 257
401 509
266 638
786 892
18 493
454 565
382 412
71 769
206 628
484 638
66 634
432 978
342 521
316 733
327 715
803 967
725 915
187 924
307 988
61 379
11 431
59 629
82 897
378 615
60 435
292 484
116 240
300 937
89 445
116 544
403 998
251 325
48 951
450 877
464 500
94 406
207 585
513 821
435 708
254 382
713 822
485 680
237 579
3 400
211 519
148 650
39 385
200 436
266 508
248 700
25 401
178 419
815 969
175 783
179 403
171 654
614 956
84 840
28 741
254 803
274 753
128 529
240 815
526 856
71 92
478 860
39 482
672 792
630 647
560 756
380 553
149 376
303 746
7 463
14 705
290 898
358 404
467 521
971 987
81 367
242 990
52 337
252 886
11 734
759 959
202 518
218 940
590 610
148 655
108 285
259 785
606 687
275 812
292 693
614 644
422 937
450 726
364 613
370 651
818 921
749 981
514 568
369 484
553 857
403 901
121 986
270 591
406 643
81 647
541 789
585 630
271 694
192 384
14 860
516 802
8 69
136 787
414 804
156 191
95 994
363 723
92 239
80 817
25 452
79 512
514 728
629 848
112 314
822 1000
171 757
402 525
314 320
140 576
407 591
565 860
724 793
224 844
91 461
61 230
494 574
331 617
875 936
229 753
952 981
428 707
778 800
597 944
340 763
383 593
131 595
244 900
241 527
11 930
525 983
720 860
246 611
145 337
194 518
657 718
570 852
230 579
671 878
68 624
81 246
96 389
221 585
672 921
111 860
73 223
637 717
140 423
647 911
15 353
478 555
158 262
213 801
89 857
451 712
477 755
390 633
738 843
368 777
341 812
262 818
49 461
700 802
242 700
67 434
50 708
9 120
213 650
800 925
15 553
439 723
805 963
295 653
110 347
81 304
139 877
331 603
40 390
168 596
68 839
91 585
520 783
517 719
307 424
602 945
119 847
481 703
702 889
434 664
61 701
233 387
152 769
689 828
167 186
132 372
666 731
262 395
40 225
59 169
75 354
504 876
9 628
171 578
324 421
373 875
48 330
270 651
42 730
542 984
680 773
372 652
895 965
390 850
212 417
234 978
433 503
51 522
659 864
44 372
92 262
56 941
336 642
104 211
172 985
27 237
405 889
328 526
266 309
641 709
92 410
403 920
50 954
707 803
414 956
127 963
694 757
130 187
27 682
191 402
179 643
222 746
276 360
390 674
67 73
173 447
295 735
208 552
611 713
395 567
349 908
783 784
125 683
67 647
628 846
514 838
133 461
85 313
407 863
516 543
462 700
564 796
108 361
717 750
479 690
149 890
601 842
148 671
183 844
135 154
350 389
555 726
161 174
422 458
40 608
150 868
734 951
144 258
318 724
526 731
523 795
163 765
77 639
560 879
118 155
152 460
296 810
567 913
777 781
362 364
69 803
327 481
55 705
189 491
234 777
266 406
277 348
181 835
74 175
613 864
12 345
324 698
76 843
93 249
54 418
151 876
109 387
657 726
323 694
181 721
16 703
88 946
540 901
171 249
163 217
89 886
30 843
83 912
353 843
425 825
54 57
591 721
5 73
369 958
355 858
457 824
76 156
720 724
73 904
347 909
79 455
319 660
19 586
39 60
230 390
816 963
287 967
191 588
672 920
27 337
336 379
477 883
21 976
546 766
341 573
350 449
65 416
59 595
488 704
570 572
231 941
320 740
385 853
36 725
23 174
483 630
129 857
29 637
645 910
201 667
205 254
449 576
232 914
324 996
621 934
435 593
325 810
406 941
527 823
574 783
626 844
99 207
256 426
311 855
885 990
253 329
59 745
201 605
697 976
944 964
425 849
157 868
874 986
405 724
199 568
277 832
31 408
95 607
26 810
4 130
563 600
569 989
68 995
290 859
566 871
97 932
388 591
198 575
525 527
209 434
364 635
431 589
383 933
20 234
754 839
260 570
305 685
402 941
810 850
31 86
660 877
274 981
434 475
83 436
603 781
64 288
42 303
225 788
224 936
195 373
501 721
148 430
262 330
439 509
92 774
763 820
329 865
19 251
127 493
394 963
26 95
37 856
100 663
249 944
695 814
33 101
283 409
190 316
67 497
491 694
272 344
127 771
162 923
681 929
745 943
438 972
83 729
290 664
233 621
595 957
559 749
665 757
675 764
221 358
43 820
242 634
189 231
29 457
27 737
122 236
149 731
829 868
830 871
634 844
678 752
63 501
113 486
45 100
253 758
333 346
597 881
70 666
212 434
712 850
235 847
188 538
690 765
192 276
130 616
259 348
319 794
480 815
383 642
560 655
35 569
39 411
114 528
634 802
320 762
8 509
164 334
332 433
684 869
321 463
232 412
1 638
422 638
742 785
9 545
171 260
512 609
87 963
543 800
353 927
245 645
103 977
656 993
136 193
167 641
593 794
314 327
277 829
300 863
309 757
11 785
675 719
84 748
194 251
190 910
473 611
180 769
173 940
654 975
389 703
69 994
134 300
217 276
324 457
15 990
737 930
563 691
875 995
617 799
174 347
149 846
2 6
307 890
732 946
633 853
246 323
2 97
644 942
94 202
430 960
604 802
97 879
1 594
262 744
100 818
587 641
157 439
161 892
232 866
345 399
591 904
744 894
298 670
111 339
185 866
199 709
532 934
229 480
707 990
78 447
149 877
190 360
305 469
190 742
535 762
52 455
11 243
279 388
230 562
709 759
195 519
309 714
478 783
112 697
345 408
400 604
118 271
373 909
703 790
296 867
315 904
302 374
140 786
511 611
55 940
114 773
800 846
130 503
457 749
255 300
378 386
68 670
622 890
389 912
146 725
685 830
241 915
627 995
463 712
93 662
338 889
550 771
292 598
618 649
195 650
472 858
835 946
100 633
546 768
322 907
707 711
457 763
246 596
919 948
414 454
607 611
252 876
157 987
14 61
89 792
61 850
170 198
280 312
90 225
144 980
66 129
289 787
939 972
232 738
680 800
569 597
649 667
305 591
52 625
149 330
68 478
137 866
72 401
657 723
259 789
348 660
377 701
475 769
262 590
471 905
218 670
272 754
378 709
473 742
33 242
405 970
528 616
50 946
320 579
123 852
303 506
623 950
113 465
153 419
288 494
265 970
35 915
20 415
662 719
715 829
380 951
449 823
548 562
164 802
478 510
279 617
308 666
134 352
419 854
336 544
19 645
98 260
235 643
291 681
268 303
2 601
456 889
247 367
263 497
272 990
326 567
310 753
170 887
193 603
803 859
355 576
709 726
2 310
612 942
372 979
286 989
597 991
353 868
143 997
127 919
601 699
20 500
414 846
66 707
610 628
384 538
624 682
191 270
333 797
175 928
324 350
13 337
16 937
163 986
199 220
360 968
372 755
627 675
217 918
141 929
464 751
837 850
153 652
46 164
395 520
131 165
228 946
227 440
278 941
608 830
418 525
163 441
167 356
692 992
416 746
8 89
525 585
189 398
132 598
519 800
395 552
247 506
233 778
66 925
733 966
252 316
191 448
500 891
166 542
507 916
870 961
11 792
522 573
519 879
427 458
388 856
715 999
388 934
21 862
111 747
612 984
17 267
307 803
213 737
116 451
332 933
639 744
681 791
543 783
232 765
283 984
111 479
640 867
