30 30 1
29 3 31 77 134 149 112 199 36 93 90 59 102 69 156 18 117 90 75 126 190 125 101 2 173 127 88 133 3 100
3 31 77 134 149 112 199 36 93 90 59 102 69 156 18 117 90 75 126 190 125 101 2 173 127 88 133 3 100 121
31 77 134 149 112 199 36 93 90 59 102 69 156 18 117 90 75 126 190 125 101 2 173 127 88 133 3 100 121 189
77 134 149 112 199 36 93 90 59 102 69 156 18 117 90 75 126 190 125 101 2 173 127 88 133 3 100 121 189 161
134 149 112 199 36 93 90 59 102 69 156 18 117 90 75 126 190 125 101 2 173 127 88 133 3 100 121 189 161 51
149 112 199 36 93 90 59 102 69 156 18 117 90 75 126 190 125 101 2 173 127 88 133 3 100 121 189 161 51 57
112 199 36 93 90 59 53 69 156 18 117 90 75 126 190 125 101 2 173 127 88 133 3 100 121 189 161 51 57 171
199 36 93 90 59 102 69 156 18 117 90 75 126 190 125 101 2 173 127 88 133 3 100 121 189 161 51 57 171 141
36 93 90 59 102 69 156 18 117 90 75 126 190 125 101 2 173 127 88 133 3 100 121 189 161 51 57 171 141 35
93 90 59 102 69 156 18 117 90 75 126 190 125 101 2 173 127 88 133 3 100 121 189 161 51 57 171 141 35 93
90 59 102 69 156 18 117 90 75 126 190 125 101 2 173 127 88 133 3 100 121 189 161 51 57 171 141 35 93 52
59 102 69 156 18 117 90 75 126 190 125 101 2 173 127 88 133 3 100 121 189 161 51 57 171 141 35 93 52 71
102 69 156 18 117 90 75 126 190 125 101 2 173 127 88 133 3 100 121 189 161 51 57 171 141 35 93 52 71 41
69 156 18 117 90 75 126 190 125 101 2 173 127 88 133 3 100 121 189 161 51 57 171 141 35 93 52 71 41 12
156 18 117 90 75 126 190 125 101 2 173 127 88 133 3 100 121 189 161 51 57 171 141 35 93 52 71 41 12 177
18 117 90 75 126 190 125 101 2 173 127 88 133 3 100 121 189 161 51 57 171 141 35 93 52 71 41 12 177 71
117 90 75 126 190 125 101 2 173 127 88 133 3 100 121 189 161 51 57 171 141 35 93 52 71 41 12 177 71 159
90 75 126 190 125 101 2 173 127 88 133 3 100 121 189 161 51 57 171 141 35 93 52 71 41 12 177 71 159 162
75 126 190 125 101 2 173 127 88 133 3 100 121 189 161 51 57 171 141 35 93 52 71 41 12 177 71 159 162 90
126 190 125 101 2 173 127 88 133 3 100 121 189 161 51 57 171 141 35 93 52 71 41 12 177 71 159 162 90 159
190 125 101 2 173 127 88 133 3 100 121 189 161 51 57 171 141 35 93 52 71 41 12 177 71 159 162 90 159 75
125 101 2 173 127 88 133 3 100 121 189 161 51 57 171 141 35 93 52 71 41 12 177 71 159 162 90 159 75 169
101 2 173 127 88 133 3 100 121 189 161 51 57 171 141 35 93 52 71 41 12 177 71 159 162 90 159 75 169 2
2 173 127 88 133 3 100 121 189 161 51 57 171 141 35 93 52 71 41 12 177 71 159 162 90 159 75 169 2 160
173 127 88 133 3 100 121 189 161 51 57 171 141 35 93 52 71 41 12 177 71 159 162 90 159 75 169 2 160 141
127 88 133 3 100 121 189 161 51 57 171 141 35 93 52 71 41 12 177 71 159 162 90 159 75 169 2 160 141 154
88 133 3 100 121 189 161 51 57 171 141 35 93 52 71 41 12 177 71 159 162 90 159 75 169 2 160 141 154 193
133 3 100 121 189 161 51 57 171 141 35 93 52 71 41 12 177 71 159 162 90 159 75 169 2 160 141 154 193 167
3 100 121 189 161 51 57 171 141 35 93 52 71 41 12 177 71 159 162 90 159 75 169 2 160 141 154 193 167 156
100 121 189 161 51 57 171 141 35 93 52 71 41 12 177 71 159 162 90 159 75 169 2 160 141 154 193 167 156 164
