30 30 30067266499541040
18 172 118 5 188 169 63 44 92 98 83 146 200 157 98 80 95 100 195 5 197 69 8 52 131 78 178 60 107 32
103 189 145 86 165 128 185 186 19 115 154 25 78 158 12 155 141 81 19 108 161 85 41 45 23 153 133 149 175 130
141 91 85 93 134 59 54 53 164 170 3 172 127 3 131 144 187 66 104 184 143 48 173 67 57 150 131 14 151 142
39 135 169 61 115 143 112 181 71 161 19 104 139 26 74 179 105 98 197 81 55 110 26 42 28 67 75 147 184 113
69 153 9 153 141 151 147 28 160 130 103 96 115 12 110 167 89 44 110 2 123 129 2 34 197 12 86 187 120 29
37 104 148 73 80 8 78 63 126 70 5 99 51 142 178 200 148 104 135 189 86 106 56 119 164 27 139 114 122 52
1 55 41 87 48 131 4 124 79 61 154 5 74 49 102 91 82 182 38 122 171 176 190 119 158 89 77 66 167 194
171 96 43 72 54 182 67 163 145 118 50 113 88 99 6 19 90 138 31 75 28 3 52 145 149 25 86 160 134 52
183 117 124 114 110 35 106 88 123 164 179 195 152 3 138 29 49 124 87 0 84 152 198 117 2 135 164 125 108 120
185 20 128 47 54 93 18 67 127 157 164 135 6 62 52 191 128 129 181 170 81 181 24 39 130 79 32 12 181 29
177 118 14 103 151 87 68 144 0 53 105 83 159 188 45 113 103 136 5 149 40 89 52 86 21 94 169 173 115 73
159 177 43 8 56 50 144 180 52 187 143 41 148 43 18 151 149 72 5 41 156 45 18 61 9 167 107 91 96 25
154 74 46 64 186 15 164 165 81 147 192 87 53 141 50 68 58 188 124 100 39 22 177 95 121 72 190 6 179 70
99 196 63 52 180 145 193 30 173 34 147 59 77 2 117 97 188 194 134 56 59 134 106 169 194 188 56 5 154 169
169 16 106 62 4 149 190 74 136 11 160 149 155 111 141 93 101 83 10 126 196 184 126 84 150 77 50 72 13 40
36 167 74 46 5 111 76 157 14 5 127 101 62 80 136 14 119 164 53 81 79 74 141 135 121 89 37 74 120 113
88 72 174 151 172 152 175 151 141 158 89 109 146 164 29 53 104 183 153 80 183 106 143 33 61 7 144 18 155 0
86 154 119 152 1 83 53 122 172 30 144 169 171 124 180 70 107 172 168 142 18 84 75 72 152 40 14 35 153 90
193 74 70 12 175 62 97 26 24 161 17 96 80 37 125 32 173 164 90 111 95 101 180 90 24 149 193 110 156 23
51 13 110 53 22 195 178 16 191 108 90 185 133 15 2 38 129 124 106 2 77 186 135 21 83 12 77 38 117 122
177 189 21 96 148 107 24 89 70 107 167 54 135 139 66 142 154 104 1 172 177 132 89 99 198 169 122 117 44 15
179 161 113 169 19 9 79 154 190 197 33 158 34 79 128 144 109 58 7 132 31 104 185 133 8 83 99 30 169 84
149 95 41 136 39 57 161 129 58 47 55 153 169 145 48 23 55 119 137 17 113 194 37 68 30 4 94 101 126 24
102 130 60 146 1 172 137 178 167 62 139 71 162 195 2 87 24 81 177 185 119 37 31 95 71 97 70 149 172 87
8 173 128 134 6 187 12 52 120 163 174 23 160 161 165 170 44 81 34 140 139 194 115 37 45 124 0 9 15 68
191 28 78 107 113 121 153 198 51 194 193 177 148 114 142 178 155 71 9 40 21 105 135 106 23 182 142 1 22 171
35 122 96 188 98 149 55 73 77 127 112 74 63 185 69 3 105 111 162 101 133 38 33 86 42 59 21 134 156 151
160 155 127 79 79 38 163 59 128 107 64 123 72 159 24 144 45 35 139 149 33 23 46 184 40 138 44 22 157 168
82 136 70 143 185 97 56 121 8 86 143 114 85 158 87 40 85 176 91 61 167 29 104 127 62 105 18 58 114 126
13 143 105 54 16 23 120 102 82 56 2 65 102 99 85 146 42 3 110 96 24 24 49 171 185 52 2 81 15 9
