30 30 1
2 114 200 42 98 52 74 116 39 166 162 39 141 109 0 70 155 166 22 153 190 8 66 42 90 120 1 169 165 125
114 200 42 98 52 74 116 39 166 131 39 141 109 0 70 155 166 22 153 190 8 66 42 90 120 1 169 165 125 61
200 42 98 52 74 116 39 166 162 39 141 109 0 70 155 166 22 153 190 8 66 42 90 120 1 169 165 125 61 185
42 98 52 74 116 39 166 162 39 141 109 0 70 155 166 22 153 190 8 66 42 90 120 1 169 165 125 61 185 111
98 52 74 116 39 166 162 39 141 109 0 70 155 166 22 153 190 8 66 42 90 120 1 169 165 125 61 185 111 94
52 74 116 39 166 162 39 141 109 0 70 155 166 22 153 190 8 66 42 90 120 1 169 165 125 61 185 111 94 186
74 116 39 166 162 39 141 109 0 70 155 166 22 153 190 8 66 42 90 120 1 169 165 125 61 185 111 94 186 149
116 39 166 162 39 141 109 0 70 155 166 22 153 190 8 66 42 90 120 1 169 165 125 61 185 111 94 186 149 31
39 166 162 39 141 109 0 70 155 166 22 153 190 8 66 42 90 120 1 169 165 125 61 185 111 94 186 149 31 67
166 162 39 141 109 0 70 155 166 22 153 190 8 66 42 90 120 1 169 165 125 61 185 111 94 186 149 31 67 174
162 39 141 109 0 70 155 166 22 153 190 8 66 42 90 120 1 169 165 125 61 185 111 94 186 149 31 67 174 15
39 141 109 0 70 155 166 22 153 190 8 66 42 90 120 1 169 165 125 61 185 111 94 186 149 31 67 174 15 100
141 109 0 70 155 166 22 153 190 8 66 42 90 120 1 169 165 125 61 185 111 94 186 149 31 67 174 15 100 151
109 0 70 155 166 22 153 190 8 66 42 90 120 1 169 165 125 61 185 111 94 186 149 31 67 174 15 100 151 185
0 70 155 166 22 153 190 8 66 42 90 120 1 169 165 125 61 185 111 94 186 149 31 67 174 15 100 151 185 63
70 155 166 22 153 190 8 66 42 90 120 1 169 165 125 61 185 111 94 186 149 31 67 174 15 100 151 185 63 165
155 166 22 153 190 8 66 42 90 120 1 169 165 125 61 185 111 94 186 149 31 67 174 15 100 151 185 63 165 89
166 22 153 190 8 66 42 90 120 1 169 165 125 61 185 111 94 186 149 31 67 174 15 100 151 185 63 165 89 89
22 153 190 8 66 42 90 120 1 169 165 125 61 185 111 94 186 149 31 67 174 15 100 151 185 63 165 89 89 53
153 190 8 66 42 90 120 1 169 165 125 61 185 111 94 186 149 31 67 174 15 100 151 185 63 165 89 89 53 17
190 8 66 42 90 120 1 169 165 125 61 185 111 94 186 149 31 67 174 15 100 151 185 63 165 89 89 53 17 62
8 66 42 90 120 1 169 165 125 61 185 111 94 186 149 31 67 174 15 100 151 185 63 165 89 89 53 17 62 6
66 42 90 120 1 169 165 125 61 185 111 94 186 149 31 67 174 15 100 151 185 63 165 89 89 53 17 62 6 157
42 90 120 1 169 165 125 61 185 111 94 186 149 31 67 174 15 100 151 185 63 165 89 89 53 17 62 6 157 175
90 120 1 169 165 125 61 185 111 94 186 149 31 67 174 15 100 151 185 63 165 89 89 53 17 62 6 157 175 8
120 1 169 165 125 61 185 111 94 186 149 31 67 174 15 100 151 185 63 165 89 89 53 17 62 6 157 175 8 95
1 169 165 125 5 185 111 94 186 149 31 67 174 15 100 151 185 63 165 89 89 53 17 62 6 157 175 8 95 9
169 165 125 61 185 111 94 186 149 31 67 174 15 100 151 185 63 165 89 89 53 17 62 6 157 175 8 95 9 133
165 125 61 185 111 94 186 149 31 67 174 15 100 151 185 63 165 89 89 53 17 62 6 157 175 8 95 9 133 126
125 61 185 111 94 186 149 31 67 174 15 100 151 185 63 165 89 89 53 17 62 6 157 175 8 95 9 133 126 177
