30 30 28226440739854403
77 79 122 183 73 141 90 182 157 98 78 34 87 82 57 119 165 108 60 180 146 119 186 51 154 191 174 34 28 95
80 178 5 142 105 107 200 138 108 87 173 79 198 126 66 148 86 188 109 168 146 193 102 23 37 198 100 40 144 16
151 132 84 135 122 195 199 154 68 78 22 120 28 122 162 153 128 116 73 77 10 136 19 48 116 70 114 14 112 164
137 14 171 60 108 186 94 112 178 43 158 199 102 177 15 13 58 46 172 129 124 39 10 107 150 33 94 135 2 106
131 194 37 26 17 106 52 62 46 123 146 40 170 186 107 88 68 86 151 158 153 182 56 99 7 155 171 28 17 50
88 139 86 186 76 23 74 27 162 196 11 18 169 8 175 106 152 45 127 59 142 124 134 70 140 200 113 45 66 173
195 175 118 87 56 200 126 56 146 18 183 114 163 1 124 95 177 168 132 84 28 41 60 51 29 183 21 133 120 32
38 93 186 123 117 101 51 157 112 1 142 56 94 115 181 108 114 20 113 35 42 151 17 107 154 128 105 164 85 117
157 63 80 105 118 26 22 54 198 131 33 8 33 0 88 178 51 193 126 182 2 43 106 151 163 91 190 14 148 159
37 162 134 145 136 200 98 199 153 36 155 159 141 132 51 146 186 199 9 168 195 78 106 188 131 175 167 141 32 188
180 92 1 143 186 0 82 114 200 145 46 76 133 174 170 97 4 56 4 110 6 182 1 137 42 190 161 89 44 132
71 126 9 48 61 149 16 13 57 115 115 35 52 37 125 196 131 77 116 104 89 133 52 100 29 145 92 5 123 136
23 65 43 176 35 28 46 6 23 12 84 104 64 43 122 151 181 11 120 47 36 166 22 9 131 158 164 22 64 169
102 157 158 43 3 80 140 92 102 79 146 42 175 45 99 138 172 30 2 56 126 12 198 43 59 7 145 140 45 81
195 75 89 97 136 52 101 72 16 118 160 45 48 92 56 115 6 27 111 61 108 110 36 80 145 143 9 46 157 94
199 165 32 28 63 179 58 89 109 96 20 127 100 108 180 165 89 37 135 26 166 52 134 200 62 19 65 106 133 155
33 167 8 192 5 200 73 111 152 48 146 104 89 147 57 95 10 54 2 165 2 166 114 110 181 120 171 103 35 157
68 178 47 0 79 195 72 69 95 80 197 73 158 169 184 148 1 35 104 82 173 0 143 161 60 47 138 16 112 132
142 44 95 110 192 32 199 158 197 197 102 21 166 169 189 98 176 10 107 104 200 96 58 179 193 68 61 152 115 26
13 78 176 108 121 36 79 39 12 49 146 149 86 189 156 25 156 110 171 29 89 10 16 7 121 86 139 85 84 133
171 78 180 46 186 19 173 114 171 43 146 75 79 3 40 50 62 130 23 24 132 132 13 172 74 174 33 31 53 93
166 179 120 146 42 174 58 77 18 100 10 179 96 86 110 134 119 85 150 142 39 123 104 88 107 110 39 120 105 176
147 136 20 143 148 194 99 13 58 37 45 63 81 190 80 45 56 113 133 23 76 54 26 55 118 142 35 21 23 152
185 61 81 147 123 73 16 85 63 25 142 21 71 108 152 128 114 18 50 28 195 6 66 32 87 44 31 186 39 13
157 138 174 81 120 28 191 197 157 101 89 59 69 11 0 63 187 123 173 49 168 114 46 55 176 8 49 83 192 71
155 49 111 106 81 78 51 190 82 124 102 71 67 43 4 133 29 184 30 126 184 166 86 137 134 190 108 81 40 155
35 102 171 9 55 2 151 85 119 132 46 173 123 6 76 189 82 177 149 175 68 129 171 93 176 161 99 41 118 58
194 34 72 200 81 38 54 140 38 92 42 6 99 16 51 186 83 149 186 109 159 42 179 1 119 155 85 62 169 43
60 34 136 162 36 124 118 128 79 186 75 179 92 136 187 193 15 46 62 3 37 185 123 53 70 195 73 45 92 55
46 182 189 163 185 19 12 115 101 31 35 14 200 123 146 15 190 94 172 123 129 188 191 185 86 122 80 101 30 130
