27 16 63432274896
200 5 3 187 91 21 41 57 125 98 164 132 94 12 31 88
111 93 28 133 120 16 152 32 69 118 50 25 23 134 160 141
127 83 33 197 22 61 30 194 181 11 0 171 130 8 166 53
174 89 135 67 136 52 142 140 149 2 90 196 154 193 42 183
4 193 121 52 129 192 149 196 56 89 42 90 54 195 122 36
158 4 36 129 78 153 51 54 56 192 114 122 121 15 195 64
47 58 14 10 92 179 44 124 178 72 9 77 145 43 74 35
49 100 30 53 61 108 115 29 34 76 0 83 75 11 48 130
112 125 94 177 31 26 107 123 156 21 200 187 126 167 41 106
66 191 180 136 55 2 97 13 140 18 174 154 67 142 176 144
167 112 126 184 107 123 87 177 156 26 155 81 59 128 106 117
78 114 100 48 64 153 34 51 15 76 158 115 29 75 49 108
27 5 91 137 164 169 88 170 62 12 98 199 57 80 132 3
198 96 63 109 60 102 151 85 79 110 95 182 45 113 190 25
188 191 55 144 66 168 176 97 37 13 180 101 139 162 18 148
148 58 37 139 72 124 14 162 10 9 43 101 35 168 188 145
184 93 59 155 128 117 50 87 81 23 160 28 120 134 141 32
1 178 6 44 92 161 179 147 74 77 116 17 19 38 159 47
157 24 173 20 40 99 186 70 46 84 65 68 86 143 175 189
85 118 16 111 152 96 133 69 102 150 110 198 182 25 95 45
146 7 20 119 84 82 190 163 165 173 185 143 175 172 65 24
171 197 103 166 33 127 105 22 138 131 39 71 104 8 181 194
1 116 19 17 159 27 169 147 38 137 161 6 80 170 62 199
119 7 165 60 113 172 151 63 146 79 185 73 109 190 82 163
135 13 174 183 140 191 154 180 176 66 67 2 18 142 55 136
138 86 131 70 157 71 189 105 68 99 103 40 39 46 104 186
188 139 101 14 145 168 162 124 144 72 9 37 58 97 148 43
