30 25 232245789688666
15 63 192 36 41 10 42 138 46 31 70 33 113 46 103 56 12 42 48 122 52 102 133 130 191
63 192 36 41 10 42 138 46 31 70 33 113 46 103 56 12 42 48 122 52 102 133 130 191 129
192 36 41 10 42 138 46 31 70 33 113 46 103 56 12 42 48 122 52 102 133 130 191 129 150
36 41 10 42 138 46 31 70 33 113 46 103 56 12 42 48 122 52 102 133 130 191 129 150 171
41 10 42 138 46 31 70 33 113 46 103 56 12 42 48 122 52 102 133 130 191 129 150 171 136
10 42 138 46 31 70 33 113 46 103 56 12 42 48 122 52 102 133 130 191 129 150 171 136 7
42 138 46 31 70 33 113 46 103 56 12 42 48 122 52 102 133 130 191 129 150 171 136 7 28
138 46 31 70 33 113 46 103 56 12 42 48 122 52 102 133 130 191 129 150 171 136 7 28 112
46 31 70 33 113 46 103 56 12 42 48 122 52 102 133 130 191 129 150 171 136 7 28 112 179
31 70 33 113 46 103 56 12 42 48 122 52 102 133 130 191 129 150 171 136 7 28 112 179 77
70 33 113 46 103 56 12 42 48 122 52 102 133 130 191 129 150 171 136 7 28 112 179 77 66
33 113 46 103 56 12 42 48 122 52 102 133 130 191 129 150 171 136 7 28 112 179 77 66 158
113 46 103 56 12 42 48 122 52 102 133 130 191 129 150 171 136 7 28 112 179 77 66 158 29
46 103 56 12 42 48 122 52 102 133 130 191 129 150 171 136 7 28 112 179 77 66 158 29 45
103 56 12 42 48 122 52 102 133 130 191 129 150 171 136 7 28 112 179 77 66 158 29 45 5
56 12 42 48 122 52 102 133 130 191 129 150 171 136 7 28 112 179 77 66 158 29 45 5 122
12 181 48 122 52 102 133 130 191 129 150 171 136 7 28 112 179 77 66 158 29 45 5 122 36
42 48 122 52 102 133 130 191 129 150 171 136 7 28 112 179 77 66 158 29 45 5 122 36 54
48 122 52 102 133 130 191 129 150 171 136 7 28 112 179 77 66 158 29 45 5 122 36 54 172
122 52 102 133 130 191 129 150 171 136 7 28 112 179 77 66 158 29 45 5 122 36 54 172 47
52 102 133 130 191 129 150 171 136 7 28 112 179 77 66 158 29 45 5 122 36 54 172 47 51
102 133 130 191 129 150 171 136 7 28 112 179 77 66 158 29 45 5 122 36 54 172 47 51 65
133 130 191 129 150 171 136 7 28 112 179 77 66 158 29 45 5 122 36 54 172 47 51 65 58
130 191 129 150 171 136 7 28 112 179 77 66 158 29 45 5 122 36 54 172 47 51 65 58 12
191 129 150 171 136 7 28 112 179 77 66 158 29 45 5 122 122 54 172 47 51 65 58 12 121
129 150 171 136 7 28 112 179 77 66 158 29 45 5 122 36 54 172 47 51 65 58 12 121 150
150 171 136 7 28 112 179 77 66 158 29 45 5 122 36 54 172 47 51 65 58 12 121 150 143
171 136 7 28 112 179 77 66 158 29 45 5 122 36 54 172 47 51 65 58 12 121 150 143 177
136 7 28 112 179 77 66 158 29 45 5 122 36 54 172 47 51 65 58 12 121 150 143 177 196
7 28 112 179 77 66 158 29 45 5 122 36 54 172 47 51 65 58 12 121 150 143 177 196 3
