30 30 24169929840996409
15 37 160 132 133 145 182 131 92 6 101 184 168 72 97 123 105 163 49 111 66 170 57 81 9 71 117 122 169 68
37 160 132 133 145 182 131 92 6 101 184 168 72 97 123 105 163 49 111 66 170 57 81 9 71 117 122 169 68 154
160 132 133 145 182 131 92 6 101 184 168 72 97 123 105 163 49 111 66 170 57 81 9 71 117 122 169 68 154 40
132 133 145 182 131 92 6 101 184 168 72 97 123 105 163 49 111 66 170 57 81 9 71 117 122 169 68 154 40 49
133 145 182 131 92 6 101 184 168 72 97 123 105 163 49 111 66 170 57 81 9 71 117 122 169 68 154 40 49 60
145 182 131 92 6 101 184 168 72 97 123 105 163 49 111 66 170 57 81 9 71 117 122 169 68 154 40 49 60 117
182 131 92 6 101 184 168 72 97 123 105 163 49 111 66 170 57 81 9 71 117 122 169 68 154 40 49 60 117 73
131 92 6 101 184 168 72 97 123 105 163 49 111 66 170 57 81 9 71 117 122 169 68 154 40 49 60 117 73 98
92 6 101 184 168 72 97 123 105 163 49 111 66 170 57 81 9 71 117 122 169 68 154 40 49 60 117 73 98 86
6 101 184 168 72 97 123 105 163 49 111 66 170 57 81 9 71 117 122 169 68 154 40 49 60 117 73 98 86 164
101 184 168 72 97 123 105 163 49 111 66 170 57 81 9 71 117 122 169 68 154 40 49 60 117 73 98 86 164 65
184 168 72 97 123 105 163 49 111 66 170 57 81 9 71 117 122 169 68 154 40 49 60 117 73 98 187 164 65 71
168 72 97 123 105 163 49 111 66 170 57 81 9 71 117 122 169 68 154 40 49 60 117 73 98 86 164 65 71 34
72 97 123 105 163 49 111 66 170 57 81 9 71 117 122 169 68 154 40 49 60 117 73 98 86 164 65 71 34 7
97 123 105 163 49 111 66 170 57 81 9 71 117 122 169 68 154 40 49 60 117 73 98 86 164 65 71 34 7 125
123 105 163 49 111 66 170 57 81 9 71 117 122 169 68 154 40 49 60 117 73 98 86 164 65 71 34 7 125 178
105 163 49 111 66 170 57 81 9 71 117 122 169 68 154 40 49 60 117 73 98 86 164 65 71 34 7 125 178 120
163 49 111 66 170 57 81 9 71 117 122 169 68 154 40 49 60 117 73 98 86 164 65 71 34 7 125 178 120 134
49 111 66 170 57 81 9 71 117 122 169 68 154 40 49 60 117 73 98 86 164 65 71 34 7 125 178 120 134 36
111 66 170 57 81 9 71 117 122 169 68 154 40 49 60 117 73 98 86 164 65 71 34 7 125 178 120 134 36 36
66 170 57 81 9 71 117 122 169 68 154 40 49 60 117 73 98 86 164 65 71 34 7 125 178 120 134 36 36 71
170 57 81 9 71 117 122 169 68 154 40 49 60 117 73 98 86 164 65 71 34 7 125 178 120 134 36 36 71 41
57 81 9 71 117 122 169 68 154 40 49 60 117 73 98 86 164 65 71 34 7 125 178 120 134 36 36 71 41 141
81 9 71 117 122 169 68 154 40 49 60 117 73 98 86 164 65 71 34 7 125 178 120 134 36 36 71 41 141 80
9 71 117 122 169 68 154 40 49 60 117 73 98 86 164 65 71 34 7 125 178 120 134 36 36 71 41 141 80 165
71 117 122 169 68 154 40 49 60 117 73 98 86 164 65 71 34 7 125 178 120 134 36 36 71 41 141 80 165 95
117 122 169 68 154 40 49 60 117 73 98 86 164 65 71 34 7 125 178 120 134 36 36 71 41 141 80 165 95 78
122 169 68 154 40 49 60 117 73 98 86 164 65 71 34 7 125 178 120 134 36 36 71 41 141 80 165 95 78 66
169 68 154 40 49 60 117 73 98 86 164 65 71 34 7 125 178 120 134 36 36 71 41 141 80 165 95 78 66 102
68 154 40 49 60 117 73 98 86 164 65 71 34 7 125 178 120 134 36 36 71 41 141 80 165 95 78 66 102 103
