30 30 1
64 184 58 162 18 170 9 81 36 51 166 179 49 74 40 60 192 60 23 177 59 35 163 167 127 95 13 52 187 117
55 56 78 103 115 123 116 117 53 164 155 124 67 44 150 59 29 80 84 154 5 181 74 4 3 199 159 98 54 26
157 113 160 92 16 9 104 116 22 187 196 94 147 46 24 134 102 53 199 183 163 95 146 157 176 9 193 147 129 29
94 43 58 173 44 24 44 59 90 74 86 182 180 28 129 124 10 40 11 58 127 89 9 109 184 35 17 119 11 122
146 82 94 40 37 67 70 19 119 149 11 2 160 66 3 185 88 37 130 105 176 29 84 190 84 164 83 62 191 151
119 114 58 44 76 27 70 50 37 126 103 191 107 156 24 181 76 39 119 183 85 17 165 189 197 28 49 72 44 69
58 66 173 148 188 168 87 114 169 109 67 52 178 181 60 113 68 82 172 112 82 20 157 22 191 186 9 43 136 54
45 112 21 97 68 111 85 73 50 81 66 33 57 99 75 85 47 188 102 26 53 123 122 194 52 19 148 144 114 173
174 66 192 114 136 18 3 67 112 50 135 137 109 11 185 97 12 111 81 187 117 185 108 1 103 116 82 80 86 107
118 130 99 55 157 152 56 185 6 178 175 151 173 105 31 97 8 149 80 155 105 2 39 7 88 95 35 174 115 43
92 28 18 187 51 179 147 54 165 168 55 152 97 200 25 32 161 180 29 11 128 135 130 134 49 184 87 45 16 34
82 103 37 191 196 56 110 160 39 64 158 51 115 137 136 155 179 2 139 117 40 106 191 78 172 157 100 71 128 109
147 85 165 90 40 97 99 31 131 161 198 58 37 103 27 54 12 172 18 167 171 191 6 73 161 178 23 172 47 115
119 29 163 141 179 189 177 164 14 15 15 4 92 92 132 183 181 145 11 200 72 126 182 177 155 163 164 108 47 18
137 26 118 163 130 74 72 121 86 58 177 179 66 184 138 192 93 186 78 113 107 120 91 193 11 74 22 126 137 88
155 69 123 186 85 114 143 93 151 10 176 31 78 108 39 199 44 92 131 125 106 171 150 184 14 73 77 32 137 195
148 106 75 178 5 59 28 17 0 176 11 83 141 88 81 197 124 82 75 115 132 148 184 45 100 54 36 148 165 162
45 40 2 62 67 1 145 77 65 181 198 80 101 152 14 11 61 118 61 191 110 197 16 116 190 2 83 168 192 147
188 4 54 152 58 144 127 19 77 107 66 110 130 179 48 89 40 112 60 110 119 104 37 171 18 190 106 183 122 39
52 174 154 63 14 2 143 107 80 18 81 100 95 148 196 170 159 64 39 168 35 11 148 123 64 70 159 110 106 38
117 46 46 168 69 160 52 171 166 96 74 133 174 92 190 50 87 1 167 184 192 140 61 157 126 14 174 177 77 29
113 169 34 153 197 148 98 138 88 40 106 132 108 21 155 172 139 40 178 88 153 182 8 159 46 7 137 98 169 105
97 167 145 119 104 13 79 84 59 132 10 198 32 77 61 197 87 110 122 93 29 83 133 116 27 86 139 77 183 196
44 99 64 156 41 101 12 46 55 190 101 177 52 28 166 177 0 39 119 114 41 187 122 113 171 42 79 53 95 136
195 150 78 118 122 56 62 37 159 131 82 46 170 32 107 26 17 148 64 143 49 186 129 150 166 118 194 184 180 44
96 91 73 194 72 191 193 102 134 90 78 189 136 120 54 49 71 103 138 115 51 111 49 81 33 29 80 174 87 22
192 28 53 29 8 7 100 172 19 179 55 24 114 92 47 79 80 25 187 173 12 173 87 148 128 33 117 52 132 38
9 167 50 93 6 30 132 2 84 55 117 195 94 6 194 183 27 11 108 135 87 70 87 91 17 44 109 68 151 61
132 142 46 175 43 82 170 164 179 2 168 158 11 105 54 167 76 45 18 75 88 140 94 170 82 96 169 170 98 110
150 199 145 181 45 77 117 192 10 153 100 105 23 199 0 139 76 39 193 22 137 52 70 147 143 110 112 79 132 152
