19 28 1630834658084
182 106 141 128 181 146 130 146 147 97 123 56 75 41 86 184 114 11 49 67 15 138 140 120 98 87 47 20
88 28 6 140 95 97 127 68 130 75 42 86 74 137 97 120 192 14 74 31 91 14 200 6 18 155 0 171
41 83 17 194 179 173 100 172 159 73 184 191 191 150 62 71 49 178 119 0 112 114 180 104 89 16 199 173
150 56 174 75 119 95 147 164 174 119 159 113 109 72 184 56 41 96 48 51 129 68 174 88 28 169 117 187
172 166 90 105 68 143 176 67 187 92 130 189 177 71 65 34 116 94 147 131 77 25 102 24 200 61 53 182
42 135 36 44 47 121 52 132 86 105 152 152 107 4 171 38 0 194 188 100 34 15 80 61 168 0 129 116
23 200 183 118 171 122 84 65 73 47 147 102 114 180 3 1 7 114 160 86 82 124 26 168 179 90 145 43
75 75 27 30 10 17 128 75 125 125 149 52 130 184 90 138 23 137 74 139 122 0 105 163 58 184 47 3
61 120 13 135 137 39 70 168 61 125 107 45 124 194 1 43 140 136 139 95 88 145 116 19 101 191 2 41
23 44 123 111 56 70 4 88 178 7 184 47 116 155 92 181 28 46 187 155 139 5 76 8 51 78 75 29
186 33 43 126 45 172 84 156 75 67 89 175 89 169 179 105 188 95 189 11 1 30 172 17 116 105 80 136
128 124 114 175 41 132 17 166 38 28 45 34 118 184 56 71 105 43 90 183 108 194 37 128 171 78 147 138
15 3 178 29 69 74 195 167 153 61 110 11 165 76 180 48 43 11 104 80 98 70 160 147 192 12 100 76
112 68 85 130 100 178 107 28 152 164 197 122 165 5 191 154 29 108 33 160 79 82 85 133 192 39 153 38
191 68 68 104 118 144 177 134 66 165 34 85 52 183 53 21 180 37 157 137 110 51 109 33 32 178 66 13
41 199 83 173 114 174 33 126 164 45 95 160 42 10 125 117 6 88 91 150 12 4 141 77 107 95 123 30
16 83 45 183 83 94 167 50 105 106 85 12 67 59 46 157 9 129 48 4 57 114 158 43 160 196 75 157
5 25 94 77 180 98 146 36 15 141 136 169 118 0 170 26 94 56 48 197 172 81 153 34 132 24 5 181
82 162 28 124 92 108 181 156 36 63 83 128 66 148 6 115 32 33 88 198 160 163 51 98 124 124 79 152
