12 11 69438
106 106 106 106 106 106 106 106 106 106 106
106 106 106 106 106 106 106 106 106 106 106
106 106 106 106 106 106 106 106 106 106 106
106 106 106 106 106 106 106 106 106 106 106
106 106 106 106 106 106 106 106 106 106 106
106 106 106 106 106 106 106 106 106 106 106
106 106 106 106 106 106 106 106 106 106 106
106 106 106 106 106 106 106 106 106 106 106
106 106 106 106 106 106 106 106 106 106 106
106 106 106 106 106 106 106 106 106 106 106
106 106 106 106 106 106 106 106 106 106 106
106 106 106 106 106 106 106 106 106 106 106
