30 30 1
65 90 99 114 34 124 17 100 90 174 187 126 153 80 62 83 178 162 140 69 93 42 53 11 115 176 39 184 148 24
90 99 114 34 124 17 100 90 174 187 126 153 80 62 83 178 162 140 69 93 42 53 11 115 176 39 184 148 24 188
99 114 34 124 17 100 90 174 187 126 153 80 62 83 178 162 140 69 93 42 53 11 115 176 39 184 148 24 188 67
114 34 124 17 100 90 174 187 126 153 80 62 83 178 162 140 69 93 42 53 11 115 176 39 184 148 24 188 67 132
34 124 17 100 90 174 187 126 153 80 62 83 178 162 140 69 93 42 53 11 115 176 39 184 148 24 188 67 132 35
124 17 100 90 174 187 126 153 80 62 83 178 162 140 69 93 42 53 11 115 176 39 184 148 24 188 67 132 35 145
17 100 90 174 187 126 153 80 62 83 178 162 140 69 93 42 53 11 115 176 39 184 148 24 188 67 132 35 145 23
100 90 174 187 126 153 80 62 83 178 162 140 69 93 42 53 11 115 176 39 184 148 24 188 67 132 35 145 23 33
90 174 187 126 153 80 62 83 178 162 140 69 93 42 53 11 115 176 39 184 148 24 188 67 132 35 145 23 33 180
174 187 126 153 80 62 83 178 162 140 69 93 42 53 11 115 176 39 184 148 24 188 67 132 35 145 23 33 180 150
187 126 153 80 62 83 178 162 140 69 93 42 53 11 115 176 39 184 148 24 188 67 132 35 145 23 33 180 150 11
126 153 80 62 83 178 162 140 69 93 42 53 11 115 176 39 184 148 24 188 67 132 35 145 23 33 180 150 11 99
153 80 62 83 178 162 140 69 93 42 53 11 115 176 39 184 148 24 188 67 132 35 145 23 33 180 150 11 99 197
80 62 83 178 162 140 69 93 42 53 11 115 176 39 184 148 24 188 67 132 35 145 23 33 180 150 11 99 197 17
62 83 178 162 140 69 93 42 53 11 115 176 39 184 148 24 188 67 132 35 145 23 33 180 150 11 99 197 17 19
83 178 162 140 69 93 42 53 11 115 176 39 184 148 24 188 67 132 35 145 23 33 180 150 11 99 197 17 19 77
178 162 140 69 93 42 53 11 115 176 39 184 148 24 188 67 132 35 145 23 33 180 150 11 99 197 17 19 77 173
162 140 69 93 42 53 11 115 176 39 184 148 24 188 67 132 35 145 23 33 180 150 11 99 197 17 19 77 173 146
140 69 93 42 53 11 115 176 39 184 148 24 188 67 132 35 145 23 33 180 150 11 99 197 17 19 77 173 146 113
69 93 42 53 11 115 176 39 184 148 24 188 67 132 35 145 23 33 180 150 11 99 197 17 19 77 173 146 113 116
93 42 53 11 115 176 39 184 148 24 188 67 132 35 145 23 33 180 150 11 99 197 17 19 77 173 146 113 116 73
42 53 11 115 176 39 184 148 24 188 67 132 35 145 23 33 180 150 11 99 197 17 19 77 173 146 113 116 73 61
53 11 115 176 39 184 148 24 188 67 132 35 145 23 33 180 150 11 99 197 17 19 77 173 146 113 116 73 61 68
11 115 176 39 184 148 24 188 67 132 35 145 23 33 180 150 11 99 197 17 19 77 173 146 113 116 73 61 68 198
115 176 39 184 148 24 188 67 132 35 145 23 33 180 150 11 99 197 17 19 77 173 146 113 116 73 61 68 198 152
176 39 184 148 24 188 67 132 35 145 23 33 180 150 11 99 197 17 19 77 173 146 113 116 73 61 68 198 152 115
39 184 148 24 188 67 132 35 145 23 33 180 150 11 99 197 17 19 77 173 146 113 116 73 61 68 198 152 115 63
184 148 24 188 67 132 35 145 23 33 180 150 11 99 197 17 19 77 173 146 113 116 73 61 68 198 152 115 63 189
148 24 188 67 132 35 145 23 33 180 150 11 99 197 17 19 77 173 146 113 116 73 61 68 198 152 115 63 189 132
24 188 67 132 35 145 23 33 180 150 11 99 197 17 19 77 173 146 113 116 73 61 68 198 152 115 63 189 132 112
