30 30 18957134756495159
123 135 81 174 78 150 144 2 155 61 68 72 46 42 117 177 8 131 56 183 198 190 60 143 11 167 57 187 148 38
42 150 30 131 81 148 177 73 187 116 95 78 2 198 8 101 72 123 56 135 176 183 38 165 57 164 179 117 68 61
141 26 98 99 126 51 133 153 134 50 14 96 194 159 115 184 191 162 22 118 66 29 70 43 138 154 76 152 178 120
196 136 44 35 93 132 7 67 109 111 163 170 65 23 114 64 146 173 82 4 80 92 104 24 41 55 107 52 91 63
113 3 15 142 195 151 175 130 157 13 85 49 169 40 188 200 137 39 37 0 125 21 128 139 36 102 32 149 53 20
51 141 154 50 133 118 98 178 162 10 18 191 26 184 76 120 14 96 74 115 22 62 83 122 153 134 99 43 66 105
50 66 153 10 105 51 178 18 118 141 133 99 162 14 184 83 76 43 62 93 154 64 126 98 115 191 74 132 22 26
125 113 186 53 188 157 49 20 21 169 0 32 40 195 142 128 37 85 39 15 149 139 193 36 175 130 13 137 124 3
89 69 121 103 5 28 33 90 145 86 59 106 147 158 171 185 181 84 54 25 172 100 87 110 197 192 97 27 166 129
26 120 186 141 194 159 118 29 43 153 134 154 193 178 115 99 14 50 133 96 191 124 70 162 76 138 126 184 66 152
158 145 33 25 97 185 192 197 166 86 129 103 9 171 106 100 119 84 1 110 121 27 181 69 28 90 59 172 5 147
161 82 168 17 189 48 94 127 107 45 16 140 180 77 146 92 34 136 67 182 31 109 80 104 12 88 79 160 71 75
64 55 65 44 41 111 173 109 132 82 114 62 63 23 83 18 170 91 7 35 67 196 52 10 24 4 93 105 163 74
199 131 46 60 47 143 72 56 68 6 167 135 19 122 108 81 123 183 155 11 42 190 144 156 112 187 174 150 38 58
48 127 107 71 168 94 17 182 31 79 75 189 77 89 16 180 45 12 161 34 104 136 88 160 92 140 80 87 146 54
157 116 78 85 149 95 164 176 200 30 148 117 198 165 130 57 0 53 40 151 177 2 36 101 73 179 8 142 61 102
15 179 73 165 116 128 0 157 36 139 175 151 200 137 40 142 149 21 95 125 85 102 195 101 53 30 176 130 13 164
98 43 18 65 76 196 26 62 50 133 132 115 55 153 105 64 22 10 178 51 52 163 74 7 111 93 173 83 91 14
41 92 127 63 44 12 75 82 24 104 77 109 35 161 94 31 107 170 136 45 4 80 79 23 67 189 114 146 71 88
170 109 7 88 114 4 173 35 63 163 92 111 146 104 23 44 75 55 136 52 67 65 91 107 24 77 196 80 41 82
155 112 46 6 11 183 108 174 199 60 19 135 123 38 42 167 187 56 143 72 9 1 131 144 122 119 47 58 156 190
37 3 96 193 32 191 169 134 49 162 141 194 152 99 39 120 70 159 20 188 113 118 66 138 29 126 186 184 124 154
148 61 176 36 149 8 53 78 68 198 2 101 102 40 177 200 117 142 151 164 150 179 81 73 30 116 157 165 57 95
180 48 158 97 90 25 34 16 87 172 31 17 182 140 79 45 168 89 69 160 12 5 161 147 54 127 121 94 189 71
197 185 181 122 166 110 9 86 84 1 28 47 58 100 27 129 103 156 145 33 171 19 6 119 192 106 59 108 112 199
175 195 159 32 70 194 138 13 188 85 113 49 21 124 37 0 139 193 20 152 29 39 186 130 125 3 169 137 128 15
160 87 54 158 48 5 166 180 168 89 16 69 147 59 197 140 106 181 27 90 182 121 97 17 172 192 25 110 145 34
51 4 114 63 111 41 52 173 18 23 105 65 62 170 132 83 163 93 7 35 74 22 98 55 64 91 196 44 10 24
112 143 47 144 190 155 129 28 19 46 119 185 9 103 199 33 174 167 58 156 1 6 11 171 84 122 60 100 86 108
113 193 32 15 124 137 186 96 37 21 13 139 128 138 70 159 29 152 49 175 194 195 20 120 3 188 134 169 125 39
