30 30 23751624902215864
149 98 92 123 193 175 13 140 52 74 67 62 63 130 66 76 110 53 113 20 148 178 34 167 141 31 56 79 114 64
189 179 60 49 100 42 191 28 57 106 59 45 103 82 177 187 163 165 105 196 134 93 124 109 128 147 50 10 39 156
36 17 78 46 41 94 44 135 29 195 115 54 16 186 38 11 26 192 80 181 121 144 170 84 4 173 132 55 160 40
82 8 147 109 28 128 45 196 197 42 89 156 105 179 59 145 194 106 103 93 124 5 37 100 191 15 49 163 39 162
152 137 14 161 116 21 127 68 183 85 157 129 75 111 200 155 174 95 72 2 182 0 139 126 73 107 61 164 190 168
98 165 134 199 150 177 93 147 142 117 140 47 189 103 196 59 187 10 57 109 120 50 7 99 138 45 60 62 28 191
129 95 3 190 111 14 139 73 161 137 68 200 182 72 183 116 85 107 155 157 21 164 75 0 126 1 2 174 61 151
32 51 144 192 16 115 35 121 78 184 170 44 65 24 195 54 26 11 88 172 186 94 55 135 29 12 84 41 40 80
120 117 7 177 134 199 150 60 113 187 165 57 10 56 147 98 50 45 167 189 140 99 62 47 138 110 109 92 142 149
122 185 68 3 188 101 30 43 171 6 1 151 166 125 183 27 161 85 200 14 158 19 96 143 71 146 137 164 155 112
11 192 170 172 24 80 26 115 186 184 108 40 195 55 12 41 121 44 35 88 51 144 65 54 16 131 135 86 29 32
104 25 38 181 180 36 154 46 78 160 84 94 83 17 159 33 132 133 173 176 22 9 18 91 70 77 198 23 119 4
169 18 69 180 9 119 22 154 81 25 58 153 176 83 33 136 70 159 198 23 118 102 91 104 48 77 90 97 87 133
86 24 54 192 67 65 63 108 51 32 135 144 193 121 131 52 34 88 186 184 35 172 130 16 41 178 29 20 12 175
162 5 75 2 139 15 126 168 73 111 116 127 157 152 145 95 0 61 107 21 190 197 8 37 174 89 182 129 194 72
36 83 80 198 160 104 195 132 180 11 77 4 119 55 173 38 94 115 78 46 26 84 40 17 91 176 170 9 44 181
79 138 10 142 47 7 99 31 113 140 187 57 134 199 98 13 110 92 189 149 167 56 120 50 165 117 177 60 150 62
118 19 102 22 166 158 136 112 48 153 69 23 58 90 18 133 25 33 97 169 87 122 146 6 70 188 159 154 81 143
69 171 169 158 97 101 153 19 48 136 125 102 58 27 43 71 90 6 87 81 143 112 146 166 122 30 188 96 185 118
35 31 79 108 86 88 131 193 13 184 53 32 65 130 66 148 20 64 141 74 123 76 52 114 12 34 178 175 63 67
74 167 117 56 98 53 31 13 123 92 64 113 62 148 120 142 7 140 99 199 66 110 141 47 79 150 114 138 149 76
100 162 145 15 89 196 8 197 37 93 191 156 82 42 103 128 5 105 152 106 194 127 124 28 39 163 168 59 179 49
143 96 151 166 19 122 97 43 185 101 136 30 6 102 146 112 58 27 71 188 171 81 3 125 1 90 158 87 48 118
131 34 175 64 52 53 172 184 12 24 67 86 20 35 63 76 32 65 148 51 193 114 141 74 123 88 178 130 108 66
191 103 199 147 120 165 59 106 7 47 142 28 57 150 10 60 109 99 187 134 45 128 117 124 93 138 189 196 50 177
124 105 190 89 127 49 107 15 100 37 106 194 179 168 39 126 163 162 156 73 8 5 152 197 42 82 75 145 21 128
2 137 27 95 185 43 30 14 61 96 3 129 171 85 161 72 111 155 164 139 174 125 71 68 1 151 183 0 101 200
34 114 53 113 130 178 148 86 64 20 193 63 79 175 110 167 149 31 76 131 52 74 123 66 56 108 141 92 67 13
169 160 159 83 25 33 104 198 23 4 181 119 38 176 9 77 133 69 70 154 17 180 22 132 153 36 18 173 46 91
126 89 179 162 116 163 145 42 190 5 197 107 8 152 39 37 168 75 127 100 82 49 157 156 15 21 105 182 73 194
