17 19 1
143 169 121 172 109 170 85 125 129 77 87 59 179 11 193 54 77 96 159
163 106 96 114 78 186 168 14 67 17 130 4 74 167 192 156 28 174 174
196 95 160 160 92 104 156 136 23 144 128 116 28 108 189 152 104 21 83
95 53 37 155 148 91 43 114 27 3 65 124 30 123 44 124 77 189 181
137 90 72 123 87 181 140 19 12 194 134 131 134 34 42 71 25 150 63
122 73 65 114 7 88 127 198 192 20 131 41 127 32 200 131 116 50 83
93 95 49 125 31 67 22 135 131 63 27 156 39 190 74 133 165 2 19
125 168 135 19 195 196 176 94 102 196 11 121 90 148 4 7 88 56 196
24 72 59 96 23 138 63 176 83 184 12 43 139 113 113 173 53 102 105
184 18 185 115 16 186 55 64 1 134 169 26 130 143 169 58 53 36 79
117 111 4 33 166 74 0 29 136 114 54 141 147 57 193 87 49 151 115
79 119 180 115 128 44 179 191 136 89 90 170 196 140 23 59 154 163 82
79 135 177 50 116 62 177 194 139 118 145 132 100 107 192 46 129 79 85
124 121 95 3 94 60 143 132 57 58 77 124 150 86 176 27 20 59 18
114 71 118 110 115 6 131 194 131 64 86 44 180 28 73 19 87 197 179
52 162 107 141 90 20 20 184 70 143 94 200 169 30 181 174 7 32 102
123 33 24 156 170 173 162 82 114 28 81 6 13 197 140 75 91 84 145
