30 30 30067266499541040
77 93 176 32 70 196 53 86 150 182 13 40 176 114 175 148 178 159 163 133 138 200 18 143 87 122 35 175 130 144
93 176 32 70 196 53 86 150 182 13 40 176 114 175 148 178 159 163 133 138 200 18 143 87 122 35 175 130 144 55
176 32 70 196 53 86 150 182 13 40 176 114 175 148 178 159 163 133 138 200 18 143 87 122 35 175 130 144 55 26
32 70 196 53 86 150 182 13 40 176 114 175 148 178 159 163 133 138 200 18 143 87 122 35 175 130 144 55 26 192
70 196 53 86 150 182 13 40 176 114 175 148 178 159 163 133 138 200 18 143 87 122 35 175 130 144 55 26 192 154
196 53 86 150 182 13 40 176 114 175 148 178 159 163 133 138 200 18 143 87 122 35 175 130 144 55 26 192 154 183
53 86 150 182 13 40 176 114 175 148 178 159 163 133 138 200 18 143 87 122 35 175 130 144 55 26 192 154 183 30
86 150 182 13 40 176 114 175 148 178 159 163 133 138 200 18 143 87 122 35 175 130 144 55 26 192 154 183 30 55
150 182 13 40 176 114 175 148 178 159 163 133 138 200 18 143 87 122 35 175 130 144 55 26 192 154 183 30 55 29
182 13 40 176 114 175 148 178 159 163 133 138 200 18 143 87 122 35 175 130 144 55 26 192 154 183 30 55 66 23
13 40 176 114 175 148 178 159 163 133 138 200 18 143 87 122 35 175 130 144 55 26 192 154 183 30 55 29 23 58
40 176 114 175 148 178 159 163 133 138 200 18 143 87 122 35 175 130 144 55 26 192 154 183 30 55 29 23 58 161
176 114 175 148 178 159 163 133 138 200 18 143 87 122 35 175 130 144 55 26 192 154 183 30 55 29 23 58 161 150
114 175 148 178 159 163 133 138 200 18 143 87 122 35 175 130 144 55 26 192 154 183 30 55 29 23 58 161 150 100
175 148 178 159 163 133 138 200 18 143 87 122 35 175 130 144 55 26 192 154 183 30 55 29 23 58 161 150 100 117
148 178 159 163 133 138 200 18 143 87 122 35 175 130 144 55 26 192 154 183 30 55 29 23 58 161 150 100 117 184
182 159 163 133 138 200 18 143 87 122 35 175 130 144 55 26 192 154 183 30 55 29 23 58 161 150 100 117 184 69
159 163 133 138 200 18 143 87 122 35 175 130 144 55 26 192 154 183 30 55 29 23 58 161 150 100 117 184 69 195
163 133 138 200 18 143 87 122 35 175 130 144 55 26 192 154 183 30 55 29 23 58 161 150 100 117 184 69 195 160
133 138 200 18 143 87 122 35 175 130 144 55 26 192 154 183 30 55 29 23 58 161 150 100 117 184 69 195 160 125
138 200 18 143 87 122 35 175 130 144 55 26 192 154 183 30 55 29 23 58 161 150 100 117 184 69 195 160 125 18
200 18 143 87 122 35 175 130 144 55 26 192 154 183 30 55 29 23 58 161 150 100 117 184 69 195 160 125 18 189
18 143 87 122 35 175 130 144 55 26 192 154 183 30 55 29 23 58 161 150 100 117 184 69 195 160 125 18 189 59
143 87 122 35 175 130 144 55 26 192 154 183 30 55 29 23 58 161 150 100 117 184 69 195 160 125 18 189 59 194
87 122 35 175 130 144 55 26 192 154 183 30 55 29 23 58 161 150 100 117 184 69 195 160 125 18 189 59 194 170
122 35 175 130 144 55 26 192 154 183 30 55 29 23 58 161 150 100 117 184 69 195 160 125 18 189 59 194 170 194
35 175 130 144 55 26 192 154 183 30 55 29 23 58 161 150 100 117 184 69 195 160 125 18 189 59 194 170 194 72
175 130 144 55 26 192 154 183 30 55 29 23 58 161 150 100 117 184 69 195 160 125 18 189 59 194 170 194 72 3
130 144 55 26 192 154 183 30 55 29 23 58 161 150 100 117 184 69 195 160 125 18 189 59 194 170 194 72 3 65
144 55 26 192 154 183 30 55 29 23 58 161 150 100 117 184 69 195 160 125 18 189 59 194 170 194 72 3 65 21
