26 11 1
4 198 99 73 14 144 29 102 93 131 41
46 127 110 76 151 157 37 132 165 196 111
71 29 89 25 134 1 84 73 48 114 1
30 55 149 173 7 118 166 0 191 158 82
3 169 191 197 103 189 182 3 178 10 177
54 75 194 37 29 70 179 26 117 167 88
114 168 49 113 164 100 92 122 2 182 30
183 84 10 15 57 129 47 39 19 119 96
1 141 29 146 65 43 17 141 197 148 176
8 180 164 137 45 192 105 183 66 176 44
116 26 193 28 36 136 91 99 157 141 97
130 199 13 147 76 41 182 163 174 178 0
108 9 199 140 107 1 155 8 65 75 48
84 157 72 38 170 57 12 74 116 125 69
68 159 64 161 89 16 90 85 4 57 63
119 94 196 47 97 95 19 114 168 168 100
155 109 51 110 25 154 0 29 80 66 171
115 32 161 57 151 109 152 119 194 109 126
0 129 154 12 180 3 50 171 26 128 154
182 146 2 159 168 184 3 8 187 107 180
158 193 100 15 110 127 113 45 2 44 181
115 42 198 5 8 127 24 112 142 25 15
200 2 78 173 53 168 20 97 107 70 33
165 29 102 146 183 13 175 143 11 13 175
79 125 25 123 197 101 47 22 73 118 42
129 109 59 185 126 97 173 149 18 71 160
