30 30 28839350850001308
172 23 6 118 160 6 127 69 134 14 98 57 25 180 48 42 158 157 127 79 114 74 194 169 66 82 3 197 119 39
93 176 34 54 169 111 88 24 45 9 60 74 170 36 193 98 18 48 175 7 71 144 73 67 120 34 144 190 156 98
40 113 63 193 96 23 36 36 43 142 71 112 60 83 129 22 147 117 158 88 83 134 23 60 188 80 68 61 7 40
81 102 183 166 48 6 190 97 127 151 186 127 149 199 111 11 22 32 53 64 120 1 61 104 191 128 76 84 98 83
88 176 34 122 167 52 176 64 53 40 160 53 170 134 64 128 179 52 180 108 142 172 150 53 91 5 108 55 40 189
182 4 105 24 129 34 199 141 196 196 180 118 49 17 135 92 111 157 55 35 83 59 161 134 146 63 17 146 27 159
0 166 11 110 157 76 147 124 39 37 4 41 159 164 59 164 89 81 28 93 23 86 94 90 52 45 107 43 90 167
13 134 131 196 188 32 141 185 158 153 45 106 140 131 199 168 57 106 23 130 143 196 160 144 76 15 153 144 34 195
93 78 119 8 19 146 116 62 48 184 189 36 134 75 26 4 142 88 162 38 22 120 1 149 17 56 62 26 62 24
148 51 90 166 1 87 92 38 144 57 12 70 107 40 71 108 57 114 25 156 59 139 62 49 157 31 46 160 72 165
168 1 180 4 58 98 19 168 199 185 25 38 105 162 183 83 115 131 15 63 171 25 87 142 49 61 127 5 36 194
195 86 38 19 188 163 107 170 149 60 109 137 173 24 23 77 134 44 198 49 94 193 93 6 6 110 134 127 194 67
33 48 0 160 57 34 92 130 38 200 155 168 49 85 30 137 175 118 52 131 191 62 55 101 21 15 109 46 95 80
72 31 86 32 153 35 165 110 22 90 73 125 131 197 3 122 116 45 41 53 99 39 155 156 144 99 120 22 17 175
30 79 80 122 192 195 131 117 159 102 199 182 14 179 95 91 142 137 161 136 106 59 73 32 60 114 176 7 104 165
33 152 159 142 59 186 63 192 5 93 62 135 149 195 168 171 187 131 148 88 194 149 26 11 5 4 148 151 99 26
56 163 91 79 64 191 134 12 60 101 10 54 155 20 1 108 24 1 88 42 116 90 117 69 141 173 51 57 87 64
166 183 41 34 78 125 73 79 152 13 69 160 180 200 197 84 42 120 71 168 35 157 47 101 121 57 117 50 66 174
111 15 60 118 129 98 140 98 87 161 182 30 23 198 58 63 57 166 35 33 155 152 50 135 38 159 126 200 98 137
173 103 41 140 116 152 131 92 53 46 35 43 104 4 123 152 114 70 115 152 99 26 41 135 136 8 101 119 168 5
161 140 108 159 76 82 104 71 185 46 105 171 107 93 104 151 195 124 180 29 81 34 95 52 62 172 9 65 191 178
38 126 125 142 175 56 58 9 168 91 72 128 147 67 23 191 68 128 113 199 101 161 183 102 143 33 90 130 38 30
136 81 45 99 88 99 158 49 183 4 40 111 133 90 72 12 167 104 72 23 173 199 71 148 98 73 0 168 194 20
178 176 38 132 116 16 184 87 200 119 74 125 149 148 66 132 168 129 123 164 133 4 123 192 113 86 141 57 17 98
30 188 123 184 52 164 101 44 137 57 78 166 173 131 28 49 195 174 168 181 191 127 2 197 39 110 173 172 174 60
158 191 107 72 157 20 103 31 122 127 165 152 149 10 76 94 33 157 17 105 23 84 67 35 169 22 19 66 65 57
175 73 113 15 10 45 126 103 79 199 138 83 168 83 144 57 58 112 35 172 144 134 173 200 32 190 188 169 125 8
40 151 38 123 125 149 32 196 160 44 138 72 67 111 87 67 47 173 2 109 161 1 79 183 129 104 55 137 149 102
12 123 142 197 161 88 0 140 40 172 185 21 0 116 20 92 7 199 187 188 59 37 36 19 107 91 169 3 192 99
33 148 13 177 149 193 28 114 50 183 97 67 50 77 114 163 74 93 154 30 29 91 8 74 128 17 99 70 104 192
