30 30 1
166 72 185 79 9 148 46 90 70 188 163 51 198 76 194 140 181 180 59 24 199 48 50 45 21 98 191 179 46 71
138 77 11 184 146 22 177 126 54 26 76 75 75 65 150 136 47 159 34 101 90 59 61 178 168 70 47 148 100 111
189 40 127 110 174 104 188 70 150 4 140 29 194 26 199 142 90 142 14 122 58 135 30 89 83 139 26 76 121 20
76 193 179 14 194 3 109 196 55 29 119 51 180 43 81 116 110 196 54 54 91 194 80 5 49 178 101 142 62 55
74 179 105 5 150 125 67 66 185 194 173 33 9 181 50 66 89 178 21 103 70 102 148 77 136 106 125 189 142 179
41 136 68 128 135 110 176 54 109 29 56 172 6 127 142 60 1 92 74 4 106 112 185 72 17 101 81 30 4 85
68 182 125 1 56 194 42 138 23 19 116 58 139 108 135 145 190 78 0 45 130 91 120 195 118 167 193 183 3 134
139 88 163 137 102 130 67 5 158 184 19 109 88 199 104 77 139 162 18 92 45 166 82 108 125 178 178 176 124 65
26 81 197 109 175 124 101 76 185 108 108 24 185 136 166 57 194 8 184 23 7 21 35 63 78 49 191 113 60 182
32 116 178 120 89 47 182 116 32 29 132 67 88 125 15 72 139 183 49 176 7 87 12 104 12 95 182 37 148 87
180 37 135 143 106 105 61 64 200 0 72 120 94 130 76 1 196 195 35 133 65 58 136 40 12 186 122 62 96 81
57 127 47 179 103 86 73 186 91 119 67 86 195 119 26 71 19 132 69 131 118 165 132 80 79 7 200 197 70 90
145 188 128 135 163 53 196 113 178 192 153 22 140 54 67 16 29 153 12 4 48 27 86 52 104 175 155 36 192 87
23 65 21 117 118 188 149 189 170 10 188 119 197 179 80 156 76 42 29 153 137 38 132 180 173 1 19 18 100 124
116 76 48 19 33 197 172 180 11 54 94 95 23 96 91 102 196 194 85 20 172 7 23 97 54 92 81 47 80 11
134 24 69 172 143 80 128 76 80 4 86 75 123 132 14 125 165 183 131 135 145 65 107 63 22 167 81 155 81 56
64 143 6 112 148 80 22 106 121 17 141 133 127 5 192 178 20 137 174 179 5 0 107 188 81 192 105 160 73 199
38 71 3 170 104 154 169 144 75 127 44 61 16 107 17 55 44 1 20 5 53 29 13 103 13 44 172 74 32 11
112 183 155 177 91 180 30 66 40 143 87 85 106 60 70 14 157 84 150 78 186 32 5 70 180 19 78 175 176 134
138 38 198 184 152 116 73 91 100 129 75 51 73 110 52 26 99 40 137 103 55 19 105 171 23 79 32 46 9 117
195 150 0 122 35 116 123 34 16 137 177 196 144 122 194 66 102 161 60 168 110 83 187 83 104 188 53 145 176 6
74 85 0 18 49 196 63 115 172 129 92 73 89 134 67 114 177 155 189 180 199 81 75 179 194 13 159 137 135 46
49 108 43 155 33 150 185 145 59 97 91 38 99 41 156 107 169 88 27 195 85 60 169 15 164 146 20 196 31 157
61 49 15 7 85 81 21 176 114 86 49 57 119 187 23 155 196 122 187 0 78 187 48 135 50 45 97 4 8 1
128 186 82 139 75 141 162 119 142 107 191 91 70 120 180 131 154 74 71 134 124 91 58 17 175 46 22 16 42 64
36 122 81 73 149 145 105 136 98 29 0 33 85 12 12 53 41 70 187 17 43 121 172 143 161 31 31 68 121 146
23 133 146 171 128 111 163 5 96 11 183 16 9 103 58 151 143 6 84 91 34 165 21 134 164 109 95 118 177 180
147 115 82 84 75 141 103 71 178 195 148 175 1 31 139 137 184 6 142 177 35 169 97 102 28 25 72 124 188 48
185 126 56 139 68 21 120 95 193 117 29 50 51 40 175 128 98 152 180 72 37 142 107 118 65 162 63 41 89 160
87 53 71 59 183 196 147 9 146 38 58 104 116 75 156 48 159 137 69 134 154 193 147 176 28 200 174 72 88 9
