27 12 1
39 153 118 155 160 28 16 139 164 120 150 74
45 91 139 192 16 176 166 104 122 193 82 151
127 162 173 48 12 145 200 65 187 56 105 183
195 67 23 177 180 30 125 179 5 47 81 29
54 163 44 17 96 148 36 46 71 14 58 146
38 43 191 128 144 113 116 165 88 175 13 89
158 33 42 61 194 137 134 190 68 147 159 184
172 70 24 188 55 174 21 108 149 75 126 84
25 109 7 132 186 10 66 88 175 112 101 38
43 89 191 165 128 69 113 116 131 13 142 144
28 77 164 153 118 44 74 36 160 150 54 155
40 9 52 114 196 143 185 50 161 157 167 53
152 92 31 110 117 78 130 86 178 64 11 171
72 99 90 102 34 168 59 156 124 37 140 8
19 119 2 39 131 76 129 197 69 73 121 142
199 169 106 135 107 80 123 3 18 26 97 83
168 90 170 37 156 99 8 136 59 141 140 124
87 120 57 49 182 79 20 111 189 6 95 138
21 174 5 149 84 172 24 195 188 30 126 70
63 181 98 94 100 1 93 154 27 85 133 51
48 145 186 112 7 187 101 25 66 132 10 109
115 198 15 0 60 32 4 41 62 22 103 35
12 56 75 162 55 127 108 200 65 105 173 183
67 81 68 29 158 180 125 177 47 190 179 23
129 39 19 119 76 73 121 72 34 102 2 197
31 91 82 166 45 178 193 176 152 122 192 151
136 58 170 14 17 146 96 141 148 71 163 46
