30 30 1
4 176 114 24 88 198 72 0 199 169 132 0 50 157 107 146 19 139 149 70 69 126 33 120 32 148 3 142 156 49
146 142 97 62 61 77 78 57 177 148 24 167 5 49 43 103 104 141 1 165 20 146 140 19 90 137 190 181 183 88
55 149 75 193 184 139 116 58 74 90 160 94 185 170 135 194 46 119 164 15 84 190 140 199 97 79 189 165 13 87
31 139 39 8 44 179 47 9 30 44 139 114 43 177 47 54 39 17 80 162 192 72 73 149 59 38 13 46 70 71
46 157 153 188 22 158 28 1 55 162 57 127 170 160 159 115 116 5 58 161 64 15 119 69 148 108 77 57 102 152
178 195 130 92 107 191 14 184 35 164 40 146 125 4 21 181 5 115 72 26 144 138 139 54 159 139 139 16 123 195
97 13 41 174 114 63 127 58 24 79 113 155 19 40 109 89 31 98 23 182 22 111 183 128 120 179 50 67 14 14
107 158 29 152 156 65 99 190 146 167 79 0 141 21 137 93 112 182 169 35 117 134 116 174 61 186 187 131 103 70
78 73 108 153 29 175 53 193 61 152 103 112 139 183 57 189 27 93 112 190 171 121 84 82 95 177 58 84 162 72
24 164 34 195 200 133 137 65 110 167 159 183 200 29 38 62 159 124 68 66 146 124 142 166 200 27 22 125 0 133
150 175 114 143 138 158 151 33 99 26 71 181 154 33 76 74 125 158 179 12 31 104 1 109 51 0 160 79 113 182
190 85 110 183 53 63 153 101 132 169 164 197 134 152 90 69 55 63 11 11 61 40 9 152 86 83 45 31 141 59
44 118 16 192 168 192 12 22 150 47 186 120 21 183 112 197 90 146 160 82 125 175 55 84 0 134 97 98 179 156
181 147 25 78 172 20 6 191 18 184 194 36 77 40 14 158 94 158 9 194 3 200 112 100 42 193 125 164 67 152
26 73 197 170 50 184 12 147 56 129 50 128 60 31 71 44 161 46 12 32 71 96 20 13 197 57 28 162 96 185
96 173 157 63 54 106 148 187 5 113 186 51 19 137 96 127 34 16 74 154 129 18 28 126 137 138 136 119 169 75
119 121 105 111 22 119 29 162 192 166 0 152 97 96 152 71 42 176 92 176 99 163 52 177 176 79 185 107 150 114
1 144 126 157 46 113 53 181 36 45 115 82 89 11 38 197 187 161 48 24 156 67 4 107 36 59 164 23 107 120
129 44 86 127 87 138 25 163 34 89 184 140 91 7 94 126 133 87 2 162 107 198 177 58 83 179 82 21 91 90
171 139 122 173 150 44 144 99 10 196 196 148 141 79 116 100 9 184 184 97 94 11 183 41 84 0 116 96 179 195
92 161 36 8 85 187 76 22 146 4 168 42 2 100 99 15 53 157 33 3 133 43 167 120 109 82 38 92 151 134
104 72 161 48 193 184 84 69 64 96 56 164 138 127 195 124 57 128 92 162 115 105 191 15 49 133 193 33 105 166
146 31 157 192 33 142 195 52 196 41 174 176 169 46 65 82 171 92 178 24 53 147 34 21 152 171 116 106 21 123
80 166 66 67 132 193 84 122 130 24 160 57 142 99 124 137 182 40 49 85 102 21 151 36 45 152 42 122 137 90
156 1 178 13 90 153 143 18 34 154 63 145 127 103 29 72 192 180 25 35 156 171 64 153 147 134 81 189 150 200
180 158 119 45 32 137 191 80 107 24 48 170 82 67 144 193 187 163 182 160 28 166 175 82 118 16 82 200 93 193
159 94 169 166 132 95 11 186 162 80 5 176 77 2 89 68 101 123 51 171 84 17 158 15 54 158 163 113 2 26
28 95 185 41 94 151 10 163 122 88 91 194 17 127 69 52 123 13 126 140 178 118 98 68 21 148 22 7 83 171
37 38 185 6 42 179 75 124 102 25 66 126 133 178 121 117 188 150 167 180 121 184 89 28 123 151 125 172 54 197
35 173 104 137 61 55 77 62 0 158 137 83 11 170 147 94 41 133 33 192 120 42 197 57 84 90 174 157 12 164
