12 20 32192421
89 31 180 7 64 78 95 30 103 30 28 96 143 35 166 40 11 115 58 91
7 144 192 93 134 61 193 127 106 97 161 196 75 49 71 135 76 198 132 186
72 50 180 144 197 77 6 152 38 25 22 195 8 30 45 140 89 69 168 37
44 78 99 195 186 23 134 6 160 160 110 164 197 97 118 193 9 126 39 118
81 167 120 0 155 39 83 57 142 89 158 24 63 172 196 143 130 154 177 18
111 100 149 24 154 55 182 185 30 155 112 155 86 151 185 81 21 17 197 187
175 139 14 156 98 159 144 165 148 76 182 187 160 94 62 43 100 103 141 129
27 64 38 21 96 91 59 98 173 155 117 14 70 134 170 29 161 136 200 68
170 169 83 91 25 46 168 153 12 196 70 127 184 27 193 41 128 76 138 99
8 4 103 96 109 95 68 87 13 62 46 192 71 133 87 158 118 103 145 73
63 74 66 54 3 109 8 171 51 7 148 151 126 157 154 79 154 149 172 78
144 63 196 47 180 161 117 5 118 48 6 60 200 122 26 85 148 133 165 28
