30 30 27873719088443758
133 28 16 123 108 26 71 108 198 174 2 126 123 182 145 132 58 91 195 93 172 42 184 191 3 62 114 80 59 5
28 16 123 108 26 71 108 198 174 2 126 123 182 145 132 58 91 195 93 172 42 184 191 3 62 114 80 59 5 170
16 123 108 26 71 108 198 174 2 126 123 182 145 132 58 91 195 93 172 42 184 191 3 62 114 80 59 5 170 77
123 108 26 71 108 198 174 2 126 123 182 145 132 58 91 195 93 172 42 184 191 3 62 114 80 59 5 170 77 127
108 26 71 108 198 174 2 126 123 182 145 132 58 91 195 93 172 42 184 191 3 62 114 80 59 5 170 77 127 23
26 71 108 198 174 2 126 123 182 145 132 58 91 195 93 172 42 184 191 3 62 114 80 59 5 170 77 127 23 108
71 108 198 174 2 126 123 182 145 132 58 91 195 93 172 42 184 191 3 62 114 80 59 5 170 77 127 23 108 38
108 198 174 2 126 123 182 145 132 58 91 195 93 172 42 184 191 3 62 114 80 59 5 170 77 127 23 108 38 23
198 174 2 126 123 182 145 132 58 91 195 93 172 42 184 191 3 62 114 80 59 5 170 77 127 23 108 38 23 158
174 2 126 123 182 145 132 58 91 195 93 172 42 184 191 3 62 114 80 59 5 170 77 127 23 108 38 23 158 108
2 126 123 182 145 132 58 91 195 93 172 42 184 191 3 62 114 80 59 5 170 77 127 23 108 38 23 158 108 94
126 123 182 145 132 58 91 195 93 172 42 184 191 3 62 114 80 59 5 170 77 127 23 108 38 23 158 108 94 127
123 182 145 132 58 91 195 93 172 42 184 191 3 62 114 80 59 5 170 77 127 23 108 38 23 158 108 94 127 168
182 145 132 58 91 195 93 172 42 184 191 3 62 114 80 59 5 170 77 127 23 108 38 23 158 108 94 127 168 192
145 132 58 91 195 93 172 42 184 191 3 62 114 80 59 5 170 77 127 23 108 38 23 158 108 94 127 168 192 64
132 58 91 195 93 172 42 184 191 3 62 114 80 59 5 170 77 127 23 108 38 23 158 108 94 127 168 192 64 117
58 91 195 93 172 42 184 191 3 62 114 80 59 5 170 77 127 23 108 38 23 158 108 94 127 168 192 64 117 77
91 195 93 172 42 184 191 3 62 114 80 59 5 170 77 127 23 108 38 23 158 108 94 127 168 192 64 117 77 194
195 93 172 42 184 191 3 62 114 80 59 5 170 77 127 23 108 38 23 158 108 94 127 168 192 64 117 77 194 167
93 172 42 184 191 3 62 114 80 59 5 170 77 127 23 108 38 23 158 108 94 127 168 192 64 117 77 194 167 193
172 42 184 191 3 62 114 80 59 5 170 77 127 23 108 38 23 158 108 94 127 168 192 64 117 77 194 167 193 13
42 184 191 3 62 114 80 59 5 170 77 127 23 108 38 23 158 108 94 127 168 192 64 117 77 194 167 193 13 130
184 191 3 62 114 80 59 5 170 77 127 23 108 38 23 158 108 94 127 168 192 64 117 77 194 167 193 13 130 164
191 3 62 114 80 59 5 170 77 127 23 108 38 23 158 108 94 127 168 192 64 117 77 194 167 193 13 130 164 101
3 62 114 80 59 5 170 77 127 23 108 38 23 158 108 94 127 168 192 64 117 77 194 167 193 13 130 164 101 41
62 114 80 59 5 170 77 127 23 108 38 23 158 108 94 127 168 192 64 117 77 194 167 193 13 130 164 101 41 93
114 80 59 5 170 77 127 23 108 38 23 158 108 94 127 168 192 64 117 77 194 167 193 13 130 164 101 41 93 131
80 59 5 170 77 127 23 108 38 23 158 108 94 127 168 192 64 117 77 194 167 193 13 130 164 101 41 93 131 178
59 5 170 77 127 23 108 38 23 158 108 94 127 168 192 64 117 77 194 167 193 13 130 164 101 41 93 131 178 107
5 170 77 127 23 108 38 23 158 108 94 127 168 192 64 117 77 194 167 193 13 130 164 101 41 93 131 178 107 5
