30 30 30067266499541040
26 148 170 122 155 38 78 177 195 99 116 92 118 66 114 102 28 83 138 25 157 32 84 71 17 59 21 43 146 117
106 87 129 191 46 76 171 112 169 4 62 67 185 70 135 123 126 130 56 192 186 124 57 167 164 22 101 36 175 85
50 188 96 24 53 184 86 151 11 77 137 160 147 132 125 180 120 75 111 107 58 3 39 178 121 156 152 181 119 198
107 77 151 152 156 121 120 111 88 181 39 132 86 180 58 198 144 119 96 50 158 53 24 147 188 184 137 160 3 125
158 147 46 126 175 87 96 164 124 53 67 198 167 106 85 191 77 88 144 123 76 36 192 152 70 22 58 121 129 120
38 41 32 21 117 1 103 69 44 14 12 131 55 116 154 75 11 177 127 168 51 17 28 92 7 150 172 2 193 178
91 82 165 29 104 113 89 16 61 136 174 187 194 79 37 10 9 189 183 68 149 54 60 179 19 142 197 141 173 90
69 21 83 177 170 38 193 41 2 172 17 55 7 12 131 32 28 44 117 14 154 146 92 103 168 51 127 116 150 1
112 89 136 130 104 37 68 189 197 179 165 62 57 183 173 19 4 56 113 10 54 16 186 135 79 101 169 171 90 185
100 170 146 114 133 84 43 155 195 33 99 83 25 108 71 81 18 148 78 163 35 102 118 59 196 138 66 157 122 26
3 2 11 39 14 86 107 111 132 50 188 51 127 180 156 160 178 184 181 41 125 131 137 75 151 55 172 24 119 44
85 70 126 192 36 88 123 57 87 167 67 130 164 171 124 144 76 129 191 135 101 22 4 185 46 175 158 56 169 106
128 190 27 140 40 145 110 80 143 45 65 49 95 20 94 47 52 93 42 34 13 8 48 63 200 159 97 109 153 31
95 47 199 40 161 80 15 23 139 190 200 20 162 73 30 140 176 27 49 182 64 134 6 115 98 13 97 166 74 72
47 27 64 115 140 162 73 176 20 82 182 134 199 30 74 166 23 98 72 6 139 13 187 161 15 80 95 40 141 49
109 128 159 48 33 35 42 105 8 143 34 100 65 200 190 145 97 110 63 108 81 52 5 31 45 163 153 94 0 93
182 199 187 9 74 162 194 136 29 91 90 60 149 176 54 82 61 115 89 183 174 23 72 104 189 68 142 173 141 161
142 37 186 197 54 136 89 60 19 79 90 157 165 104 179 62 91 173 183 189 113 29 68 194 16 61 10 112 9 174
12 38 28 117 32 116 193 138 168 71 150 195 69 114 102 25 7 84 103 1 78 92 146 21 155 154 170 83 177 17
0 138 155 35 100 78 196 71 99 102 81 25 118 43 157 195 114 148 105 18 33 26 122 84 108 163 66 133 5 59
65 42 66 163 108 105 45 33 159 52 0 153 196 26 118 133 122 81 110 100 143 18 5 148 99 59 109 43 35 157
139 74 176 98 13 49 82 174 9 166 142 194 60 115 15 162 134 64 72 29 30 23 73 6 161 182 141 187 199 95
64 139 47 49 128 30 20 80 27 34 93 40 200 95 98 140 8 97 48 73 6 13 63 31 94 15 134 166 145 190
60 161 182 72 98 29 73 174 134 61 15 6 199 166 30 141 74 194 176 149 82 9 115 23 64 187 162 139 91 142
100 163 110 105 48 33 94 52 31 35 34 5 109 128 93 81 196 45 153 8 159 108 145 143 63 42 0 65 133 18
169 175 185 37 123 22 10 57 76 124 167 197 19 16 62 112 186 87 56 113 79 171 179 101 165 36 192 130 135 4
125 77 144 156 85 120 160 147 106 158 39 198 88 180 152 50 129 58 126 137 184 53 121 164 70 191 46 96 111 67
24 193 168 150 69 41 154 12 86 107 14 188 132 1 178 172 3 131 51 44 119 127 103 55 7 11 151 2 181 75
5 159 97 65 52 200 145 31 27 45 153 128 143 105 42 94 48 40 0 109 20 8 47 80 110 190 63 93 140 34
92 83 122 116 148 59 43 195 170 71 84 146 114 155 18 25 117 99 196 118 38 26 66 138 157 133 17 78 102 21
