30 30 30067266499541040
162 112 115 150 168 115 35 97 136 65 149 128 69 69 22 15 149 142 104 43 94 7 168 123 99 105 59 195 150 20
112 115 150 168 115 35 97 136 65 149 128 69 69 22 15 149 142 104 43 94 7 168 123 99 105 59 195 150 20 54
115 150 168 115 35 97 136 65 149 128 69 69 22 15 149 142 104 43 94 7 168 123 99 105 59 195 150 20 54 86
150 168 115 35 97 136 65 149 128 69 69 22 15 149 142 104 43 94 7 168 123 99 105 59 195 150 20 54 86 55
168 115 35 97 136 65 149 128 69 69 22 15 149 142 104 43 94 7 168 123 99 105 59 195 150 20 54 86 55 100
115 35 97 136 65 149 128 69 69 22 15 149 142 104 43 94 7 168 123 99 105 59 195 150 20 54 86 55 100 41
35 97 136 65 149 128 69 69 22 15 149 142 104 43 94 7 168 123 99 105 59 195 150 20 54 86 55 100 41 39
97 136 65 149 128 69 69 22 15 149 142 104 43 94 7 168 123 99 105 59 195 150 20 54 86 55 100 41 39 20
136 65 149 128 69 69 22 15 149 142 104 43 94 7 168 123 99 105 59 195 150 20 54 86 55 100 41 39 20 142
65 149 128 69 69 22 15 149 142 104 43 94 7 168 123 99 105 59 195 150 20 54 86 55 100 41 39 20 142 161
149 128 69 69 22 15 149 142 104 43 94 7 168 123 99 105 59 195 150 20 54 86 55 100 41 39 20 142 161 65
128 69 69 22 15 149 142 104 43 94 7 168 123 99 105 59 195 150 20 54 86 55 100 41 39 20 142 161 65 140
69 69 22 15 149 142 104 43 94 7 168 123 99 105 59 195 150 20 54 86 55 100 41 39 20 142 161 65 140 183
69 22 15 149 142 104 43 94 7 168 123 99 105 59 195 150 20 54 86 55 100 41 39 20 142 161 65 140 183 77
22 15 149 142 104 43 94 7 168 123 99 105 59 195 150 20 54 86 55 100 41 39 20 142 161 65 140 183 77 16
15 149 142 104 43 94 7 168 123 99 105 59 195 150 20 54 86 55 100 41 39 20 142 161 65 140 183 77 16 145
149 142 104 43 94 7 168 123 99 105 59 195 150 20 54 86 55 100 41 39 20 142 161 65 140 183 77 16 145 48
142 104 43 94 7 168 123 99 105 59 195 150 20 54 86 55 100 41 39 20 142 161 65 140 183 77 16 145 48 193
104 43 94 7 168 123 99 105 59 195 150 20 54 86 55 100 41 39 20 142 161 65 140 183 77 16 145 48 193 42
43 94 7 168 123 99 105 59 195 150 20 54 86 55 100 41 39 20 142 161 65 140 183 77 16 145 48 193 42 93
94 7 168 123 99 105 59 195 150 20 54 86 55 100 41 39 20 142 161 65 140 183 77 16 145 48 193 42 93 21
7 168 123 99 105 59 195 150 20 54 86 55 100 41 39 20 142 161 65 140 183 77 16 145 48 193 42 93 21 98
168 123 99 105 59 195 150 20 54 86 55 100 41 39 20 142 161 65 140 183 77 16 145 48 193 42 93 21 98 34
123 99 105 59 195 150 20 54 86 55 100 41 39 20 142 161 65 140 183 77 16 145 48 193 42 93 21 98 34 106
99 105 59 195 150 20 54 86 55 100 41 39 20 142 161 164 140 183 77 16 145 48 193 42 93 21 98 34 106 89
105 59 195 150 20 54 86 55 100 41 39 20 142 161 65 140 183 77 16 145 48 193 42 93 21 98 34 106 89 53
59 195 150 20 54 86 55 100 41 39 20 142 161 65 140 183 77 16 145 48 193 42 93 21 98 34 106 89 53 160
195 150 20 54 86 55 100 41 39 20 142 161 65 140 183 77 16 145 48 193 42 93 21 98 34 106 89 53 160 49
150 20 54 86 55 100 41 39 20 142 161 65 140 183 77 16 145 48 193 42 93 21 98 34 106 89 53 160 49 90
20 54 86 55 100 41 39 20 142 161 65 140 183 77 16 145 48 193 42 93 21 98 34 106 89 53 160 49 90 98
