30 30 25387844840784870
105 177 122 41 72 160 35 162 114 186 110 23 192 43 1 149 180 39 186 57 48 33 9 34 170 96 33 22 79 64
91 85 65 4 85 78 62 18 105 99 8 165 118 164 30 16 196 120 129 167 1 47 7 153 54 179 153 162 18 21
133 1 110 38 87 54 35 123 6 77 102 141 103 70 2 31 129 62 72 177 96 192 92 41 140 158 101 54 74 178
39 33 6 133 45 16 124 195 51 140 136 169 188 113 51 95 155 124 131 106 80 94 141 152 56 35 60 34 80 86
85 64 111 14 77 169 171 155 127 109 183 196 73 14 197 154 142 53 154 74 116 44 176 158 19 28 156 168 131 132
169 11 176 163 93 126 193 181 163 150 174 112 2 168 190 55 51 109 126 59 91 194 122 45 116 3 155 65 110 101
112 5 118 112 43 175 137 141 197 125 186 192 47 192 196 165 166 122 194 98 195 2 93 121 125 198 53 164 41 68
90 30 50 157 171 149 11 194 58 175 35 111 19 20 102 97 171 63 87 102 53 60 177 173 185 169 101 63 132 120
12 86 68 182 78 37 101 140 170 195 162 35 1 40 31 139 75 156 102 98 122 122 29 42 139 95 179 22 44 64
108 57 198 89 129 186 18 36 155 80 102 123 22 190 103 26 151 184 23 16 71 96 16 91 30 42 10 69 45 91
91 173 159 191 137 104 118 174 198 122 93 70 183 39 67 83 85 105 79 8 119 29 187 120 154 45 167 168 159 65
191 21 22 16 163 188 135 23 6 28 80 173 64 51 20 133 62 164 22 122 0 192 178 142 31 22 98 112 11 144
163 161 151 5 164 144 143 165 170 150 59 102 54 92 8 110 195 141 61 185 45 124 13 178 86 140 162 13 64 100
156 57 155 57 188 71 51 63 117 116 186 137 47 54 27 26 76 11 182 115 150 37 7 1 155 186 90 107 133 18
142 169 111 197 140 90 127 8 136 23 20 76 152 177 98 29 37 165 62 3 124 91 193 129 37 12 179 123 130 189
99 32 74 146 30 122 24 37 26 1 45 1 171 106 49 189 71 129 187 143 96 99 119 116 166 25 28 176 107 152
19 200 109 59 119 45 109 25 73 193 170 156 62 33 153 111 90 83 161 30 159 32 165 193 138 61 152 189 156 15
151 92 78 26 39 0 194 111 51 22 197 145 20 140 166 35 42 189 167 144 13 59 174 142 84 147 185 68 129 75
103 72 114 123 107 180 27 34 134 175 35 5 168 132 12 83 191 159 29 144 31 96 14 129 30 100 115 163 71 95
187 105 73 50 186 121 11 60 44 116 169 34 32 32 52 83 74 85 117 53 78 26 53 7 97 5 106 54 193 92
135 145 38 95 153 181 197 7 30 36 32 68 23 116 58 171 139 70 66 53 19 12 126 165 155 76 81 114 134 197
118 0 129 29 84 156 95 161 163 154 118 107 18 196 6 79 102 120 109 12 164 82 146 145 45 47 159 189 126 138
46 57 103 154 48 16 145 195 60 9 99 187 180 50 198 152 192 0 154 51 27 150 94 106 194 23 70 79 32 75
38 114 110 134 4 169 154 99 78 78 44 28 58 161 161 143 7 82 155 104 153 133 16 33 167 5 34 63 27 119
33 97 0 139 107 164 74 98 28 26 174 170 101 115 70 148 107 141 162 194 34 59 174 141 117 73 123 79 118 46
44 69 37 190 95 58 71 49 48 117 116 51 172 95 111 167 182 46 144 85 180 122 40 109 118 195 71 136 149 148
90 194 82 83 28 71 71 8 134 37 102 47 104 36 130 151 55 107 44 134 194 164 27 46 16 65 141 142 130 78
74 5 15 87 56 182 12 82 198 66 139 198 86 129 184 73 113 20 142 158 101 142 166 185 197 43 82 23 29 145
80 40 160 35 0 64 191 164 133 108 62 9 98 93 53 137 87 108 128 115 135 45 64 170 4 112 75 143 75 197
82 86 194 177 194 1 29 6 183 118 196 62 51 49 148 55 35 63 94 146 122 114 36 158 109 166 148 169 134 83
