30 30 26732520400770084
41 183 76 32 18 74 7 52 190 114 153 168 87 71 33 103 197 9 87 4 109 73 15 151 56 43 52 74 27 29
183 76 32 18 74 7 52 190 114 153 168 87 71 33 103 197 9 87 4 109 73 15 151 56 43 52 74 27 29 179
76 32 18 74 7 52 190 114 153 168 87 71 33 103 197 9 87 4 109 73 15 151 56 43 52 74 27 29 179 14
32 18 74 7 52 190 114 153 168 87 71 33 103 197 9 87 4 109 73 15 151 56 43 52 74 27 29 179 14 38
18 74 7 52 190 114 153 168 87 71 33 103 197 9 87 4 109 73 15 151 56 43 52 74 27 29 179 14 38 128
74 7 52 190 114 153 168 87 71 33 103 197 9 87 4 109 73 15 151 56 43 52 74 27 29 179 14 38 128 6
7 52 190 114 153 168 87 71 33 103 197 9 87 4 109 73 15 151 56 43 52 74 27 29 179 14 38 128 6 143
52 190 114 153 168 87 71 33 103 197 9 87 4 109 73 15 151 56 43 52 74 27 29 179 14 38 128 6 143 198
190 114 153 168 87 71 33 103 197 9 87 4 109 73 15 151 56 43 52 74 27 29 179 14 38 128 6 143 198 18
114 153 168 87 71 33 103 197 9 87 4 109 73 15 151 56 43 52 74 27 29 179 14 38 128 6 143 198 18 188
153 168 87 71 33 103 197 9 87 4 109 73 15 151 56 43 52 74 27 29 179 14 38 128 6 143 2 18 188 188
168 87 71 33 103 197 9 87 4 109 73 15 151 56 43 52 74 27 29 179 14 38 128 6 143 198 18 188 188 145
87 71 33 103 197 9 87 4 109 73 15 151 56 43 52 74 27 29 179 14 38 128 6 143 198 18 188 188 145 36
71 33 103 197 9 87 4 109 73 15 151 56 43 52 74 27 29 179 14 38 128 6 143 198 18 188 188 145 36 169
33 103 197 9 87 4 109 73 15 151 56 43 52 74 27 29 179 14 38 128 6 143 198 18 188 188 145 36 169 102
103 197 9 87 4 109 73 15 151 56 43 52 74 27 29 179 14 38 128 6 143 198 18 188 188 145 36 169 102 31
197 9 87 4 109 73 15 151 56 43 52 74 27 29 179 14 38 128 6 143 198 18 188 188 145 36 169 102 31 92
9 87 4 109 73 15 151 56 43 52 74 27 29 179 14 38 128 6 143 198 18 188 188 145 36 169 102 31 92 16
87 4 109 73 15 151 56 43 52 74 27 29 179 14 38 128 6 143 198 18 188 188 145 36 169 102 31 92 16 28
4 109 73 15 151 56 43 52 74 27 29 179 14 38 128 6 143 198 18 188 188 145 36 169 102 31 92 16 28 173
109 73 15 151 56 43 52 74 27 29 179 14 38 128 6 143 198 18 188 188 145 36 169 102 31 92 16 28 173 145
73 15 151 56 43 52 74 27 29 179 14 38 128 6 143 198 18 188 188 145 36 169 102 31 92 16 28 173 145 72
15 151 56 43 52 74 27 29 179 14 38 128 6 143 198 18 188 188 145 36 169 102 31 92 16 28 173 145 72 134
151 56 43 52 74 27 29 179 14 38 128 6 143 198 18 188 188 145 36 169 102 31 92 16 28 173 145 72 134 64
56 43 52 74 27 29 179 14 38 128 6 143 198 18 188 188 145 36 169 102 31 92 16 28 173 145 72 134 64 192
43 52 74 27 29 179 14 38 128 6 143 198 18 188 188 145 36 169 102 31 92 16 28 173 145 72 134 64 192 138
52 74 165 29 179 14 38 128 6 143 198 18 188 188 145 36 169 102 31 92 16 28 173 145 72 134 64 192 138 22
74 27 29 179 14 38 128 6 143 198 18 188 188 145 36 169 102 31 92 16 28 173 145 72 134 64 192 138 22 152
27 29 179 14 38 128 6 143 198 18 188 188 145 36 169 102 31 92 16 28 173 145 72 134 64 192 138 22 152 125
29 179 14 38 128 6 143 198 18 188 188 145 36 169 102 31 92 16 28 173 145 72 134 64 192 138 22 152 125 123
