30 25 299658968745636
3 45 193 104 195 186 130 52 172 19 67 74 116 55 125 94 18 173 20 183 188 46 42 137 13
19 195 52 45 104 20 188 46 47 193 55 18 183 3 186 13 130 42 125 173 67 172 137 116 94
24 17 49 44 48 120 106 89 176 12 192 84 124 158 102 2 133 0 29 191 105 72 70 160 112
153 100 174 93 198 90 127 134 165 144 79 63 99 194 115 8 152 136 131 83 98 6 30 197 156
157 68 187 50 101 200 60 32 196 26 73 4 41 181 159 154 28 35 61 54 97 164 133 166 91
58 162 139 23 92 74 113 169 22 36 1 71 141 25 109 123 149 163 11 108 5 53 10 179 147
21 69 9 14 57 121 37 82 95 184 59 126 135 119 138 38 175 128 85 148 107 40 76 111 22
88 7 199 56 80 177 132 180 86 96 78 114 43 185 15 81 31 129 182 190 161 39 168 150 16
16 168 96 129 161 182 51 132 81 177 86 185 7 150 31 180 190 15 143 88 199 155 56 39 78
171 66 167 62 27 34 145 87 118 170 33 122 6 75 64 77 151 117 140 146 178 65 103 142 93
155 4 68 26 50 101 41 181 143 159 157 200 166 164 91 51 35 54 154 196 97 60 73 61 28
131 136 134 30 197 165 152 153 8 191 156 98 144 63 174 83 105 100 90 99 194 198 79 115 127
54 166 35 200 51 50 91 97 164 26 60 159 4 61 181 196 68 157 155 28 73 187 101 41 154
12 72 112 32 17 89 84 106 44 29 0 176 24 192 102 2 24 133 70 160 187 124 120 49 48
171 66 117 118 167 6 65 178 170 140 64 146 75 77 62 122 142 33 87 151 103 145 27 34 189
103 142 34 146 47 65 140 189 117 167 64 75 87 33 122 110 62 118 170 145 27 178 77 151 171
72 17 160 84 29 191 105 120 0 48 70 124 12 49 112 44 102 106 89 192 158 153 24 2 176
192 112 49 89 133 106 17 44 176 2 70 0 12 32 29 124 84 102 48 158 191 72 24 120 160
58 11 10 71 111 1 109 108 36 25 23 92 163 141 179 123 113 147 139 22 53 162 149 169 5
90 8 100 197 83 79 30 99 66 198 6 63 131 134 127 174 165 136 144 98 194 156 93 152 115
197 165 105 174 93 127 134 194 79 90 153 100 30 152 156 98 144 63 8 136 83 115 99 198 131
110 125 20 3 188 18 46 130 52 183 55 94 13 104 19 189 137 47 67 172 116 193 42 173 45
41 26 187 196 60 35 159 50 154 51 181 4 164 91 61 73 28 32 101 200 166 54 157 97 68
139 1 108 147 10 169 109 186 25 74 23 162 53 36 5 11 92 113 71 123 149 141 163 179 58
75 140 142 33 65 27 151 77 62 122 118 103 171 87 117 145 189 34 167 146 110 64 178 66 170
114 88 39 182 129 155 161 180 190 78 15 168 7 132 143 56 81 150 199 16 177 31 96 185 86
195 130 46 3 172 125 67 116 55 42 173 45 20 13 18 19 104 188 193 52 110 137 47 94 183
37 85 76 59 43 128 107 69 121 38 57 135 95 126 21 111 138 148 14 175 40 119 184 9 82
57 14 135 184 148 69 43 85 76 128 37 138 119 38 107 121 175 82 40 126 95 9 80 21 59
168 81 177 88 78 16 161 7 114 143 31 86 185 96 150 132 182 190 199 180 129 15 80 56 39
