18 24 1
117 114 161 88 30 28 169 29 145 152 7 188 113 51 5 106 99 164 120 162 127 129 186 8
59 31 169 168 90 163 134 133 162 116 145 53 159 133 127 21 160 191 182 115 181 14 65 172
195 113 11 45 123 9 99 197 46 99 107 45 13 115 111 38 171 52 28 185 65 61 126 106
72 58 83 83 68 118 97 153 75 1 28 42 39 161 15 53 93 22 169 66 18 136 132 131
84 170 175 189 73 135 139 172 80 52 108 88 155 63 194 154 27 150 106 80 26 133 6 2
150 182 197 84 119 182 14 9 12 16 63 100 76 44 0 146 169 137 94 126 200 169 177 170
100 54 126 44 63 136 60 21 26 40 109 178 16 129 89 39 64 137 158 37 76 128 181 43
38 143 187 197 119 98 24 133 100 200 53 80 150 163 130 20 12 2 83 194 178 122 81 74
149 91 22 21 174 5 56 152 190 107 108 180 154 122 195 94 146 119 116 128 73 67 8 126
86 68 82 182 165 44 38 48 149 148 7 156 178 103 134 137 84 67 53 46 37 129 117 105
82 179 149 98 182 21 59 158 130 74 84 50 8 108 123 21 73 10 2 124 94 7 18 121
126 52 105 194 100 103 188 155 176 88 143 189 116 4 50 181 1 20 24 5 64 168 39 102
114 0 107 19 78 26 160 76 146 186 138 79 101 127 8 198 86 63 100 139 90 174 0 46
131 21 51 102 8 189 101 174 185 43 5 189 2 80 118 171 109 21 3 82 20 109 168 120
90 179 25 64 31 26 122 95 66 18 5 169 127 106 6 46 22 26 31 118 28 151 153 77
18 156 29 135 89 9 28 144 150 115 98 184 176 18 7 35 171 133 30 171 186 41 65 190
102 178 4 19 146 189 42 48 184 125 133 139 57 66 52 12 34 136 161 24 88 6 55 150
191 22 161 163 117 198 161 81 24 129 135 186 65 184 138 62 193 5 156 57 113 37 149 71
