30 30 30067266499541040
7 86 40 83 113 109 26 104 74 73 39 153 146 13 0 7 8 84 147 180 194 55 118 34 14 186 160 33 5 75
40 146 95 52 120 46 80 79 128 158 104 183 182 6 200 33 146 192 17 119 66 110 104 163 52 7 175 2 39 194
41 166 181 150 134 31 123 95 142 188 43 187 117 1 138 151 51 1 168 197 111 83 100 195 173 73 37 58 3 63
154 146 44 40 22 173 50 118 31 194 53 198 17 37 96 192 139 9 182 5 149 189 21 193 107 29 15 88 115 99
106 172 1 126 151 155 128 97 91 130 184 147 90 148 92 0 32 20 133 73 33 12 62 76 140 78 61 184 121 113
196 141 8 178 79 88 180 0 118 57 189 163 191 181 166 70 69 59 5 185 191 70 41 131 48 56 133 19 141 100
192 185 119 124 88 41 25 137 172 154 8 64 171 112 67 137 182 32 170 193 140 90 4 196 139 38 112 97 50 33
115 2 170 47 42 81 68 86 17 178 156 127 19 87 183 198 102 123 54 64 14 138 164 99 78 177 177 180 144 73
16 113 155 53 165 125 20 199 134 167 44 73 67 19 28 194 8 78 172 58 187 63 145 98 33 192 0 198 73 59
109 70 83 102 134 1 55 35 58 188 1 5 128 20 170 84 184 147 118 54 38 61 82 61 71 175 11 45 2 113
62 200 142 146 130 67 153 153 175 191 190 75 160 142 8 15 194 179 63 19 177 74 27 109 131 52 64 130 159 111
25 144 102 71 197 109 145 163 25 162 132 143 134 108 165 135 59 17 29 94 170 172 73 122 88 189 192 52 92 19
16 125 132 18 144 157 93 51 141 108 79 163 181 158 154 99 56 196 94 100 145 56 107 60 104 149 169 87 131 84
189 4 54 61 20 172 37 161 38 150 111 4 102 5 119 62 40 95 48 182 11 77 5 57 71 114 150 183 140 148
133 172 4 36 190 25 68 109 87 140 161 191 18 74 35 69 65 103 169 137 137 113 72 145 187 76 157 173 2 36
90 63 85 155 47 67 56 134 137 57 48 37 148 60 94 178 16 92 81 45 159 64 25 0 101 151 37 45 186 120
110 5 33 167 112 37 192 0 166 60 68 185 149 52 137 101 150 81 97 59 184 186 74 158 193 153 24 105 187 165
153 92 191 93 111 99 188 47 34 185 6 52 140 39 173 48 180 164 12 154 70 85 89 2 186 196 58 26 138 171
44 157 123 188 22 155 151 66 8 46 200 75 161 40 123 144 154 166 0 129 86 37 119 7 196 116 73 92 195 40
103 73 13 108 123 127 165 95 178 195 106 9 89 132 128 182 12 47 189 42 48 153 126 97 121 199 145 118 171 185
50 2 41 31 149 137 37 83 192 168 39 86 105 143 131 113 34 24 77 144 156 141 60 23 69 112 41 67 152 92
48 84 54 21 98 31 38 17 46 38 186 171 161 4 53 86 140 160 73 20 85 45 141 146 161 130 52 113 34 34
88 159 50 28 161 27 33 159 65 74 38 62 6 56 117 65 156 68 164 139 138 48 153 65 89 156 22 183 54 123
112 21 186 108 136 126 37 63 93 166 168 157 19 115 15 29 188 140 175 179 86 50 145 192 157 155 66 60 87 123
172 61 2 19 67 165 195 133 92 123 81 28 6 75 146 176 189 32 140 9 132 38 187 50 30 157 20 130 137 3
14 3 182 113 137 127 155 25 180 122 16 48 67 67 111 82 171 23 111 193 115 195 115 89 133 51 145 192 137 164
27 145 199 92 171 82 94 156 129 104 53 132 166 113 120 143 52 18 169 75 19 33 51 48 67 40 24 101 93 3
153 193 81 104 139 10 39 137 166 54 34 21 140 166 56 39 164 21 193 11 156 146 10 131 7 1 4 44 187 141
35 30 171 115 147 42 135 90 9 174 114 60 195 137 129 88 58 19 154 72 97 169 23 195 176 169 161 32 5 69
8 167 37 111 173 156 39 156 185 14 102 68 57 96 25 189 116 180 180 85 124 19 87 81 125 107 147 181 48 59
