30 30 30067266499541040
11 113 122 22 49 56 116 19 126 50 9 120 175 153 103 177 156 162 180 184 172 43 104 147 89 90 183 168 59 40
149 200 27 34 16 42 32 194 150 186 53 33 107 128 178 1 135 46 21 67 29 47 86 170 12 114 15 84 131 26
47 148 28 154 167 27 29 106 102 6 77 53 84 190 58 164 30 42 135 65 63 95 46 114 178 76 51 117 107 32
157 108 38 143 18 199 165 176 171 196 3 189 74 97 60 140 112 125 100 169 70 82 101 109 127 130 61 198 14 44
74 176 198 199 44 100 61 108 101 125 70 48 18 60 196 179 127 93 14 82 165 130 189 143 112 169 157 97 3 38
76 90 167 156 19 89 116 9 113 102 65 154 103 168 120 63 172 11 40 50 147 43 28 153 148 183 49 162 59 51
145 101 44 4 99 18 97 100 82 60 196 13 124 3 176 48 61 188 93 127 165 64 199 125 198 161 14 179 130 138
87 25 193 182 129 5 121 45 111 119 115 52 88 54 110 31 20 69 55 173 81 191 151 160 96 66 105 62 24 41
1 118 12 25 87 166 33 141 54 67 83 170 55 45 194 128 182 150 185 31 152 151 23 81 24 174 160 136 21 105
96 24 129 193 182 81 62 123 110 31 69 87 115 105 187 121 20 173 45 17 55 119 191 66 111 88 5 54 41 52
172 77 6 89 153 76 28 42 167 46 30 164 148 113 50 95 51 102 9 168 114 147 58 190 65 117 63 154 106 162
197 35 37 72 98 140 133 7 171 85 142 71 10 137 155 132 109 36 144 57 94 134 163 181 92 78 2 73 8 68
17 193 5 139 4 80 187 88 124 159 96 115 161 158 75 145 91 20 99 39 13 123 111 173 188 0 129 146 138 64
195 19 78 35 134 103 177 180 120 8 90 181 122 79 156 2 22 175 49 56 192 183 184 71 94 144 11 116 104 126
10 142 70 74 189 163 197 85 169 109 171 155 68 143 133 38 37 108 157 98 7 112 73 72 57 140 92 36 132 137
131 34 53 107 77 114 106 15 46 84 47 95 30 135 26 29 117 58 190 200 16 86 164 42 27 186 149 178 6 32
166 27 67 170 84 1 194 131 174 128 86 149 12 186 136 152 15 200 34 150 33 47 141 23 83 16 26 118 185 21
37 109 57 60 44 143 176 108 140 70 14 61 112 157 198 68 36 199 74 38 7 132 189 98 171 127 82 85 142 169
35 195 122 94 2 72 79 163 8 175 56 197 71 155 184 22 104 181 192 144 133 134 126 180 10 177 137 78 73 92
117 46 102 6 113 106 162 42 190 63 95 76 167 114 51 29 58 154 135 28 178 148 30 53 77 153 65 107 164 32
71 192 57 134 7 98 72 92 137 163 133 79 37 2 78 144 73 85 8 68 132 181 35 195 36 10 142 94 155 197
9 175 49 122 184 177 195 120 126 43 168 40 56 79 104 172 19 180 89 50 156 192 103 147 116 183 59 90 11 22
12 86 150 25 174 15 67 16 160 194 128 151 26 200 23 141 131 185 149 1 118 34 33 170 136 21 152 83 166 186
105 41 24 45 110 119 151 23 118 174 160 66 52 31 121 166 62 81 87 191 25 182 185 141 152 69 54 55 136 83
75 125 139 97 4 39 93 99 48 13 18 130 64 146 145 91 179 165 3 101 158 159 124 138 100 196 188 161 0 80
173 111 158 110 119 66 96 20 39 0 52 123 159 187 62 91 121 139 115 5 146 17 41 75 88 129 193 80 69 191
111 158 145 91 4 0 124 13 139 99 93 115 179 173 80 64 123 39 17 193 159 188 187 48 75 161 146 96 88 138
43 51 77 162 148 102 190 168 147 89 9 28 59 40 113 65 6 30 153 172 50 117 58 63 164 167 154 106 76 95
66 69 136 121 52 45 110 24 23 119 25 31 174 41 185 160 5 55 62 105 182 191 129 54 166 87 152 20 81 151
86 1 149 84 118 33 27 83 29 200 16 150 186 128 135 53 26 15 21 178 194 12 67 47 131 107 141 34 170 32
