13 15 1
133 134 177 179 92 122 184 43 160 95 15 134 163 39 18
134 177 179 92 122 184 43 160 95 15 134 163 39 18 147
177 179 92 122 184 43 160 95 15 134 163 39 18 147 183
179 92 122 184 43 160 95 15 134 163 39 18 147 183 153
92 122 184 43 160 95 15 134 163 39 18 147 183 153 144
122 184 43 160 95 15 134 163 39 18 147 183 153 144 105
184 43 160 95 15 134 163 39 18 147 183 153 144 105 46
43 160 95 15 134 163 39 18 147 183 153 144 105 46 172
160 95 15 134 163 39 18 147 183 153 144 105 46 172 33
95 15 134 163 39 18 147 183 153 144 105 46 172 33 45
15 134 163 39 18 147 183 153 144 105 46 172 33 45 92
134 163 39 141 147 183 153 144 105 46 172 33 45 92 108
163 39 18 147 183 153 144 105 46 172 33 45 92 108 130
