30 30 1
154 191 29 125 93 126 90 156 34 132 108 78 66 166 189 185 117 159 24 99 124 46 128 32 12 114 16 171 41 60
19 160 13 86 42 18 74 144 113 75 40 92 85 31 188 15 87 64 120 153 3 184 48 27 35 158 200 57 62 6
102 133 97 48 119 147 15 157 3 94 23 179 195 87 144 100 146 56 53 42 165 13 127 11 35 107 81 8 47 62
90 41 66 7 99 60 93 34 117 189 132 12 29 154 108 171 24 185 82 16 61 46 118 129 126 44 125 78 32 124
159 8 191 124 23 171 114 100 90 102 157 107 179 20 128 146 156 147 166 97 11 47 94 56 53 119 198 121 133 195
9 184 158 200 79 115 92 182 71 139 160 120 18 153 64 194 86 164 98 30 116 111 113 77 137 33 36 6 151 145
59 167 140 122 130 131 21 192 141 197 95 150 88 169 49 142 173 25 187 180 83 163 63 193 67 161 149 186 37 190
143 174 55 51 104 72 105 10 199 91 4 45 183 110 84 136 5 26 170 89 155 135 73 196 148 28 17 1 178 96
50 176 122 170 88 0 181 73 89 150 49 59 2 67 148 143 149 69 172 22 135 45 63 96 83 101 5 51 155 4
198 108 121 171 117 126 99 189 29 159 78 41 60 125 156 46 32 124 154 132 12 24 191 90 66 166 128 185 20 114
116 85 19 158 120 31 164 40 64 115 18 137 6 153 79 86 194 200 27 182 145 92 75 184 160 33 113 57 188 74
34 28 1 138 105 118 110 136 7 183 16 61 178 84 91 174 72 44 129 93 82 17 162 26 196 10 134 104 199 55
193 37 54 163 161 38 197 187 192 169 95 80 58 152 140 142 65 43 180 167 130 141 131 186 112 168 173 21 190 25
172 181 161 197 180 50 140 150 0 59 49 88 122 63 173 25 83 149 190 67 186 193 167 69 176 2 101 22 21 187
186 0 150 149 161 172 2 63 83 181 135 67 173 89 25 49 69 122 167 190 96 140 22 176 59 50 101 88 187 21
174 143 199 69 148 172 135 51 176 89 91 196 2 96 55 0 104 17 155 101 50 170 73 22 178 5 84 45 181 4
1 46 162 26 16 117 138 110 125 34 61 66 28 126 154 118 183 82 129 24 93 10 7 134 99 44 136 72 105 29
73 196 178 82 26 134 61 183 72 10 129 105 51 44 1 174 110 4 118 136 138 162 84 28 104 7 91 199 55 17
116 175 33 177 77 103 71 111 182 36 194 164 145 79 109 9 98 76 39 14 151 115 106 137 123 52 30 70 139 68
158 188 3 120 74 127 64 42 62 19 57 113 86 6 35 13 18 165 31 85 15 87 144 48 153 92 75 27 81 40
141 112 131 21 76 161 168 58 140 54 163 65 197 37 192 142 175 152 187 173 130 43 38 70 193 80 25 95 169 180
47 8 11 97 157 198 94 121 114 100 166 159 23 53 119 165 191 147 127 195 179 81 133 20 102 156 56 146 107 128
29 138 125 82 7 24 189 41 117 60 78 99 134 66 129 32 118 108 12 61 132 34 185 154 16 93 126 44 162 46
50 135 2 22 186 83 45 170 63 49 172 67 155 101 149 176 150 88 96 0 181 148 190 69 89 5 59 122 143 167
56 81 144 62 97 27 19 195 85 75 147 42 31 188 133 48 165 15 57 74 3 11 119 94 40 100 35 13 87 127
132 12 156 159 191 185 60 90 171 198 107 124 102 114 32 189 146 78 157 41 108 166 53 8 47 179 23 128 20 121
14 131 142 175 58 163 70 109 177 68 43 54 39 80 76 37 169 130 52 123 141 168 192 112 103 152 106 65 95 38
72 162 155 143 110 26 17 51 10 138 148 105 136 84 183 5 73 196 178 199 91 28 4 45 174 170 104 1 134 55
111 137 139 115 109 9 77 71 14 151 79 200 145 164 98 123 39 33 194 52 30 116 177 184 68 103 160 182 106 36
9 30 152 68 111 39 76 168 98 123 65 70 139 112 14 109 103 38 43 52 58 54 106 175 80 36 71 151 177 77
