15 19 471435600
7 70 189 198 99 115 97 132 69 167 127 85 80 50 150 89 176 88 98
106 131 93 59 144 125 127 127 27 102 44 32 146 145 87 64 104 78 28
171 28 136 49 16 197 113 144 17 54 129 129 79 138 163 179 156 88 200
52 60 59 35 37 37 183 120 130 67 175 182 179 15 134 153 167 98 30
128 107 118 113 106 14 140 68 109 190 185 81 110 33 184 25 162 27 170
141 180 29 40 174 68 106 180 107 29 60 98 164 21 32 30 159 118 198
79 96 85 94 102 196 132 35 100 116 68 108 38 83 93 45 75 44 163
134 3 96 114 8 124 81 198 129 177 144 104 81 57 109 2 88 48 6
170 103 195 111 140 105 121 174 121 156 130 78 0 88 74 83 66 76 196
156 0 179 148 188 81 96 13 67 72 179 25 166 7 84 137 43 4 89
2 172 85 187 26 124 89 189 73 104 20 191 128 150 130 135 129 97 173
102 1 18 5 100 105 10 93 77 199 194 71 190 78 185 167 31 125 188
14 51 11 110 106 25 79 119 147 79 126 91 0 146 3 164 168 110 33
188 114 51 189 200 194 139 169 18 178 22 181 34 15 172 172 158 83 115
8 38 107 139 23 169 15 102 93 139 63 22 177 147 63 198 165 50 0
