30 30 1
96 23 140 169 62 163 178 59 76 16 173 187 195 108 118 179 48 5 70 110 130 104 47 121 128 74 147 33 186 25
58 172 137 133 3 135 44 64 17 151 92 82 175 198 120 102 134 171 126 35 184 123 122 67 148 4 57 1 95 72
111 52 29 181 113 22 106 176 152 39 159 14 75 38 71 28 83 30 124 115 2 200 65 99 180 154 73 97 183 9
58 54 189 68 4 35 123 116 158 18 81 82 171 57 63 137 95 94 84 122 134 120 138 10 102 67 148 184 72 92
41 145 32 188 56 170 85 185 20 167 40 114 6 15 196 160 161 43 177 103 78 142 0 165 100 164 61 66 143 197
163 140 108 166 169 87 11 76 74 104 23 130 110 96 149 25 55 90 147 59 45 121 5 187 60 16 79 173 33 48
122 135 18 184 148 58 120 134 1 54 123 102 4 158 171 81 84 95 10 116 82 57 137 94 126 63 72 92 35 67
173 109 105 53 27 34 118 46 162 8 186 77 156 62 117 94 179 178 26 144 70 195 51 128 199 59 42 174 47 16
104 99 48 76 79 5 111 140 55 181 9 73 166 25 87 149 147 83 152 2 39 33 97 45 187 60 200 90 11 106
115 22 60 39 71 87 152 97 111 200 176 55 45 154 90 38 106 83 181 75 79 113 99 9 73 149 166 124 2 11
118 70 195 51 105 59 186 16 199 128 130 169 178 8 74 47 173 53 168 144 121 110 162 179 156 23 108 62 163 96
136 27 77 170 109 93 49 21 41 139 196 37 88 101 0 46 177 91 117 24 34 42 174 153 15 26 100 32 131 142
66 131 100 145 0 142 15 177 21 40 32 197 143 101 136 170 41 6 153 164 49 88 196 165 93 24 37 91 139 61
76 45 5 104 99 166 152 130 11 33 149 87 97 25 39 96 111 60 48 2 187 147 9 55 106 79 181 74 140 90
77 49 142 139 41 21 100 196 109 153 24 101 88 37 27 174 91 197 177 93 131 170 15 165 42 145 0 32 117 136
114 127 182 145 143 188 164 78 165 185 6 103 132 160 43 20 161 192 125 40 167 56 61 66 155 85 69 31 7 197
89 161 188 56 31 160 143 66 40 182 78 167 61 12 114 185 43 20 155 127 192 7 85 157 125 103 69 132 6 164
112 182 86 188 194 12 119 192 7 146 43 89 56 141 31 107 161 185 132 125 167 85 160 50 157 69 36 114 155 127
126 133 190 175 58 122 198 151 135 1 64 67 123 191 17 80 57 120 44 134 172 150 193 98 102 3 13 19 35 129
140 121 55 33 147 130 23 25 45 39 60 97 187 48 2 169 104 5 76 90 79 11 163 96 74 166 108 149 110 87
150 194 146 157 119 172 198 129 12 36 13 193 112 151 19 64 50 98 107 133 191 175 17 3 89 80 86 141 44 190
113 68 154 124 189 28 29 138 71 14 10 63 94 22 81 52 84 115 116 159 158 30 176 75 18 183 180 65 38 54
53 24 26 42 128 168 117 118 178 62 186 27 195 8 105 47 174 21 70 179 162 77 156 144 46 109 153 199 34 51
93 168 77 46 117 139 144 34 49 136 21 24 131 37 53 109 101 26 88 174 91 27 105 8 162 153 51 156 42 199
6 41 15 197 145 103 131 100 93 165 91 0 66 37 88 101 136 32 78 143 40 196 20 139 164 170 49 142 61 177
138 189 124 159 152 9 30 83 176 183 154 22 111 38 73 113 28 180 200 99 115 106 29 65 52 75 71 181 68 14
47 34 62 8 16 128 169 53 156 163 195 199 121 144 108 110 59 46 168 179 70 23 178 26 173 186 51 162 105 118
192 146 141 157 132 190 86 12 112 7 191 182 194 50 31 80 119 129 127 13 98 36 69 19 107 89 150 125 155 193
52 148 65 94 189 4 158 14 81 137 10 180 82 138 54 95 116 18 183 184 159 72 63 29 171 68 30 84 92 28
198 98 191 112 44 3 126 146 80 172 150 50 141 17 151 194 193 175 19 107 86 190 36 13 135 119 129 133 64 1
