30 30 1
159 143 145 78 181 173 92 39 162 138 193 154 123 144 185 95 176 62 187 118 29 79 38 164 122 197 127 115 191 94
149 106 99 120 0 66 16 198 57 56 195 24 146 52 190 163 88 15 48 50 161 3 160 12 114 148 31 133 45 168
60 75 186 105 129 55 107 1 8 98 177 199 147 200 152 65 196 182 30 27 10 194 77 40 80 166 157 108 13 117
166 108 194 135 1 157 8 98 33 80 147 182 117 30 32 199 196 186 158 152 55 107 200 129 59 26 60 151 89 102
25 125 156 87 33 85 124 93 151 59 32 9 104 11 89 158 169 172 69 68 47 165 26 102 20 28 135 137 142 44
190 176 115 164 123 146 161 168 195 0 16 57 3 52 88 48 163 149 198 62 162 148 122 94 92 38 144 114 78 15
62 190 195 146 15 88 149 123 0 115 168 52 133 99 50 176 16 198 161 38 92 164 122 57 162 148 48 114 3 163
99 12 114 88 122 50 123 161 15 195 120 133 164 3 56 149 146 57 16 160 168 106 45 0 198 190 148 48 52 163
131 167 160 128 133 99 49 56 83 71 24 17 132 136 192 35 66 12 170 106 18 41 43 45 31 184 120 50 34 7
119 110 97 42 140 183 126 53 84 153 37 116 4 81 46 2 121 155 19 101 76 103 113 6 73 21 179 70 61 14
29 39 11 47 118 145 185 87 69 138 143 79 173 142 95 193 154 20 191 28 187 94 181 68 78 127 197 125 159 144
78 162 118 94 16 176 149 161 39 187 15 143 123 144 148 191 38 92 115 146 0 122 163 88 185 181 62 79 145 164
176 191 185 95 197 94 144 193 115 127 38 187 92 39 143 142 173 118 154 11 159 181 138 145 62 28 79 162 78 29
72 167 171 110 61 71 97 113 49 103 76 170 101 83 14 121 96 34 53 155 184 179 73 6 131 42 70 17 140 46
73 110 14 97 21 4 6 179 96 126 101 42 70 103 19 155 113 84 72 153 76 171 116 81 121 46 53 140 61 183
136 160 133 147 7 18 41 168 31 120 52 106 35 198 45 128 56 114 24 12 43 50 99 48 132 192 195 190 3 66
158 68 135 25 20 151 107 172 26 104 124 125 44 165 85 33 89 93 59 156 157 102 87 69 169 32 9 98 137 47
75 194 36 174 147 186 74 182 91 105 13 109 64 196 67 5 10 58 80 1 23 77 27 129 152 134 178 65 40 177
109 58 189 180 112 64 91 67 22 86 82 178 150 139 130 36 5 63 51 111 74 175 174 100 23 54 141 188 90 134
28 154 29 93 25 20 95 9 68 87 138 159 47 125 104 173 172 156 142 193 124 169 127 69 44 197 137 165 85 11
180 84 86 153 112 54 100 90 111 188 51 189 150 81 130 63 175 37 126 183 2 19 119 4 141 116 22 139 82 21
75 23 40 74 58 13 178 65 109 64 134 5 54 174 82 36 67 10 91 27 86 77 112 51 100 22 188 130 105 177
84 6 153 2 21 179 37 116 183 180 121 19 63 97 111 61 119 175 90 126 101 4 103 150 139 53 189 14 81 141
71 66 96 192 45 72 43 170 136 184 83 18 24 41 167 132 35 34 131 49 7 31 160 171 106 17 128 56 120 12
199 8 9 151 59 93 124 32 89 98 104 25 108 30 66 107 33 26 165 158 200 102 137 157 44 166 135 85 60 117
76 170 42 46 192 83 131 18 49 155 7 71 184 35 43 72 110 73 96 70 167 113 171 132 140 136 128 34 41 17
170 17 171 42 76 167 155 110 24 192 184 7 128 132 41 96 46 66 113 83 18 136 34 31 72 131 49 35 43 71
86 178 37 119 36 82 63 150 141 100 90 175 91 54 189 22 111 174 130 67 139 5 51 134 180 64 2 188 112 58
129 55 60 8 186 194 65 152 13 109 30 199 200 105 1 182 23 27 40 147 10 77 117 75 196 177 80 166 108 74
169 159 118 187 156 127 95 191 172 69 79 29 39 68 20 87 181 143 142 197 145 185 28 138 47 154 11 193 173 125
