23 16 9364199760
53 2 177 176 153 24 84 146 147 39 0 24 157 191 148 7
2 177 176 153 24 84 146 147 39 0 24 157 191 148 7 76
177 176 153 24 84 146 147 39 0 188 157 191 148 7 76 6
176 153 24 84 146 147 39 0 24 157 191 148 7 76 6 13
153 24 84 146 147 39 0 24 157 191 148 7 76 6 13 90
24 84 146 147 39 0 24 157 191 148 7 76 6 13 90 86
84 146 147 39 0 24 157 191 148 7 76 6 13 90 86 117
146 147 39 0 24 157 191 148 7 76 6 13 90 86 117 0
147 39 0 24 157 191 148 7 76 6 13 90 86 117 0 35
39 0 24 157 191 148 7 76 6 13 90 86 117 0 35 27
0 24 157 191 148 7 76 6 13 90 86 117 0 35 27 145
24 157 191 148 7 76 6 13 90 86 117 0 35 27 145 51
157 191 148 7 76 6 13 90 86 117 0 35 27 145 51 188
191 148 7 76 6 13 90 86 117 0 35 27 145 51 188 7
148 7 76 6 13 90 86 117 0 35 27 145 51 188 7 100
7 76 6 13 90 86 117 0 35 27 145 51 188 7 100 122
76 6 13 90 86 117 0 35 27 145 51 188 7 100 122 24
6 13 90 86 117 0 35 27 145 51 188 7 100 122 24 180
13 90 86 117 0 35 27 145 51 188 7 100 122 24 180 169
90 86 117 0 35 27 145 51 188 7 100 122 24 75 169 81
86 117 0 35 27 145 51 188 7 100 122 24 180 169 81 189
117 0 35 27 145 51 188 7 100 122 24 180 169 81 189 140
0 35 27 145 51 188 7 100 122 24 180 169 81 189 140 167
