25 23 7890371113950
163 188 179 155 195 81 147 119 118 150 161 83 46 72 78 27 182 147 198 168 194 63 74
188 179 155 195 81 147 119 118 150 161 83 46 72 78 27 182 147 198 168 194 63 74 157
179 155 195 81 147 119 118 150 161 83 46 72 78 27 182 147 198 168 194 63 74 157 35
155 195 81 147 119 118 150 161 83 46 72 78 27 182 147 198 168 194 63 74 157 35 122
195 81 147 119 118 150 161 83 46 72 78 27 182 147 198 168 194 63 74 157 35 122 57
81 147 119 118 150 161 83 46 72 78 27 182 147 198 168 194 63 74 157 35 122 57 157
147 119 118 150 161 83 46 72 78 27 182 147 198 168 194 63 74 157 35 122 57 157 10
119 118 150 161 83 46 72 78 27 182 147 198 168 194 63 74 157 35 122 57 157 10 82
118 150 161 83 46 72 78 27 182 147 198 168 194 63 74 157 35 122 57 157 10 82 1
150 161 83 46 72 78 27 182 147 198 168 194 63 74 157 35 122 57 157 10 82 1 150
161 83 46 72 78 27 182 147 198 168 194 63 74 157 35 122 57 157 10 82 1 150 7
83 46 72 78 27 182 147 198 168 194 63 74 157 35 122 57 157 10 82 1 150 7 82
46 72 78 27 182 147 198 168 194 63 74 157 35 122 57 157 10 82 1 150 7 82 134
72 78 27 182 147 198 168 194 63 74 157 35 122 57 157 10 82 1 150 7 82 134 17
78 27 182 147 198 168 194 63 74 157 35 122 57 157 10 82 1 150 7 82 134 17 29
27 182 147 198 168 194 63 74 157 35 122 57 157 10 82 1 150 7 82 134 17 29 110
182 147 198 168 194 63 74 157 35 122 57 157 10 82 1 150 7 82 134 17 29 110 95
147 198 168 194 63 74 157 35 122 57 157 10 82 1 150 7 82 134 17 29 110 95 91
198 168 194 63 74 157 35 122 57 157 10 82 1 150 7 82 134 17 29 110 95 91 84
168 194 63 74 157 35 122 57 157 10 82 1 150 7 82 134 17 29 110 95 91 84 50
194 63 74 157 35 122 57 157 10 82 1 150 7 82 134 17 29 110 95 91 84 50 184
63 74 157 35 122 57 157 10 82 1 150 7 82 134 17 29 110 95 91 84 50 184 179
74 157 35 122 57 157 10 82 1 150 7 82 134 17 29 110 95 91 84 50 184 179 188
157 35 122 57 157 10 82 1 150 7 82 134 17 29 110 95 91 84 50 184 179 188 76
35 122 57 157 10 82 1 150 7 82 134 17 29 110 95 91 84 50 184 179 188 76 166
