30 20 11541847896480
62 128 25 120 92 191 87 172 186 122 26 27 18 74 18 193 181 24 90 19
30 6 119 125 108 63 39 181 121 195 68 53 47 174 102 73 58 50 44 119
176 183 31 27 56 50 77 7 55 60 42 143 155 20 66 60 22 111 108 159
25 198 71 85 177 104 74 175 127 94 103 42 27 178 130 146 172 75 18 98
151 40 138 9 174 64 20 127 61 56 139 198 4 20 147 129 172 109 91 0
87 168 55 81 1 103 37 145 196 145 174 160 53 22 193 194 73 174 59 177
30 130 181 58 198 141 65 155 141 46 67 171 21 98 78 46 110 194 24 185
164 144 99 108 47 73 119 177 159 155 65 154 140 101 85 8 193 112 154 170
71 101 3 149 132 95 39 112 24 9 187 62 200 180 54 62 60 91 33 114
91 153 174 49 141 14 170 172 45 143 146 155 184 34 56 94 138 91 80 101
58 184 194 199 70 6 21 37 78 168 89 17 151 196 190 141 164 2 187 140
95 62 144 100 62 28 13 121 73 42 140 56 55 139 173 39 158 58 39 17
66 120 165 48 49 177 66 118 68 44 161 1 7 23 14 46 116 111 79 38
127 137 53 17 182 80 152 47 13 161 157 25 194 24 189 157 147 70 24 158
115 133 57 17 195 195 144 187 122 161 139 168 88 124 74 184 188 83 66 179
8 92 80 157 158 95 130 140 193 86 21 76 183 131 74 157 95 16 86 53
23 118 49 59 149 116 4 199 26 177 5 116 172 13 124 165 34 191 154 25
194 124 187 29 185 22 1 73 118 50 51 147 113 45 63 170 30 48 89 132
99 35 198 116 8 101 60 114 171 77 132 186 166 62 132 182 152 150 99 73
41 92 162 175 114 36 28 31 161 114 192 197 69 100 58 123 16 125 133 138
192 135 27 175 97 87 19 190 6 156 133 55 174 58 67 80 176 195 23 4
47 16 181 87 102 119 122 188 7 159 25 7 11 19 181 31 27 160 170 66
70 160 160 0 73 112 53 126 18 103 56 165 94 75 164 122 90 23 195 154
108 25 5 152 83 63 138 2 47 90 140 143 101 181 5 153 155 110 112 71
16 112 95 177 57 173 176 1 57 135 189 30 109 161 65 169 163 173 140 58
83 130 126 19 156 195 171 82 164 109 33 101 166 127 11 15 40 18 125 15
23 36 121 80 61 79 86 62 63 154 14 169 100 18 193 25 122 3 60 27
192 73 78 122 140 96 127 195 191 2 183 136 29 35 17 86 162 146 181 11
99 16 138 153 14 81 44 177 30 93 120 138 39 146 12 100 60 175 136 122
116 32 66 92 167 10 55 199 52 11 112 55 96 135 89 51 31 167 101 57
