29 25 1
55 79 43 188 60 22 176 81 47 61 46 45 48 25 128 141 102 77 84 72 67 69 63 155 195
44 146 76 13 36 168 193 24 161 7 28 147 6 71 124 122 8 74 178 149 9 131 200 118 139
47 72 84 45 46 48 61 176 102 43 128 188 55 77 141 136 81 79 25 22 155 195 69 60 67
11 101 199 108 113 180 116 37 70 12 30 144 107 96 104 184 42 21 97 16 2 185 171 169 49
118 86 103 23 151 18 150 90 143 66 13 152 87 91 134 125 117 196 29 187 158 189 183 129 164
130 138 31 179 173 15 115 194 198 163 157 32 142 54 34 52 166 14 111 186 75 105 153 58 135
200 24 6 50 7 71 74 139 147 9 28 131 36 168 122 161 95 44 178 76 146 124 149 193 8
64 65 56 88 53 50 20 94 140 38 177 4 68 51 62 119 26 172 167 82 190 98 145 89 191
189 103 164 134 183 86 118 125 129 29 151 152 18 91 117 158 143 90 196 150 66 10 23 187 87
182 1 39 93 126 83 112 57 120 175 92 165 132 33 0 133 156 80 159 59 5 58 17 137 162
157 186 75 105 153 34 111 142 163 174 179 130 54 198 115 52 166 173 63 32 15 14 138 194 31
34 105 130 15 52 194 32 163 54 198 174 115 153 157 75 135 138 111 186 14 31 179 142 166 173
12 184 96 169 108 2 0 197 101 21 70 37 11 113 144 16 171 39 185 104 107 42 199 116 49
2 171 30 12 185 42 116 104 108 144 70 96 113 49 37 21 39 199 11 16 169 107 101 197 184
198 31 72 105 179 174 186 157 194 32 75 111 34 166 52 15 130 153 163 173 14 115 63 54 138
98 140 172 167 51 89 62 119 177 26 53 82 65 56 20 95 38 64 94 68 190 88 4 50 191
0 17 162 39 126 120 83 59 132 92 197 93 165 175 33 57 137 182 156 112 80 1 159 5 133
87 85 29 152 90 189 129 164 187 91 103 150 117 86 66 125 196 183 158 143 10 23 134 151 18
27 19 160 78 114 41 123 85 40 121 127 99 10 73 192 181 3 109 110 148 106 35 170 154 100
97 181 109 35 41 148 180 123 154 78 100 99 40 127 170 19 121 192 41 106 27 3 160 73 110
181 78 123 180 110 106 99 170 97 19 127 27 41 100 109 40 114 35 121 192 148 3 73 30 160
100 73 78 40 114 99 97 123 3 127 160 106 170 41 110 192 121 27 148 85 109 19 181 35 154
80 92 159 0 57 59 175 162 112 126 120 58 156 182 93 1 133 17 33 135 5 83 132 137 165
84 25 22 77 81 174 63 155 79 195 43 60 48 102 47 67 188 69 128 72 45 176 55 141 61
199 30 107 11 2 49 96 108 184 185 42 70 197 104 21 180 144 12 116 171 37 16 113 169 101
56 98 64 62 88 89 140 94 38 26 145 167 20 53 68 51 4 172 136 177 82 119 191 190 65
13 149 146 147 74 76 122 8 124 200 28 131 6 7 24 44 193 71 178 161 36 9 168 139 95
128 145 141 43 22 81 67 61 176 48 79 47 25 46 45 195 155 60 55 84 77 136 188 102 69
142 93 135 59 159 120 165 175 112 156 132 58 33 133 80 57 92 162 17 83 126 137 5 182 1
