30 30 30067266499541040
62 179 126 156 101 146 39 134 29 104 98 72 156 78 156 15 196 178 76 4 78 169 0 91 166 37 129 125 154 103
179 126 156 101 146 39 134 29 104 98 72 156 78 156 15 196 178 76 4 78 169 0 91 166 37 129 125 154 103 94
126 156 101 146 39 134 29 104 98 72 156 78 156 15 196 178 76 4 78 169 0 91 166 37 129 125 154 103 94 128
156 101 146 39 134 29 104 98 72 156 78 156 15 196 178 76 4 78 169 0 91 166 37 129 125 154 103 94 128 184
101 146 39 134 29 104 98 72 156 78 156 15 196 178 76 4 78 169 0 91 166 37 129 125 154 103 94 128 184 73
146 39 134 29 104 98 72 156 78 156 15 196 178 76 4 78 169 0 91 166 37 129 125 154 103 94 128 184 73 5
39 134 29 104 98 72 156 78 156 15 196 178 76 4 78 169 0 91 166 37 129 125 154 103 94 128 184 73 5 160
134 29 104 98 72 156 78 156 15 196 178 76 4 78 169 0 91 166 37 129 125 154 103 94 128 184 73 5 160 23
29 104 98 72 156 78 156 15 196 178 76 4 78 169 0 91 166 37 129 125 154 103 94 128 184 73 5 160 23 86
104 98 72 156 78 156 15 196 178 76 4 78 169 0 91 166 37 129 125 154 103 94 128 184 73 5 160 23 86 75
98 72 156 78 156 15 196 178 76 4 78 169 0 91 166 37 129 125 154 103 94 128 184 73 5 160 23 86 75 78
72 156 78 156 15 196 178 76 4 78 169 0 91 166 37 129 125 154 103 94 128 184 73 5 160 23 86 75 78 17
156 78 156 15 196 178 76 4 78 169 0 91 166 37 129 125 154 103 94 128 184 73 5 160 23 86 75 78 17 125
78 156 15 196 178 76 4 78 169 0 91 166 37 129 125 154 103 94 128 184 73 5 160 23 86 75 78 17 125 17
156 15 196 178 76 4 78 169 0 91 166 37 129 125 154 103 94 128 184 73 5 160 23 86 75 78 17 125 17 168
15 196 178 76 4 78 169 0 91 166 37 129 125 154 103 94 128 184 73 5 160 23 86 75 78 17 125 17 168 113
196 178 76 4 78 169 0 91 166 37 129 125 154 103 94 128 184 73 5 160 23 86 75 78 17 125 17 168 113 17
178 76 4 78 169 0 91 166 37 129 125 154 103 94 128 184 73 5 160 23 86 75 78 17 125 17 168 113 17 43
76 4 78 169 0 91 166 37 129 125 154 103 94 128 184 73 5 160 23 86 75 78 17 125 17 168 113 17 43 87
4 78 169 0 91 166 37 129 125 154 103 94 128 184 73 5 160 23 86 75 78 17 125 17 168 113 17 43 87 125
78 169 0 91 166 37 129 125 154 103 94 128 184 73 5 160 23 86 75 78 17 125 17 168 113 17 43 87 125 95
169 0 91 166 37 129 125 154 103 94 128 184 73 5 160 23 86 75 78 17 125 17 168 113 17 43 87 125 95 186
0 91 166 37 129 125 154 103 94 128 184 73 5 160 23 86 75 78 17 125 17 168 113 17 43 87 125 95 186 106
91 166 37 129 125 154 103 94 128 184 73 5 160 23 86 75 78 17 125 17 168 113 17 43 87 125 95 186 106 165
166 37 129 125 154 103 94 128 184 73 5 160 23 86 75 78 17 125 17 168 113 17 43 87 125 95 186 106 165 65
37 129 125 154 103 94 128 184 73 5 160 23 86 75 78 17 125 17 168 113 17 43 87 125 95 186 106 165 65 49
129 125 154 103 94 128 184 73 5 160 23 86 75 78 17 125 17 168 113 17 43 87 125 95 186 106 165 65 49 36
125 154 103 94 128 184 73 5 160 23 86 75 78 17 125 17 168 113 17 43 87 125 95 186 106 165 65 49 36 18
154 103 94 128 184 73 5 160 23 86 75 78 17 125 17 168 113 17 43 87 125 95 186 106 165 65 49 36 18 45
103 94 128 184 73 5 160 23 86 75 78 17 125 17 168 113 17 43 87 125 95 186 106 165 65 49 36 18 45 190
