30 30 30067266499541040
5 154 71 195 155 154 6 184 176 62 135 75 47 11 87 11 5 191 14 43 110 45 45 53 35 62 190 99 131 81
8 10 59 58 36 95 192 168 61 196 122 25 104 61 182 8 1 35 65 144 35 165 157 15 78 147 168 84 106 80
190 198 88 73 70 20 148 37 75 125 188 147 11 123 145 151 155 100 26 127 177 0 18 4 149 67 183 53 129 82
113 104 144 38 44 176 60 88 167 98 18 17 118 49 177 159 16 97 34 51 20 17 21 167 161 163 125 82 44 35
86 91 115 57 140 102 72 84 72 110 78 129 32 50 8 87 124 108 92 31 56 89 90 65 19 152 77 73 124 39
187 43 100 78 49 105 89 103 43 89 182 141 187 82 10 26 150 29 88 135 165 128 118 140 62 39 5 85 176 39
119 61 59 46 23 6 111 96 140 96 124 77 3 19 178 94 87 115 14 56 142 193 94 68 77 23 110 42 65 182
47 102 182 200 161 196 66 101 58 127 151 71 155 157 1 101 171 113 89 132 19 118 124 65 64 49 186 35 161 155
33 34 155 96 50 66 57 60 197 47 23 3 149 93 149 45 42 147 177 200 17 126 144 114 0 158 142 11 124 83
76 73 130 200 133 140 123 142 40 75 61 165 175 70 167 8 67 66 198 71 190 148 143 179 41 110 46 34 95 4
15 154 180 109 82 105 71 136 91 65 185 178 183 23 51 40 110 162 86 164 9 8 105 121 154 138 155 36 147 80
40 128 14 14 33 111 1 89 151 76 41 54 87 151 18 129 108 117 82 152 54 12 190 45 62 91 134 105 193 110
140 102 138 75 157 7 130 174 82 70 47 122 192 126 129 141 1 117 75 141 8 176 172 197 44 152 108 150 40 179
128 113 131 167 153 144 105 129 167 195 153 0 103 103 171 112 24 40 28 121 198 45 26 58 126 195 128 100 77 24
87 163 103 16 95 148 126 60 12 169 46 21 113 99 113 14 48 173 18 187 42 142 106 173 76 31 59 91 9 116
10 193 163 118 110 89 187 184 49 137 27 185 6 13 119 16 119 169 43 166 82 26 24 112 29 64 126 59 63 31
60 69 120 168 49 176 3 118 61 82 175 29 176 29 184 193 38 179 134 192 98 108 52 198 129 139 122 142 29 179
152 153 183 148 62 13 19 162 73 44 170 135 92 194 153 147 117 123 196 30 111 56 157 169 77 191 90 58 54 73
50 109 111 45 134 129 7 31 7 38 5 153 107 31 117 99 110 169 97 90 112 4 60 27 183 62 171 83 100 5
122 200 122 176 48 55 32 63 178 195 78 42 182 145 139 61 147 105 36 185 178 27 159 104 11 166 180 6 109 157
140 165 166 112 46 92 68 162 162 122 74 108 131 95 164 156 155 113 121 13 185 125 59 7 86 59 155 27 153 35
132 100 25 36 116 117 194 21 53 198 13 119 2 117 121 89 10 87 185 136 177 13 181 81 130 100 6 74 112 172
15 90 16 176 11 173 24 148 106 27 113 6 156 60 157 100 59 140 89 90 102 174 1 72 176 39 100 7 116 144
46 104 155 138 72 99 137 46 103 142 169 48 106 99 169 165 66 174 70 82 142 61 139 11 22 179 62 153 25 80
46 87 74 14 197 163 74 118 89 115 15 143 74 171 60 0 73 20 23 114 132 77 15 35 139 175 47 192 140 31
90 171 193 47 78 194 164 192 188 114 7 141 120 140 52 133 47 130 102 50 189 113 12 150 192 191 162 54 180 151
10 40 60 198 24 84 80 148 34 44 13 114 130 150 107 151 177 141 31 63 69 87 117 25 16 110 179 83 194 5
108 42 166 24 98 16 19 7 80 108 105 165 147 162 27 8 88 37 139 22 127 51 16 57 67 36 9 140 30 79
42 10 83 83 100 164 165 55 156 76 100 9 62 13 26 179 177 8 91 112 124 10 139 192 149 28 165 21 98 178
87 55 151 78 72 163 10 102 164 93 131 147 92 158 197 45 135 136 26 193 70 183 107 90 159 22 171 94 118 147
