30 30 574628388084247
109 25 6 123 105 63 75 200 12 127 182 51 177 43 166 48 147 129 0 150 196 73 178 27 69 197 82 56 96 8
53 111 127 98 86 0 62 48 140 85 91 124 139 38 109 162 197 73 141 25 155 181 177 55 12 200 125 56 43 15
80 46 40 131 13 59 23 84 192 77 81 83 161 170 154 67 97 31 102 30 74 4 116 44 171 88 136 2 165 17
131 103 47 52 186 199 176 81 194 159 67 100 142 2 152 13 72 3 94 31 80 198 119 158 149 163 146 154 97 135
188 146 103 180 29 113 135 126 71 79 194 49 193 57 34 107 52 47 3 132 64 42 157 108 144 145 167 149 176 20
101 151 70 138 39 28 169 1 133 134 114 32 11 118 26 45 173 189 185 130 190 60 95 120 41 183 7 22 61 37
106 63 54 6 78 36 69 174 147 150 153 50 128 129 123 182 24 8 105 27 110 51 178 75 68 166 196 96 82 35
64 108 98 111 144 124 145 57 113 79 107 49 34 155 157 193 42 126 188 141 139 181 71 167 132 180 85 140 29 20
188 57 152 159 193 52 119 176 20 142 103 64 199 34 135 186 100 71 145 194 94 198 163 149 158 132 72 146 47 3
193 194 188 135 71 144 3 72 20 186 52 42 79 49 34 157 176 47 57 126 107 64 94 132 29 149 145 103 113 146
40 46 83 4 61 59 23 101 17 44 134 170 102 88 171 37 118 41 161 30 74 45 77 192 95 165 136 84 116 11
174 5 50 36 54 18 191 184 168 16 110 68 87 78 106 19 76 99 21 65 156 195 153 93 121 164 58 148 172 112
179 70 26 66 114 175 9 130 32 169 33 28 60 1 137 10 92 104 151 14 90 89 138 143 39 115 2 187 117 122
147 178 196 166 177 43 150 69 73 96 127 123 56 128 27 24 75 109 51 182 129 63 0 8 6 197 105 82 25 35
25 162 167 125 108 177 38 15 48 141 124 86 73 180 197 85 55 155 62 91 111 140 200 12 109 181 98 53 127 139
56 91 127 177 200 55 48 12 25 197 196 75 125 73 53 96 109 27 162 43 62 129 86 0 166 38 123 69 82 15
164 195 122 143 99 148 66 89 58 18 179 121 9 117 160 104 93 5 112 16 90 187 10 175 137 184 92 14 115 33
121 14 168 195 66 156 143 191 10 115 99 33 160 184 5 93 148 112 16 175 65 18 172 164 87 122 76 58 21 19
149 199 72 142 94 176 132 57 188 64 146 71 107 152 34 159 113 194 186 158 135 3 144 47 52 20 145 193 119 103
75 105 196 96 106 153 82 150 182 166 69 0 128 36 24 43 123 56 27 129 6 147 63 35 178 51 110 78 8 68
119 158 77 13 198 100 81 44 67 46 80 59 83 84 97 163 142 161 31 88 2 154 199 102 17 159 152 40 136 131
163 152 100 40 2 140 131 83 159 72 198 81 80 119 94 46 88 199 77 97 13 161 67 31 158 44 154 142 186 84
95 170 101 185 7 102 74 165 116 133 61 30 190 11 183 171 45 37 189 120 134 136 192 41 4 22 118 17 173 23
128 21 156 16 110 87 164 54 172 35 36 50 168 106 191 76 18 19 148 24 5 68 78 195 65 93 121 153 184 174
58 179 169 32 90 112 104 187 175 137 9 89 28 60 33 70 114 160 99 66 122 117 130 14 26 138 115 92 143 10
178 153 36 76 150 182 147 156 87 21 110 51 54 128 191 168 19 106 63 24 172 6 35 174 65 8 68 78 50 105
133 90 92 32 70 187 26 151 39 130 189 190 9 137 179 183 1 169 114 138 22 7 104 28 89 60 120 117 185 173
139 79 167 55 157 111 29 141 98 48 162 155 86 124 85 91 140 49 200 180 12 126 42 125 108 62 15 53 181 38
41 37 133 23 22 192 134 189 171 7 116 173 183 45 1 120 30 151 101 4 39 61 190 165 118 11 74 185 170 95
126 49 98 157 167 113 42 29 162 107 55 38 108 140 85 111 144 79 53 181 141 155 180 139 125 15 91 124 62 86
