30 30 30067266499541040
187 24 71 173 191 39 174 25 132 26 145 70 107 141 170 119 169 112 158 118 56 100 83 98 159 156 67 5 120 92
192 23 52 28 85 189 0 80 64 32 129 160 45 127 195 178 93 69 157 162 171 12 13 19 60 96 121 109 9 33
84 91 108 17 110 99 103 133 75 20 180 142 51 54 149 196 79 113 134 181 76 73 11 77 143 144 102 89 193 185
122 65 90 87 48 155 175 146 59 199 44 16 97 167 200 46 182 184 37 166 6 3 135 114 14 147 139 188 18 154
0 80 60 9 131 93 124 153 129 30 64 32 81 36 163 8 140 127 31 72 168 62 41 106 151 88 148 66 10 35
147 65 182 97 166 114 82 44 167 14 165 199 188 154 59 184 90 16 3 135 6 200 46 136 146 48 139 37 122 155
76 141 100 156 73 112 98 132 54 83 174 24 107 84 118 77 180 51 193 159 17 143 67 20 56 25 26 158 39 134
103 43 38 116 89 31 102 91 110 149 36 185 115 142 58 11 161 75 133 34 113 181 140 144 99 108 79 27 179 196
51 159 180 20 77 170 107 83 25 141 158 39 17 143 156 100 71 70 132 118 174 84 73 54 26 67 98 56 24 112
96 12 162 189 0 52 28 171 136 60 178 121 32 165 82 127 19 33 85 69 109 13 160 45 64 192 157 195 9 23
99 116 163 34 131 113 115 27 149 36 38 58 103 30 151 81 140 31 168 88 11 102 75 179 161 72 43 185 8 144
99 11 108 58 185 113 196 76 115 27 43 102 75 34 133 38 161 193 79 110 149 89 91 103 181 116 179 144 142 134
133 134 54 149 89 113 185 91 108 144 51 73 193 179 181 43 110 115 79 143 20 17 75 102 142 76 11 103 196 99
84 181 51 20 17 91 196 156 77 142 143 76 56 132 89 24 25 110 79 118 73 141 108 193 54 133 180 134 174 83
2 152 63 176 94 117 123 74 55 183 111 101 87 7 130 138 197 150 125 15 49 18 126 68 4 95 164 175 137 186
114 94 59 200 7 147 111 188 139 166 87 122 167 137 146 14 125 176 37 44 90 65 74 6 135 18 2 95 175 182
164 22 123 130 53 63 29 177 101 15 55 183 197 78 104 126 86 40 68 61 186 47 117 172 138 49 152 150 4 50
8 106 179 58 163 36 72 30 148 124 27 116 41 35 62 161 81 131 88 151 31 168 66 38 140 43 115 10 34 153
35 8 161 93 49 140 27 41 88 168 10 106 151 163 62 31 34 153 36 129 58 30 116 66 148 38 81 72 131 80
47 128 120 22 173 86 21 61 190 42 177 5 169 191 198 92 119 50 172 187 194 57 29 145 104 40 53 105 78 1
105 98 70 42 100 198 5 169 194 67 26 173 92 21 187 191 128 119 120 158 145 1 112 170 190 71 39 159 107 57
26 98 107 169 170 145 100 39 132 5 174 158 173 159 112 71 24 92 141 180 77 84 67 118 25 83 156 56 119 70
195 155 28 160 165 199 96 97 82 48 46 52 189 19 69 13 12 33 45 3 23 85 154 184 16 192 162 171 136 109
47 194 78 172 105 150 104 86 117 4 177 128 55 61 101 138 123 164 42 22 53 198 57 1 29 21 126 50 190 40
165 14 189 155 69 135 136 82 199 160 147 52 188 184 45 146 167 3 19 48 154 59 46 162 44 109 16 33 97 114
111 101 164 55 86 4 152 117 63 47 183 61 126 197 7 125 186 74 15 49 138 2 137 95 94 68 123 130 176 150
182 183 139 7 63 166 18 37 111 175 200 95 152 130 6 74 87 137 186 125 94 197 2 65 15 68 122 176 90 49
64 121 153 151 9 72 8 148 178 168 124 41 127 106 10 35 30 32 93 62 0 80 163 129 157 131 81 88 60 66
198 5 105 1 170 119 70 57 194 173 71 22 92 187 42 40 172 177 190 145 169 104 29 78 53 21 128 191 120 50
106 35 127 171 0 66 129 178 10 96 195 12 148 85 121 157 41 64 124 28 9 13 60 23 192 32 80 153 93 62
