16 20 1
67 44 9 48 137 23 148 37 134 79 160 174 153 161 65 141 145 165 120 162
198 112 33 170 102 36 110 138 183 157 87 128 45 186 108 7 91 29 47 73
187 127 124 14 30 196 104 58 199 126 42 169 114 8 184 70 151 190 178 200
5 21 144 140 156 86 43 164 4 113 180 16 179 38 119 60 39 154 147 192
115 173 54 24 133 53 92 135 123 2 18 61 55 132 158 83 155 49 34 98
193 40 175 101 13 80 117 121 109 15 150 185 163 1 189 176 197 19 97 152
25 130 129 87 12 59 111 84 182 105 90 116 6 17 122 71 41 136 96 85
162 161 160 141 23 65 165 153 145 79 44 0 174 67 148 9 120 137 48 37
53 92 134 155 98 49 135 132 133 24 55 115 83 123 54 2 18 61 173 158
143 10 181 51 100 159 82 95 118 166 99 62 177 35 75 52 172 142 31 149
93 26 171 50 56 195 72 125 46 167 168 28 106 94 74 191 89 107 194 11
63 27 81 103 88 22 77 188 57 64 76 3 69 139 131 146 66 78 68 32
97 150 175 40 152 197 185 117 20 121 193 80 163 176 15 101 109 189 19 13
84 136 17 90 6 41 59 12 105 116 182 130 122 111 1 25 129 96 71 85
157 198 91 110 138 34 33 36 170 29 108 183 128 186 73 112 47 102 7 45
166 118 143 149 51 35 100 159 142 20 99 177 82 10 52 75 172 31 95 181
