29 6 237336
10 30 70 61 133 122
30 70 61 133 122 64
70 61 133 122 64 120
61 133 122 64 120 1
133 122 64 120 1 62
122 64 120 1 62 48
64 120 1 62 48 161
120 1 62 48 161 143
1 62 48 161 143 51
62 48 161 143 51 76
48 161 143 51 76 26
161 143 51 76 26 164
143 51 76 26 164 79
51 76 26 129 79 148
76 26 164 79 148 159
26 164 79 148 159 117
164 79 148 159 117 117
79 148 159 117 117 18
148 159 117 117 18 99
159 117 117 18 99 197
117 117 18 99 197 123
117 18 99 197 123 104
18 99 197 123 104 177
99 197 123 104 177 52
197 123 104 177 52 98
123 104 177 52 98 121
104 177 52 98 121 26
177 52 98 121 26 142
52 98 121 26 142 117
