30 30
0110 0111 1110 1110 1101 0111 0111 1110 1011 1101 1101 1101 1110 1101 0111 1101 1101 1110 1011 1011 1101 0011 1100 1011 1110 0011 0010 0001 1110 0110
1110 1111 1111 1111 1111 1011 1111 1111 1111 1111 1111 1111 1111 1111 1111 1111 1011 1110 1111 1111 1111 1111 1111 0111 1110 1111 1111 1011 1111 1011
1110 1011 1011 0111 1111 1011 1111 1111 1011 1111 1111 1111 1111 1111 1111 1111 1111 1111 1111 1111 1111 1111 1011 1111 1111 1111 1111 1111 0111 1001
0111 0111 1111 1111 1111 1111 1111 1111 0111 1011 1110 1111 1111 1111 1111 1111 1111 1011 1111 1111 1111 1111 1011 1111 1111 1111 1111 1111 1110 0011
1110 0111 0111 1111 1111 1111 1111 1111 1011 1111 1111 1111 1111 1101 1111 1111 1111 1110 1111 1111 1111 1101 0111 1111 1111 1111 1111 1111 1111 1101
1110 1111 1110 1111 1111 1111 1111 1111 1101 1111 1111 1111 1101 0001 0111 1111 1111 1111 1111 1111 1011 1011 1101 1111 1110 1011 1111 1111 1111 1011
0111 1111 1110 0111 0111 1111 1111 1111 1111 1111 1111 1111 1111 1111 1111 1110 1110 1111 1111 1111 1111 0111 0110 1101 1011 1111 1111 1111 1111 0111
1101 1111 1111 1110 1111 1111 1111 1111 1111 1101 1111 1111 1111 1111 1111 1111 1111 1111 1111 1111 1111 1111 1111 1011 1111 1111 1111 1111 1111 1110
0111 1011 0111 1011 0111 1111 1111 0111 0111 1011 1111 1111 1111 1111 1111 1111 1111 1111 1111 1111 1110 0111 1111 1011 1111 1111 1111 1111 1111 0111
0110 1111 1111 1111 0111 1111 1111 1111 1111 1111 1111 1111 1111 1111 1111 1111 1111 1111 1111 1111 1111 1111 1111 1111 1111 1111 1111 1111 1111 0111
0110 1111 1111 1111 1111 1111 1111 1111 1111 1111 1111 1110 1111 1111 1111 1111 1111 0111 0110 1111 1111 1111 0111 1111 1111 1111 1111 1111 1111 0111
0111 1111 1111 1111 1111 1101 1110 1111 1111 1101 1111 1110 1111 1111 1111 1111 0111 1111 0111 1111 1111 1111 1011 1111 1111 1111 1111 1111 1111 1011
1101 1111 1111 1111 1111 1111 1111 1111 1111 1101 1101 1111 1111 1111 1111 1111 1101 1111 1111 1111 1111 1111 1111 1111 1111 1111 1111 1111 1111 1011
1110 1101 0111 1111 1111 1111 1111 0111 1111 1111 0111 1111 1111 1111 1111 1111 1111 1111 1111 1111 1111 1111 1111 1101 1110 1111 1111 1111 1111 1110
1001 1111 1111 1111 0111 1001 1111 1110 1111 1111 1111 1111 1111 1111 1111 1111 1111 1111 1111 1111 1111 1111 1111 1111 1111 1111 1111 1111 1110 1110
0001 0111 1111 1111 1011 0001 1111 1111 1111 1111 1111 1111 1111 1011 0111 1111 1111 1111 1111 1111 1111 1111 1111 1111 1111 1111 1111 1111 0111 1110
0111 1111 1111 1111 1111 1000 1011 1111 1110 1111 1111 1111 1111 1111 0111 1110 1111 1111 1111 1110 1111 1111 1111 1111 1111 1111 1111 1111 1011 1011
0111 1111 1111 1111 1111 0111 1111 1111 1011 1111 1111 1111 1111 1111 1111 1111 1111 1111 1111 1110 1111 1111 1111 1111 1111 1111 1111 1111 1101 1101
1101 1111 1111 1111 1011 0111 1111 1111 1111 1111 1111 1011 1111 1111 1111 1111 1111 1111 1111 1111 1101 1111 1111 1111 1111 1111 1110 1111 1111 0111
1101 1111 1111 0111 0001 0010 0111 1111 1111 1111 1111 1101 1111 1111 1111 1111 1110 1111 1111 1111 1011 1111 1111 1111 1111 1111 1101 1111 1111 0111
1110 1111 1111 1111 1111 1111 1111 0111 1111 1111 1111 1111 1111 1111 1011 1111 1110 1111 1011 1110 1011 1111 1111 1111 1111 1111 1101 1101 1111 0011
0111 1111 1111 1110 1111 1111 1111 1101 1111 1111 1111 1111 1111 1011 0010 1111 1111 1011 1111 1111 1011 1111 1111 1111 1111 0111 1110 1101 1111 1100
1011 1111 1111 1011 1111 1111 1111 1111 1111 1111 1111 0111 1111 1111 1101 1111 1111 1011 1111 1111 1111 1111 0111 1001 1111 0100 0111 1111 1111 1011
1101 1111 1111 1111 1111 1111 1111 1111 1111 1111 1111 1101 1111 1110 0111 1111 1111 1111 1111 1111 1111 1111 1111 1110 1111 1110 1111 1111 1111 1011
0111 1111 1111 1111 1101 1111 1111 1111 1111 1111 1111 1111 1111 0111 1111 1111 1111 1101 1111 1111 1111 1111 1111 1111 1111 1111 1111 1111 1111 0111
1101 1111 1111 1111 0111 1111 1111 1111 1111 1111 1101 1111 1101 0001 1110 1111 1111 0111 1111 1111 1011 1110 1111 1111 1111 1111 1111 1111 1111 1011
1001 1111 1111 1011 1110 1111 1111 1111 1111 1111 1110 1111 0111 1111 1111 1111 1111 1111 1111 1111 1111 1111 1111 1011 1111 1111 1111 1111 1111 1101
0110 1111 1111 1111 1111 1111 1110 1111 1111 1111 0111 1101 1000 1011 1111 1111 1111 1111 1111 1111 1111 1111 1111 0111 1111 1111 1111 1111 1111 1110
1101 1111 1111 1111 1111 1111 1011 1111 1111 1111 0111 1111 1111 1111 1111 1111 1111 1111 1111 1111 1111 1111 1111 1110 1111 1111 1111 1111 1111 1011
0110 1011 1110 0111 1011 0110 1001 0111 1011 1110 0111 1101 0111 0110 0110 1101 0111 1110 0111 1110 1011 0111 0011 0100 1011 1101 0111 1011 1011 1100
