30 30
1100 1101 0111 1110 0111 1110 1101 1101 1110 1011 0111 1101 0111 1011 1110 0111 1011 0111 1110 0111 1110 1101 0111 1101 0111 1011 1101 1101 1101 1100
0111 0111 0111 1110 1101 0111 0111 1101 1110 1011 1101 1110 1011 0111 1011 1011 1011 0111 1011 1101 1110 0111 1101 1110 1110 1101 1110 0111 1110 0111
0111 1110 0111 1011 1011 0111 1101 0111 1101 1101 0111 1101 0111 1110 1110 0111 1110 0111 1110 1011 1101 1011 1101 0111 1110 1011 0111 1101 0111 1101
1011 1101 1101 0111 0111 0111 0111 1101 0111 1110 1101 1110 0111 1011 1101 1011 1110 0111 1011 0111 0111 0111 0111 0111 1101 0111 1101 1011 1110 1101
1101 0111 1011 1110 1101 1011 1110 1101 1101 0111 0111 1011 1101 1101 1011 1110 1101 1101 1101 1011 1110 1101 1110 0111 1101 1011 1011 1011 1101 1011
1101 1101 0111 1110 1011 1110 0111 1011 1110 1011 1011 1110 1110 1011 1101 1110 0111 1101 0111 1101 1011 0111 1101 1101 1110 1101 1101 1110 1101 1110
1101 1101 1101 1011 1110 1110 1011 1110 1101 0111 1110 1011 0111 0111 1110 1011 1110 1110 0111 1110 1101 1101 1011 1110 1110 0111 1101 0111 1110 1011
1110 1011 1110 0111 0111 1011 1101 1101 0111 1110 1101 1101 0111 0111 1011 1110 1110 1110 1110 1011 1110 1011 1110 1011 1110 0111 0111 1011 1011 1101
1110 1011 1101 1110 0111 0111 1110 1011 1011 0111 1110 1101 0111 0111 1101 1110 0111 1101 1110 1110 0111 1011 1110 1110 1110 1110 0111 0111 0111 1110
1110 1011 1110 1011 1101 0111 0111 0111 1011 1101 0111 1110 0111 1110 1110 1110 1011 1110 0111 0111 1110 1101 1101 1011 0111 1011 0111 0111 1110 1011
1101 1110 0111 0111 1011 1011 0111 1101 1110 0111 1011 1101 1011 0111 0111 1101 0111 1011 1101 1110 1011 0111 1110 1101 1011 1110 1110 1110 1011 1101
1011 0111 0111 0111 1110 1011 1101 1101 0111 0111 1011 0111 0111 1011 1011 1110 1011 1011 0111 1101 1110 1011 0111 1101 1110 1110 0111 0111 1011 0111
1101 1011 0111 0111 0111 1110 1101 0111 1110 1101 1101 1110 1101 1110 1110 1011 0111 1011 0111 1110 0111 1011 1101 0111 0111 0111 1101 0111 0111 0111
0111 1011 1011 0111 1101 1011 1011 1011 1110 1110 1110 1101 1101 1110 0111 0111 1011 1101 0111 1101 1101 0111 1110 0111 1011 1101 1110 1101 1101 1110
1110 1101 0111 1101 1110 1110 1101 1011 1101 1101 0111 1011 1011 1011 1101 1101 1011 0111 1110 1011 1011 1101 1101 1110 1110 0111 0111 1101 1101 0111
1101 0111 1110 0111 1110 1110 1101 1011 1101 1011 1011 1101 1101 1011 0111 0111 1011 1101 1101 1101 1110 0111 1110 1110 1101 1011 1101 1011 1101 0111
0111 0111 1110 1011 1110 1101 1110 0111 1011 1101 1011 1011 0111 1110 1101 0111 1110 1011 1011 1110 1101 1011 0111 1011 1110 1101 1110 1101 0111 1011
1101 1110 1011 1101 0111 1101 1011 1110 1011 1011 1011 1011 1110 0111 1110 1101 1011 1110 1101 1101 0111 1101 0111 1110 0111 0111 1110 1110 1011 1101
1110 1101 1011 0111 1110 1110 1011 1011 1110 0111 1011 1101 1101 1011 1110 0111 1011 1110 1101 0111 1011 1110 1110 1101 1011 1011 1110 1110 1110 1011
0111 1110 1110 1110 1110 1101 1110 0111 1110 0111 0111 1101 1011 0111 0111 1101 1101 1011 1011 1101 0111 1011 1011 0111 0111 1011 1110 1101 0111 0111
1110 0111 0111 0111 1110 1101 1110 0111 1011 1101 1101 1101 1110 1101 1101 1101 0111 1110 1011 1101 1101 1110 0111 1011 1101 1011 1011 1101 1101 1110
0111 1110 1011 1110 1011 0111 1101 1101 1110 1011 1011 1101 0111 1011 1110 1011 1011 1011 0111 1101 1011 1101 1101 1101 1101 0111 1011 0111 1101 1101
1110 1011 1110 0111 1101 1110 1101 1011 1101 1011 0111 1011 1110 1101 1101 0111 0111 0111 0111 1110 1110 1101 1101 1011 1110 0111 1110 1011 1011 1101
1101 0111 1011 1011 1011 0111 1011 0111 0111 1011 1110 1110 0111 1011 1110 1110 1110 1011 1110 1110 1011 0111 1011 1110 1110 1101 1110 1110 1011 0111
0111 0111 1110 1110 1101 1110 1110 1011 1011 1011 0111 1101 1110 1011 1101 1011 0111 0111 1011 0111 1011 1011 1011 0111 1011 1011 1011 1011 1101 1011
1101 1101 1110 1101 0111 1011 1110 1110 1101 1110 1011 1011 1011 1101 1101 1110 1110 1101 1110 1110 1011 1101 1101 1011 1101 1011 1101 1110 1101 1101
1011 1101 1011 0111 1110 1101 1110 1101 1110 0111 1110 1110 0111 1110 0111 1110 1101 1110 0111 0111 0111 1011 0111 0111 1101 0111 0111 0111 1011 1101
1101 1110 0111 1011 1110 1011 1011 0111 1011 1101 1110 0111 0111 1011 1101 0111 1101 1011 1101 1011 0111 0111 1011 0111 1011 1011 1101 0111 1101 1110
1101 1110 1101 1011 1101 0111 1101 1110 0111 1011 0111 0111 0111 1101 1011 1101 1011 0111 1101 0111 1101 1011 0111 0111 1101 1101 1110 1011 1101 1011
0011 1101 1110 1011 1110 0111 1101 1101 0111 1110 1011 1110 1110 1110 1011 1101 1011 1101 1011 0111 0111 1011 1110 0111 1110 1110 0111 0111 1101 1100
