30 30
0000 0010 0100 0011 0000 0000 0100 0111 0001 0110 0011 0000 0000 0000 0110 0011 0000 0000 0000 0110 0001 0100 0001 0010 0000 0100 0001 0000 0100 0001
0000 1100 0011 1000 0110 0001 0000 1000 0100 1001 1000 0000 0000 0100 1011 1000 0100 0001 0100 1011 0000 0000 0110 1111 0001 0000 0000 0100 0011 0010
0000 0010 1000 0010 1000 0000 0000 0100 0001 0010 0010 0000 0100 0111 1011 0010 0010 0000 0110 1001 0010 0100 1001 1000 0000 0000 0000 0010 1100 1001
0100 1011 0010 1000 0100 0001 0100 0001 0000 1100 1011 0010 0010 1110 1011 1000 1000 0000 1000 0000 1000 0000 0000 0000 0000 0100 0001 1100 0111 0001
0010 1100 1101 0001 0000 0000 0000 0100 0001 0010 1000 1000 1110 1011 1000 0110 0001 0100 0001 0110 0001 0100 0001 0000 0110 0001 0000 0010 1000 0000
1000 0000 0100 0011 0000 0000 0000 0110 0001 1100 0011 0100 1001 1000 0000 1000 0100 0111 0011 1100 0001 0100 0001 0000 1000 0010 0110 1011 0010 0000
0000 0000 0010 1000 0010 0000 0110 1001 0000 0110 1011 0010 0010 0010 0010 0010 0100 1111 1101 0001 0100 0001 0110 0001 0000 1000 1000 1000 1110 0001
0000 0100 1001 0000 1100 0001 1000 0000 0010 1000 1000 1100 1001 1110 1011 1100 0111 1011 0000 0010 0100 0001 1000 0000 0000 0000 0000 0000 1000 0000
0010 0000 0000 0010 0000 0010 0100 0001 1000 0100 0001 0000 0000 1000 1100 0001 1000 1000 0010 1000 0010 0100 0011 0000 0100 0001 0000 0100 0001 0000
1100 0001 0110 1101 0001 1000 0000 0000 0000 0100 0001 0000 0010 0010 0110 0001 0100 0001 1000 0010 1000 0010 1000 0110 0011 0010 0000 0000 0000 0000
0010 0010 1100 0001 0000 0000 0100 0111 0011 0010 0100 0011 1000 1110 1001 0000 0000 0010 0100 1001 0110 1111 0001 1100 1001 1110 0011 0010 0000 0010
1110 1001 0000 0000 0000 0100 0001 1110 1101 1001 0010 1000 0010 1000 0100 0001 0110 1101 0011 0110 1001 1000 0000 0100 0011 1000 1110 1111 0011 1000
1000 0000 0010 0000 0010 0100 0001 1100 0111 0001 1000 0100 1101 0001 0100 0001 1000 0100 1101 1001 0110 0001 0100 0001 1000 0000 1100 1001 1000 0000
0100 0001 1100 0001 1000 0000 0100 0011 1000 0000 0000 0010 0100 0111 0011 0100 0001 0000 0000 0000 1000 0000 0100 0001 0000 0000 0100 0001 0010 0000
0000 0100 0001 0000 0000 0100 0001 1000 0100 0001 0010 1100 0111 1001 1000 0100 0001 0010 0000 0100 0001 0110 0001 0010 0000 0000 0100 0001 1100 0001
0100 0001 0000 0100 0011 0110 0001 0010 0100 0001 1000 0100 1011 0100 0011 0110 0001 1110 0001 0000 0000 1000 0010 1000 0000 0000 0100 0011 0000 0010
0000 0000 0010 0100 1111 1111 0001 1000 0010 0100 0001 0010 1000 0010 1110 1101 0001 1000 0000 0000 0110 0001 1000 0100 0011 0000 0000 1000 0000 1000
0000 0000 1000 0000 1000 1100 0111 0001 1000 0000 0010 1000 0100 1101 1111 0011 0000 0000 0000 0000 1000 0100 0001 0000 1000 0100 0001 0110 0001 0000
0000 0100 0001 0010 0110 0001 1100 0111 0001 0000 1000 0000 0000 0000 1110 1001 0000 0110 0011 0000 0000 0100 0001 0010 0000 0010 0100 1011 0010 0000
0010 0000 0100 1101 1001 0000 0100 1011 0000 0100 0001 0000 0000 0000 1100 0001 0010 1100 1001 0100 0001 0010 0000 1000 0000 1100 0001 1100 1011 0010
1110 0001 0100 0001 0010 0100 0011 1000 0110 0001 0100 0001 0100 0011 0000 0100 1011 0000 0000 0100 0011 1000 0010 0000 0010 0000 0010 0000 1000 1000
1110 0001 0000 0110 1001 0000 1110 0001 1000 0000 0000 0000 0100 1011 0010 0100 1001 0100 0001 0100 1001 0110 1011 0100 1001 0000 1100 0001 0010 0000
1000 0000 0000 1000 0000 0100 1011 0000 0100 0001 0000 0000 0010 1000 1000 0010 0010 0010 0000 0000 0010 1000 1000 0100 0001 0000 0000 0100 1001 0000
0010 0100 0001 0000 0000 0000 1000 0010 0100 0011 0100 0001 1000 0100 0011 1000 1000 1100 0001 0100 1001 0010 0000 0100 0001 0010 0000 0000 0000 0010
1000 0010 0100 0001 0000 0100 0001 1000 0000 1000 0010 0010 0000 0110 1111 0111 0001 0000 0000 0010 0000 1000 0110 0011 0110 1111 0001 0100 0001 1000
0010 1100 0111 0001 0000 0000 0000 0000 0010 0000 1000 1000 0110 1101 1011 1100 0011 0000 0010 1000 0000 0000 1000 1000 1100 1001 0000 0000 0000 0010
1110 0001 1110 0011 0010 0000 0010 0010 1110 0011 0000 0000 1000 0100 1101 0001 1000 0100 1011 0110 0011 0000 0000 0000 0000 0100 0001 0010 0000 1000
1000 0000 1100 1001 1000 0000 1000 1000 1110 1101 0001 0110 0001 0100 0001 0010 0010 0010 1110 1011 1000 0110 0011 0100 0001 0000 0110 1001 0000 0010
0100 0111 0001 0110 0111 0111 0001 0000 1000 0100 0001 1000 0000 0100 0011 1000 1110 1001 1000 1000 0000 1000 1000 0000 0100 0011 1000 0000 0100 1001
0100 1001 0000 1000 1000 1100 0001 0000 0000 0100 0001 0000 0000 0000 1000 0000 1000 0000 0000 0000 0100 0001 0000 0000 0100 1101 0001 0000 0100 0001
