30 30
1100 0001 0000 0000 0000 0010 1000 0000 0000 0000 0000 0000 1000 0110 0000 0000 0000 0000 0000 0010 0000 0000 0000 0000 0000 0000 0000 1000 0000 1000
0001 0000 0000 0010 0000 0000 0000 0000 0010 1000 0100 0000 0001 0010 0100 0000 0100 0001 0000 0100 1000 0000 0001 0100 0010 0010 0000 1000 0000 0001
0100 1000 0000 0100 0001 1100 0000 0000 0000 0000 1001 0100 0010 0000 1000 0000 0000 0000 0000 0000 0011 1000 0010 0010 0000 0000 0001 0000 0000 0000
0110 1111 0010 0000 0010 0100 0000 0000 0000 0000 0000 0000 0000 0000 0010 0000 0000 0000 0000 0000 0000 0000 0000 0000 0000 0010 0001 0000 0000 0000
0000 0010 0000 0001 0001 0001 0000 1000 1000 0000 0000 0000 0000 0000 0100 0000 0000 0000 0000 0000 0000 0000 0000 0000 0000 0001 0000 0000 0001 0001
0000 0000 0100 1001 0001 1000 0000 0100 0000 0010 0010 0001 0100 0000 0000 0000 0000 0000 1000 1100 0010 0000 0000 0100 0010 0000 0000 0001 1000 0000
0001 1001 0010 0000 1000 0000 0000 0001 0000 0000 0000 0000 0010 0100 0001 0001 0000 0000 0010 0100 0000 0000 0000 0001 1000 0000 1000 0000 0100 1000
0010 1000 0000 0000 0010 0010 0000 0000 0000 0010 0100 0010 0100 0100 0000 0010 0000 0000 0000 0000 0000 0001 1000 0000 0000 0000 0010 0000 0000 0000
0000 0000 0010 0000 0000 0000 0000 0000 0000 0001 1100 0110 0000 0100 0010 0100 0000 0000 0000 0100 0110 0000 0000 0000 0000 0000 0000 0000 0000 0000
0000 0010 1000 0000 0000 0000 0000 0000 0000 0000 0001 1000 0000 0000 0010 0000 0000 0000 0000 0010 0110 0000 0000 0000 0000 0100 0000 0000 0000 0000
0000 0001 0000 0000 0000 0000 1000 0100 0000 0010 0000 0001 0100 0110 0100 0000 0000 0000 0000 0000 0000 0000 1000 1000 0110 0110 0001 0001 0000 0000
0000 0000 0000 0000 0000 0000 0000 0001 0000 0001 0000 1101 0100 0010 0000 0000 0000 0000 0000 0000 0000 0000 0000 0000 0001 0000 0000 0000 0000 0000
0000 0010 0000 0000 0000 0000 0000 0010 0001 0001 0000 0110 0001 0000 0000 0000 0001 0000 0000 0010 0001 0001 0001 0000 0000 0001 0000 0100 0010 0000
0000 1000 0000 0000 0000 0100 0000 0000 0010 0000 0000 0000 0000 0000 0100 0100 1000 0000 0000 0100 0010 0000 0000 0000 0000 1000 0000 0000 0001 1000
0000 0000 0000 0000 0000 0100 0000 0000 0010 0001 0000 0000 0000 0000 0000 0001 0100 0000 1000 0001 0000 0000 0000 0000 0000 0011 0100 0000 0000 0000
0000 0000 0000 0010 0000 0000 0000 0000 0000 0010 0000 0001 0100 0000 0010 1000 1000 0110 0000 0000 0000 0000 0010 0010 0000 0100 0000 0000 0000 0000
0000 0000 0000 0100 0000 0000 0000 0001 0001 0000 0001 0010 0001 0100 1000 1000 0000 1000 0000 0100 0100 0001 1001 0100 0000 1000 0001 0100 0000 0000
0000 0000 0000 0000 0000 0011 0010 0000 0000 0000 0000 0100 1001 0000 0010 0110 0000 0000 0000 0000 0010 0100 0000 0001 0000 0000 1000 1110 0100 0010
0000 0000 0000 0000 0100 0010 1001 1000 0000 0110 1000 0100 0000 0010 0001 0000 0000 0000 0000 0010 0000 0100 0100 0001 0000 0001 0000 0000 0000 1000
0010 0000 0000 0000 0001 0000 0010 1000 0000 0010 1000 1001 0100 1000 0000 0000 0010 0010 0000 0001 0000 0000 0000 0000 0000 0100 0000 0000 0000 0000
0001 0000 0000 0000 0000 0000 0000 0001 0000 0000 0000 0010 0110 0100 0000 0000 0000 0010 0100 0000 0000 0000 0000 0100 0001 0010 0100 0000 1001 1000
0000 0100 0100 0000 0000 0000 0000 0000 0000 0000 0000 0001 0100 0010 1000 0000 1000 0100 0100 0000 0000 0000 0001 0000 0001 0000 0000 0000 0011 1000
0000 0000 0000 0000 0000 0000 0000 0000 0000 0000 0000 0000 0000 0001 0100 0000 1110 0001 0000 0010 0010 0001 0100 0000 0110 0010 0001 0000 1001 1000
0000 0000 1000 1000 1000 0001 0000 0000 0000 0000 0000 0001 0001 0100 1000 0000 1000 0000 0000 0000 0001 1011 0000 0000 0100 0001 1000 0000 1000 0000
0010 0100 0000 0000 0010 0010 0001 0000 0000 0000 0000 0010 0001 0000 0100 0000 0000 0000 0000 0000 0000 0001 1000 0001 0010 1000 0000 0000 0000 0000
1000 0000 0000 0000 0000 0000 1100 1000 0000 0000 0000 0000 0001 0000 0100 0010 0001 1000 0000 0010 0000 0000 0010 0001 0000 0001 0000 0000 0000 0000
0010 0000 0000 0000 0000 0000 0000 1000 0100 0000 0010 1000 1000 0000 0000 0001 0000 1000 0000 0001 1000 0010 0000 0000 0010 0110 0001 1001 0001 0000
0000 0000 0000 0001 1100 0000 0001 0000 0000 1000 0100 0100 0000 0000 0000 0001 0000 0000 0001 0000 0010 0010 0000 0000 0000 0000 0010 0010 0000 0000
1000 0000 0000 0000 1000 1000 1001 0000 0000 0100 0000 0000 0000 1000 0100 0000 0000 0000 1000 0001 0001 0100 0000 0001 0001 0000 0000 0000 0000 0000
0100 0000 0100 0100 0000 0100 0010 0000 0000 0000 0000 0000 1000 0010 0010 0001 0000 0000 0000 1100 0100 0000 0000 0000 0000 0000 0000 0001 0010 0000
