29 29
1100 0110 1100 0011 0110 0011 1001 0011 0110 0110 0011 0011 1001 1001 1001 0011 0011 1001 0110 0110 0011 0110 1100 1100 0011 0011 0110 1100 0011
0110 1100 0110 1001 0011 1100 1100 1001 0011 0110 1100 0110 0011 1001 0011 1001 1100 0011 1001 0110 0011 1100 1001 1001 1100 0110 0011 1001 0110
0110 1001 1100 0011 0011 0011 1001 0110 1001 1100 1001 0110 1001 1001 1001 1001 0110 0110 0011 1100 0011 1100 1001 0011 0011 1001 0110 1100 0110
0011 1001 0011 0110 0110 0011 0110 1100 0110 0110 1001 1001 1100 1001 1001 1001 1001 0011 1100 0011 1100 1001 1001 0110 0110 0011 0110 1001 1001
1001 0110 0110 0011 1001 1001 1100 1001 1100 0011 0110 1100 0110 0011 1100 0110 1001 0011 1100 0011 1100 1100 0110 0011 1100 1001 0110 1100 1100
1001 0110 0011 0011 0011 1001 1001 1001 0110 0110 0011 1001 0110 0011 0011 0011 0011 1001 1100 0110 1100 0011 0011 0110 0011 0011 1100 1100 0110
0110 0011 1100 1100 0110 0011 1100 1001 1001 0011 1100 0011 1001 0110 0110 1001 1001 0110 1100 0110 1001 1100 0110 0011 1100 0110 1100 1001 1100
1100 0011 0011 1001 0110 1001 0011 0011 1001 1001 1001 0011 0110 0110 0011 1100 1001 0110 0110 1100 0110 1001 0011 1100 1001 1001 1100 1001 0011
0011 0110 0110 0011 0110 1001 1100 1100 0011 0110 1100 1001 1001 0110 1001 1100 1001 0110 1001 1001 0011 1100 1100 1001 0110 0110 0011 1001 1100
0110 0110 1001 0011 1001 0110 0110 1100 1001 0011 1100 1001 0110 1001 0110 0011 0011 0110 1100 0110 1100 0011 0011 0011 0011 0110 0011 1001 1001
0110 0011 0110 1001 1100 1001 0110 1001 1100 1100 1001 1100 1100 0110 0011 0011 0011 1100 1100 1100 0011 1100 0110 1001 1100 0011 0011 0110 0011
0110 1100 1001 1001 0110 0011 0011 1100 0011 0110 1100 0011 1100 1100 1100 1100 1100 0110 1100 0011 0011 1100 0110 1001 0110 1001 1100 1100 0011
1001 1100 1001 0110 1100 0110 0011 1100 0110 1001 1100 0011 0011 0110 0011 1100 0110 1100 0110 0110 0110 0011 1001 0110 1100 1100 0110 1100 1100
1001 1001 1001 1100 1100 0110 0011 0110 1001 0011 1001 1001 1001 1001 0110 1001 1001 1100 0110 0011 1100 1100 0011 1001 1001 0011 1001 0011 1001
1100 1001 1001 1100 0011 1001 0110 1001 1001 1001 0110 1100 1001 1100 1100 0110 1001 1001 1001 0011 0110 1001 1100 1100 1001 0110 0110 1100 0011
1001 0011 1100 0011 1100 1001 0011 1100 0011 1100 0011 0011 0110 1100 1100 1100 0110 0110 0011 0110 0011 1100 1100 1100 0110 0110 1100 1001 1100
1100 0110 0011 1100 1100 1001 1001 0110 0110 0011 0011 0011 0011 1100 1001 1001 0110 1001 1100 1100 0110 0110 0110 0011 0011 0110 1100 1001 0011
0110 0110 1001 0011 1100 1001 0110 1100 0110 0110 1100 0110 1100 1100 1001 0110 0011 1100 0011 0110 0110 0011 1100 0011 1001 1001 1001 0110 0110
1001 1100 0110 0110 0110 0110 0110 0110 0011 0110 1100 0011 1001 1001 1001 1001 1100 0110 1001 1100 1001 1001 1100 0011 1001 0011 1001 1100 0011
0110 1100 1001 0110 1100 0110 1001 0011 0110 0110 0011 0110 1100 1100 1100 0011 1100 0110 1001 0110 0110 0011 1001 1100 1001 0011 0110 1100 0011
1100 1001 0110 1100 1001 0110 0011 0011 1001 1001 0110 1100 0011 1001 1001 1001 0110 1100 1100 0110 1001 0110 1100 1001 0011 1001 1100 1100 1001
1100 1001 1100 0011 1100 1001 0011 0011 0110 1100 1001 0011 1100 1100 0011 1001 1001 0110 0110 0110 0110 1001 0110 0110 0110 1100 1100 0011 1100
0110 0110 1100 1100 1001 0011 0110 1001 1100 1100 1100 1100 0011 0110 1001 0110 0110 1001 0110 1100 1001 1001 1001 1100 1001 0011 0011 0011 0110
0011 0011 0110 1001 0011 1001 0011 0110 0011 1100 0011 0011 1001 0110 0110 0011 0110 1001 0110 1100 0110 1001 0110 0011 1100 0011 0110 0110 0011
0110 1001 0110 0011 0110 0011 1001 0110 1001 1100 1001 0011 0011 0011 0011 0011 1001 0110 1100 1100 1001 1001 1001 0110 0110 1001 0110 0011 0110
0011 0011 1001 1001 1001 0011 0011 0110 0110 1100 0011 0110 1001 1100 1100 0110 0110 0110 1100 1100 1100 0011 0110 0011 1100 1100 0110 1100 0110
0110 1100 0011 0110 0110 0011 0110 1100 0110 0011 1100 1001 0110 0110 1100 1001 1001 1001 0110 1100 1100 0110 0011 1100 1100 0110 1100 1001 1100
1100 1001 0011 1100 0011 1001 1100 0011 1001 1001 0011 1100 1001 1100 0011 1001 1001 1100 0011 0110 0011 1100 1100 0110 1001 0011 1001 0011 0110
0011 1100 0110 1100 1001 1100 0110 0110 0011 1001 1001 0110 0110 0011 0011 1100 1100 0110 1001 0110 0110 0011 0011 1001 0110 1100 1001 1100 0110
