30 30
0110 0111 1001 0011 1110 0111 1101 0111 1100 0100 1101 1011 1011 1101 1110 1110 1011 1110 0111 1101 1110 1101 1110 1110 1101 0111 1101 0111 1101 0110
1011 1111 1111 1111 1111 1111 1111 1111 1111 0111 1111 1011 1111 1111 1111 1111 1111 1111 1111 1111 1111 1111 1111 1111 1111 1111 1111 1101 1111 1011
1110 1111 1111 1111 1111 1110 1110 1111 1111 1111 1111 1110 1101 1101 1111 1111 1111 1111 1111 1111 1111 1111 1111 1111 1111 1111 1111 1101 1111 1110
1110 1111 1111 0111 1111 1110 0111 1111 1111 1111 1111 1111 1111 1111 1111 1111 1111 1111 1111 1111 1011 1111 0111 1111 1111 1111 1111 1111 1111 1011
0010 1011 1111 0111 1111 1111 1111 1111 1111 1111 1111 1111 1111 1111 1111 1111 1111 1111 1111 1111 1110 1111 1110 1111 1111 1111 1111 1111 1111 1011
1100 1111 1111 1111 1111 1111 1111 1111 1111 0111 1111 1111 1011 1111 1111 1111 1111 1111 1111 1111 1111 1111 1111 1111 1111 1111 1111 1111 1111 1110
1011 1111 1111 1111 1111 1111 1111 1111 1111 1011 1111 1111 1011 1111 1111 1111 1111 1111 1111 1111 1111 1111 1111 1111 1111 1111 1111 1111 1111 0111
1011 1111 1111 1111 1101 1101 1111 1111 1111 1111 1111 1111 1111 1111 1111 1111 1111 1111 1111 1111 1111 1111 1111 1111 1101 1111 1111 1111 1111 1101
1110 0111 1110 1111 1111 1111 1111 1111 0111 1000 1101 1111 1111 1111 1111 1111 1101 1111 1111 1111 1111 1111 1111 1111 1110 1111 1111 1111 1111 1011
1011 1111 1111 1111 1111 1111 1111 1111 1111 0111 1111 1110 0110 1111 1111 1111 1101 1111 1111 1111 1111 1110 0111 0111 0111 1111 1111 1111 1111 1011
1011 1111 1111 1111 1111 1111 1111 1111 1011 1111 1111 1111 1101 1111 1111 1111 1111 1111 1011 1111 1111 1111 1111 1111 1101 1111 1111 1111 1111 1011
0011 1111 1111 1111 1111 1111 1111 1111 0111 1111 1111 1110 1111 1111 1111 0111 1111 1111 1110 1111 1111 1111 1111 1111 1110 1111 1101 0110 1111 1011
0011 1101 1111 1111 1111 1111 1111 1111 1111 1111 1111 1101 1111 1111 1111 1110 1111 1111 1111 1111 1111 1111 1111 1111 1111 1111 1111 1101 1111 0111
0011 1011 1111 1111 1111 1111 1111 1111 1111 1111 1111 1111 1111 1101 1011 1111 1111 1111 0111 1111 1111 1111 1101 1110 1110 1111 0111 1111 1111 1110
1000 1110 1111 1111 1111 1111 1111 1111 1111 1111 1111 1111 1111 1011 1111 1111 1111 1111 0111 1111 1101 1111 0111 1111 1111 1111 1110 1111 1111 1011
0111 1111 1111 1011 1011 1111 1111 1111 1111 1111 1111 1111 1011 1001 1111 1111 1111 1111 1111 1111 0111 0111 1111 1111 1111 1011 0111 1111 1110 1011
1011 1111 1111 1100 0001 1111 1111 1111 1101 0111 1111 1111 1111 1111 1111 1111 1111 1101 1110 0110 1111 1101 1111 1111 1111 1111 0111 1110 0110 0010
0111 1111 1111 1001 0011 1111 1111 0111 1011 1111 1111 1111 1111 0111 1110 1111 1111 1111 1111 1111 0111 1111 1111 1111 1111 1111 1111 1111 1111 1001
1110 1111 1111 0111 1111 1111 1111 1111 1011 1111 1111 1111 1111 1110 1100 1111 1111 1111 1111 1111 1011 1111 1111 1111 1111 1111 1111 1111 1111 0111
1101 1111 1111 1111 1111 1111 1111 1111 1011 1111 1111 1111 1111 0111 1111 1111 1111 1111 1111 1111 1111 1011 0111 1111 1111 1111 1111 1111 1111 1110
0111 1111 1111 1111 1111 1111 1111 1111 1111 1111 1111 1111 1111 1111 1101 1111 1111 1111 1111 1111 1111 1111 1111 1111 1111 1111 1110 1111 1111 1001
0111 1111 1111 1111 1111 1101 1011 1111 1111 1111 1111 1111 1111 1111 1110 1111 1111 1111 1111 0111 0111 1111 1111 1111 1111 1111 1101 1111 1101 0000
1001 1111 1111 1111 1111 1111 1111 1111 1111 1111 1111 1111 1111 1111 1011 1111 1111 1111 1111 1111 1111 1111 1111 1111 1111 1111 1111 1111 1011 0100
1100 1110 1111 1111 1111 1111 1111 1111 1111 1111 1111 1111 1111 1111 0111 1111 1111 1111 1111 1111 1111 1111 1111 1110 0111 1111 1111 1111 1111 1110
1001 1101 1111 1111 1111 1111 1111 1111 1111 1111 1111 1111 1111 1111 1111 1111 1101 1011 1111 1011 0111 1111 1111 1011 1011 1101 1011 1111 1111 1101
0011 1111 1111 1111 1111 1111 1111 1111 1111 1111 1111 1111 1111 1011 1111 1111 1111 1111 1111 1101 1011 1111 1111 1111 1111 1111 1111 1111 1111 0111
1011 1111 1111 1111 1111 1111 1111 1111 1101 1111 1111 1111 1111 1011 1111 1111 1111 1011 1011 0001 0011 1111 1111 1111 1111 1111 1111 1111 1111 0111
1011 1111 1111 1111 1111 1111 1111 1111 1110 1011 1111 1111 0111 1101 1111 1111 1111 1111 1111 1110 1111 1111 1111 1111 1111 1111 1111 1111 1111 1110
1101 1111 1110 1111 1111 1111 1111 1111 1111 1100 0011 1111 1111 1111 1111 1111 1111 1111 1111 0111 1110 0111 1111 1111 1110 1110 1111 1111 1111 1011
0100 0010 1000 1110 1110 1110 0111 1101 0111 1011 0100 0011 1101 1011 1011 1101 0111 1110 1100 0010 1011 1110 0111 0110 0000 1000 1011 1110 0111 1100
