30 30
0000 0000 0000 0000 0000 0000 0000 0000 0000 0000 0000 0000 1000 0000 0000 0000 0000 0000 0000 0000 0000 0000 0000 0010 0000 0000 0000 0000 0000 0000
0000 0000 0000 0000 0000 0010 0001 0000 0000 0000 0000 0000 0001 0000 0000 0000 0000 0000 0000 0000 0000 0000 0000 0010 0000 0000 0000 0000 0000 0000
0000 0000 1000 0000 0000 0000 0000 0000 0000 0000 0000 0000 0000 0000 0000 0000 0000 0000 0000 0000 0000 0010 0000 0000 0100 0000 0000 0000 0000 0000
0000 0000 1000 1000 0001 0000 0000 0001 1000 0000 0000 0000 0000 0000 0000 0000 0000 0000 0000 0000 0000 0100 0000 0000 0001 0000 0000 0000 0000 0001
0000 0000 0000 0000 0000 0000 0000 1100 1011 0000 0000 0000 0000 0000 0000 0000 0000 1000 1001 0000 0000 0000 0000 0000 0000 0000 0000 0000 0000 1000
0000 0000 0000 0000 0000 0100 0000 0000 0100 0000 1100 0010 0000 0000 0000 0000 0000 0000 0010 0000 0000 0000 0000 0000 0000 0000 0000 0000 0000 0000
0000 0100 0000 0000 0000 0001 0000 0000 0000 0000 0100 0000 0000 0000 0000 0000 0000 0010 0100 0000 0000 0000 0000 0000 0000 0000 0000 0000 0000 0000
0000 0100 0000 0000 0000 0000 0000 0000 0000 0000 0000 0000 0000 0000 0000 0000 0000 0100 0100 0000 0000 0000 0000 0000 0000 0000 1000 0000 0000 0000
0000 0000 0000 0000 0000 0000 0000 0000 0000 0000 0000 0000 0000 0000 0000 0000 0000 0000 0000 0000 0000 0000 0000 0000 0000 0000 0100 0000 0000 0000
0000 0000 0000 0000 0000 0000 0000 0100 0010 0000 0001 1000 0000 0000 0100 0010 0000 0000 0000 0000 0000 0000 0000 0000 0000 0000 0000 0000 0100 0010
0000 0000 0000 0000 0000 0000 0000 0000 0000 0000 0100 0001 0000 0000 0000 0000 0000 0000 0000 1000 0000 0000 0100 0000 0000 0000 0000 0000 0000 0000
0000 0000 0001 0010 0000 0000 0000 0000 0000 0000 0000 0000 0000 0000 0000 0000 0000 0000 0000 0010 0000 1000 1101 1000 0000 0000 0000 0000 0000 0000
0000 1000 0010 0000 0100 1000 0000 0000 0000 0000 0000 0000 0000 0000 0000 0000 0000 0000 0001 0000 0000 0000 0000 0000 0000 0000 0000 0000 1000 1000
0000 0000 0000 0000 0000 0000 0000 0000 0000 0001 0000 0000 0000 0000 0001 0001 0000 0000 0001 0000 0000 0000 0000 0000 0001 0010 0000 0000 0000 0000
0000 0000 0000 0000 0000 0000 0000 0000 0000 0100 0001 0001 0000 0000 0000 0000 0000 0000 0000 0000 0000 0000 0000 0000 0000 0000 0000 0000 0000 0000
1000 0000 0000 0000 0000 0000 0010 0011 0000 0000 0000 0000 0000 0000 0010 0001 0000 0000 0000 1000 0000 0000 0000 0000 0000 0000 0000 0000 0001 0000
0010 0000 0000 0100 0000 0000 0000 0010 0000 1000 0000 0000 0000 0000 0000 0000 0000 0000 0000 0010 0000 0000 0001 0001 0010 0010 0000 0000 0010 0000
0000 0000 0000 0001 0000 0001 0000 0000 0000 0111 0010 0000 0000 0000 1000 1000 0000 0001 0100 0000 0010 0000 0000 0000 0000 0000 0000 0000 0000 1000
0001 0000 0000 0000 0010 1000 0000 0000 0001 1110 0001 0000 0000 0000 0000 0000 0000 0000 0000 0000 1000 0000 0000 0000 0000 0000 0000 0000 0000 0001
0011 0110 0000 0100 0001 0000 0000 0100 1110 0110 0000 0000 0000 0000 0000 0000 0000 0000 0000 0000 0000 0000 0000 0000 0000 0000 0000 0000 0000 0000
0000 0010 0000 0100 0010 0001 0000 0010 0010 0010 0000 0000 0000 0000 0100 0010 0000 0000 0000 0000 0000 0000 0000 0000 0000 0000 0000 0000 0000 0000
0000 0000 0000 0000 0000 0000 0000 0000 0000 0100 0000 0000 0000 0000 0000 0000 0000 0000 0000 0000 0000 0000 0000 1000 0000 0000 0000 0000 0000 0000
0000 0000 0000 0000 0010 0001 1000 0000 0000 0000 0000 0100 0000 0000 0000 0001 0000 0000 0000 0000 0000 0000 0000 0001 0000 0000 0000 0000 0000 0000
0000 0100 0000 0000 0000 0000 0001 0000 0000 0000 0000 0001 0000 0000 0000 1000 0000 0000 0010 0010 0000 0000 0000 0000 0000 0000 0000 0000 0000 0000
0000 0010 0000 0000 0000 0000 0000 0000 0000 0000 0000 0000 0000 0000 0000 0000 0000 0100 1000 0100 0010 0001 0010 0000 0100 0100 0100 0000 0000 0000
0000 0000 0000 0000 0000 0000 0000 0000 0000 0000 1000 0100 0000 0000 0000 0000 0000 0000 0000 0010 0010 0000 0000 0000 0000 0000 1000 0010 0000 0000
0000 0000 0000 1000 0010 0000 0000 0000 0000 0001 0001 0000 0000 0000 0000 0000 0000 0000 0000 0000 0000 0001 0010 0000 0000 0000 0001 0011 0000 0000
0010 0001 0000 0000 0000 0000 0000 0100 0000 0000 0000 0000 0000 0000 0000 0010 0000 0000 0000 0000 0001 0110 0100 0000 0000 0000 0010 0000 0000 1000
0000 0000 0000 0000 0000 0000 0000 0001 0000 0000 0000 0000 0000 0000 0000 0100 0000 0000 0000 0000 0100 0001 0000 0000 0000 0000 1000 0000 0000 0100
0000 0000 0010 0001 0000 0010 0010 0000 0000 0000 0000 0000 0000 0000 0000 0000 0000 0000 0100 0001 0000 0000 0000 0000 0000 0000 1000 0100 0000 0000
