30 29
0110 1011 1101 1101 0111 0111 1101 1110 1101 0111 1101 1110 1110 1011 1101 1110 1011 1011 0111 1101 1011 1110 0111 1011 1110 1110 1011 1011 0110
0111 1110 0111 1110 1011 1011 1101 0111 1011 1110 0111 1101 0111 1011 1011 1101 1101 1011 1011 1101 1110 0111 0111 0111 1101 0111 1101 1011 1011
1011 1011 1101 1110 1110 1101 1101 1101 1110 1110 1101 1101 0111 1110 1011 0111 1011 1011 1110 0111 1101 1011 1110 0111 0111 1110 1101 1011 1011
1011 1110 0111 1110 1011 1101 1101 1101 1101 1101 0111 1011 1101 1101 0111 0111 0111 1110 1011 1101 0111 1011 1101 1011 1110 1110 0111 1101 0111
1101 1110 1011 0111 1110 0111 1011 1011 1101 1011 1101 1011 1011 1011 1110 0111 1110 1110 1110 0111 0111 0111 1101 1110 1011 1110 1110 1011 1110
1110 1101 1110 1011 1110 1011 0111 1101 0111 0111 1101 1101 1101 1110 1101 1101 1110 1110 0111 1101 1011 0111 1101 0111 1101 1110 1011 1101 1101
1101 1101 0111 1110 1110 1011 1110 1101 1110 1110 1011 1011 1101 1110 0111 1110 1101 1011 1101 0111 1011 1011 1011 0111 1101 1110 1110 0111 1011
1011 1110 0111 0111 1101 1011 1110 1110 0111 1011 1101 1110 1110 0111 1011 1101 1011 1110 1101 1110 1011 0111 1101 1101 1011 0111 1011 1011 0111
1011 0111 1110 1011 0111 1110 1011 0111 1011 0111 1110 0111 1110 1110 1101 0111 1101 0111 1011 1110 1110 0111 1110 1110 1011 1110 1110 1011 1110
0111 1101 1101 1110 1101 1101 1101 1110 0111 1110 1011 1101 1011 1110 0111 1101 1101 1101 1011 0111 0111 0111 1101 1101 1110 1101 1110 1011 1011
1110 1110 1101 0111 1110 1011 1101 1110 1110 1101 1011 1011 1011 1101 0111 1101 1110 0111 1110 1011 0111 1110 0111 0111 1011 0111 0111 1011 1110
1110 0111 0111 0111 1101 1110 1101 1011 1110 0111 1101 1011 1101 1011 1011 1011 0111 1101 0111 0111 1110 1101 0111 1101 1101 1011 1011 1011 1101
1101 0111 1101 1110 1110 0111 1110 1110 1011 1101 1011 1110 1110 1110 1110 1011 1110 1101 1011 0111 1110 1101 1101 0111 1110 1011 1110 1011 0111
1101 1110 1101 0111 1110 1110 1101 1101 1011 0111 1011 1101 0111 1101 1011 1011 1110 1110 0111 0111 1101 0111 1011 1110 1110 0111 1011 0111 0111
1101 1101 1011 0111 1011 0111 1101 1101 1011 1110 1101 0111 1101 1011 0111 1110 0111 1011 0111 1101 0111 1110 1110 0111 1011 0111 1011 1110 1011
0111 1101 0111 1101 1011 1110 1110 1110 1110 1011 0111 1011 0111 1110 1110 1101 1101 1101 1110 1110 1011 1110 1011 1011 1101 0111 1110 1011 1011
1110 0111 0111 1101 1101 1101 1110 0111 1011 0111 1110 1110 1101 1110 1101 1110 1011 1101 1101 1101 1110 1101 1110 1101 1011 1011 0111 0111 1110
0111 1011 1011 1110 1101 1011 1101 0111 1011 1110 1011 1101 1101 0111 1110 1110 1101 1110 0111 0111 1110 1011 1101 1011 1101 0111 1011 1011 1011
1101 1101 1011 0111 1011 1011 1101 0111 1110 0111 1110 0111 0111 1101 1110 1110 1011 1011 0111 1011 1110 0111 1011 0111 1101 1101 1110 1101 0111
1101 0111 1101 1101 0111 1011 1110 1110 1011 0111 1110 0111 1011 1101 1110 1011 1110 0111 1110 1110 0111 0111 1011 1011 1101 1101 1101 1011 1011
0111 1101 1011 1101 1011 1101 1101 1110 0111 1110 1110 1011 1110 1110 1011 1101 1011 1011 1011 1110 1101 1011 1101 1101 1011 1101 1101 1011 1101
0111 1101 0111 1011 1101 1110 1011 1110 1101 1011 1011 1101 1011 1110 0111 0111 0111 1101 1101 1110 1101 1011 1110 1101 1101 1011 0111 1011 0111
0111 1110 1110 0111 1101 0111 0111 0111 1011 0111 1101 1011 1011 0111 1101 1110 1101 1011 1110 1101 1011 1011 1101 0111 1011 1101 1101 1110 0111
1101 0111 1101 1110 1101 1011 1101 1011 1101 1011 1101 1110 1101 1011 0111 1101 0111 1101 1101 1011 0111 1101 1101 1110 1101 1011 1110 1110 1011
0111 1110 0111 1011 1101 1110 0111 1101 1110 0111 0111 1011 0111 1101 1011 1101 1101 1110 1110 1101 0111 1101 1101 1011 1101 1011 1101 1110 1101
1101 0111 1110 0111 0111 1011 1101 0111 1011 1110 1011 1011 1110 1011 1110 1011 1011 0111 1011 1101 1011 0111 1110 1110 1101 1101 1011 1101 1110
1011 0111 1101 0111 0111 1101 1101 1110 1110 1110 0111 1110 0111 1101 1101 1101 1011 0111 1011 1011 0111 1101 1110 1110 0111 1110 1011 0111 1110
0111 1011 1101 1110 1011 1101 0111 1011 0111 1011 1011 0111 1110 1101 1110 0111 0111 1101 0111 1011 1011 0111 1011 1011 1101 0111 1011 1011 1110
0111 0111 0111 1011 0111 1110 1101 0111 0111 1011 1110 1110 1011 1110 1101 0111 1110 1101 1011 1110 1110 1011 1011 1110 0111 1101 1110 0111 1101
1001 1011 1011 1101 1101 1101 1101 1101 1011 1101 0111 1101 1110 1110 1110 1110 0111 1110 1101 1101 1110 0111 1101 1110 1011 1011 1011 1101 0110
