101564
58616
109612
27438
25946
3452
150080
28121
48591
48995
53783
12528
7645
120271
57676
68045
107159
8332
66954
55879
33948
10413
66929
109778
16760
5216
2978
34098
101996
89089
61143
19269
14092
14453
67601
70978
61643
70813
47439
95735
64396
39016
40007
31671
48346
44822
57002
120495
24517
2337
71972
298
105952
15562
10265
2108
36853
34666
69442
13571
26543
11019
70314
127902
13291
27039
17790
66382
43649
6566
68047
77002
35581
93617
39972
1006
21725
38652
108364
58642
13383
65427
78006
59867
10189
129826
51371
19100
110226
46127
99161
42019
71929
24643
133027
111233
29171
16604
130
29433
123174
106190
132348
16309
5092
86040
40259
75554
54231
99884
27006
8538
88143
9733
38946
23426
8771
104784
128970
44639
111244
5479
81839
7628
10941
106258
69343
66087
70043
5295
88306
46489
55660
39685
88514
81983
11687
119865
141980
97983
111974
109691
48721
48798
6572
109268
42885
117397
91310
122176
62462
74223
11390
60774
43057
14580
80439
27626
46108
144165
60740
41029
28703
9967
39589
83013
48057
4731
125563
55646
77913
88863
33229
4030
61186
7360
16857
81671
66363
50994
102272
20881
47743
35608
61855
82370
141686
23072
119603
16531
36425
42911
55728
127832
44947
148905
6832
8030
33438
73327
33243
47647
148261
25123
89575
134039
71429
5490
32139
81286
20948
15253
5958
58081
74917
34351
22624
37504
35362
73167
103864
73910
35719
3889
77875
48789
107491
8934
131056
127453
62892
572
143831
39664
51007
20012
24839
45732
50027
75138
23807
74431
60127
14022
22220
103879
69126
127
32227
15751
44295
83846
91638
92949
25733
74518
10525
17316
31359
43819
69049
17917
1
129350
68004
7929
49401
51254
10389
49077
15004
104222
2964
85930
38059
18587
61567
36381
6002
21592
14568
53983
88357
60657
15125
79852
64450
33215
68083
84343
79185
16359
8123
13490
488
94018
43392
11562
104593
55378
91
39884
56133
70119
29068
112196
100977
6577
83608
9199
95186
49538
116777
1
95307
11777
42448
7817
96206
21078
73614
70278
68363
118306
36769
763
12950
96949
115244
12298
13164
67595
554
72274
28577
62666
86626
106696
21642
26334
87355
6637
54791
7927
9181
87485
43434
52542
107451
101656
38560
37414
68424
44876
23060
146251
62902
63776
16276
85326
20720
80291
67476
41830
67358
149172
10012
31965
126082
101847
61757
25469
87549
96294
29398
94076
83854
51358
82824
82999
57864
58768
88816
25211
111424
144996
2870
110986
2065
75382
43204
38717
45858
134437
67103
117514
33129
43050
2933
44908
140073
124669
3181
30151
50039
40124
19328
96508
64487
98801
20055
157306
117708
1931
104397
15535
6990
75958
2070
46962
23664
30296
63902
84671
28520
94654
137602
59950
24031
8371
34115
107062
50830
31610
74579
1778
31453
42795
78792
75173
2747
62670
151713
140887
12468
55079
34936
39318
59588
94085
87335
7100
7129
23255
12296
108213
49815
41598
81366
53656
130105
2150
2642
28281
82741
139011
9589
24116
2194
156165
138821
9839
15102
45187
138652
19290
75830
72150
18594
92026
3591
39722
2680
11446
79899
28349
17221
81140
124540
55072
601
62383
6289
20799
49192
85161
13732
37968
72727
159684
18546
73028
89263
106164
130938
97201
35620
87570
122548
96470
78179
25880
81972
71136
50051
147029
27775
14501
72841
77610
7550
101
50956
5932
10997
18090
26017
86791
6459
132824
74607
35655
20545
108128
142687
45387
55737
41639
3418
92315
15183
85357
146338
49712
21256
68662
31535
158518
47245
9037
154964
45838
56773
101584
16835
75505
86151
30230
15626
42439
151441
25762
26038
49222
37012
71122
86785
92505
53035
441
35377
69170
103130
29571
102912
107879
83074
22269
80267
102517
96473
45191
69356
18501
21212
53287
108974
22082
26608
20129
42589
68713
13808
79891
31544
130062
43577
40526
28994
12328
4559
71829
5428
111378
50510
14543
25705
62627
18044
28112
15761
16309
37960
80820
122904
33021
66974
41932
24961
90046
29355
85470
96617
70296
56991
20081
150125
100222
36771
95132
22969
65980
4059
963
19707
100639
90640
105607
11594
120364
131067
43581
23416
68496
10208
65662
40601
8665
27597
78986
5433
4727
56530
49645
5587
40938
64504
59682
120536
16924
82262
40311
22572
62454
23164
18470
19312
104610
22208
15323
116109
67358
21695
53166
10316
95301
27132
42212
63881
58055
31295
4832
14102
24334
54647
62353
20306
125017
127550
4541
25481
38116
44138
87218
146375
46188
56398
5165
18699
23097
9531
96995
130145
135113
92098
33956
105491
46517
155145
88250
19835
31970
98571
62354
59068
30979
113280
88178
101340
95844
1219
861
152105
81413
44019
95598
89706
104370
104623
20253
52178
9822
10802
75975
116392
54347
49034
128254
31665
112321
16532
13423
108561
37320
106070
85066
10293
109672
41883
49990
42173
75975
16640
115405
105356
117471
46922
99260
3234
103830
81692
97429
1148
76618
78296
10018
35533
21745
118290
11028
58832
21889
86149
26152
14073
45011
43008
98841
31068
31921
157566
3729
90049
147310
5791
78410
135057
90471
97055
29603
32353
25932
167461
146441
49203
45407
133934
30119
52689
76253
150439
81701
113009
66414
968
106528
44970
97058
22493
24851
17101
84744
161091
85158
37028
34013
91579
123713
38357
11993
28304
14600
35288
3351
82512
76807
29977
118985
49292
13868
163119
6378
133411
123216
16779
71692
22075
122513
125050
1361
83735
152691
20016
9737
22688
25291
34328
139824
81011
51820
90388
87659
69278
121838
104322
135994
33819
47803
32872
111846
4888
72678
107021
25388
142653
5534
127413
161344
110346
16525
33322
27000
107602
86804
94969
67030
116295
127858
28487
150731
73073
38049
88679
113692
110090
26326
1873
40537
56401
61134
12667
96947
94451
12754
37999
85850
28257
30520
42465
92044
64815
27760
77627
72199
5763
70134
28322
98972
93024
112595
27377
91740
86186
19804
110106
142670
5965
179194
35509
8117
62911
56238
14422
18797
26958
29476
3612
82901
99037
82397
88553
45651
41858
64391
56082
26746
139054
95336
7909
103034
12919
112415
48964
99982
22672
311
20103
89937
104893
69943
5792
34469
153896
65054
13713
74529
102686
41515
10629
57679
90647
56702
143043
13511
12901
84597
24465
83415
99733
106200
69681
119649
4627
12610
84936
64168
23864
22657
49424
112036
68671
21731
6061
22061
16050
146441
41264
4525
49302
97059
94162
93205
49028
62346
165074
78746
118064
42846
129987
98177
60150
84441
156232
60049
6883
109501
88688
69011
88940
171265
8936
85161
46351
3326
59834
98149
133287
58264
51204
10443
68077
102251
18042
3853
14604
88078
118498
26196
33355
23351
114504
87062
59524
20203
28879
102477
17531
173404
159885
26809
18476
93697
56718
4296
30492
25808
43002
90179
65195
49621
71464
34644
14929
2965
79642
82360
13330
6020
9206
31503
28026
20921
48197
15067
24381
15208
143753
32862
95528
160682
86370
54837
1444
133583
41237
112901
59611
153448
133736
96787
94613
46965
62724
48461
11635
80606
2681
108372
129367
16271
49829
90377
68479
117066
10737
75001
129644
35953
135703
56540
96262
137538
51910
126162
85820
141435
12799
104458
58364
10896
65029
17962
34524
104262
9516
72931
29530
159760
136419
128366
60149
30809
163763
109499
9161
41127
73801
9190
24265
68813
22337
21668
2257
72201
13399
133334
70502
141143
25373
55568
80114
97413
35794
169081
16123
105628
157560
6071
38929
79436
3350
25163
4856
127206
20556
53475
40476
5403
74985
107285
21660
105408
93190
124969
127031
28644
127695
20401
126331
36570
40377
70134
9094
59110
16990
179392
27911
55060
1870
44263
48303
27000
60473
60388
23914
68275
36412
25326
12397
103680
32845
144796
17652
47187
104494
52927
31140
37104
23682
23557
50813
26505
2591
6778
130749
49784
101665
22783
19405
116898
90016
8163
101517
49594
2368
117310
17576
31558
36581
123519
85298
151196
16069
10080
67221
72220
75467
45162
8745
120474
34610
27139
123291
76887
73171
95890
38880
18558
47571
24894
36358
61394
122642
135832
44709
64419
11938
108392
55556
141703
91660
62489
20007
4364
17400
10574
52725
131465
116730
49578
62934
105961
29058
42350
149981
149725
136045
106541
141014
38144
62368
64387
88681
93197
10379
57062
56020
88757
42879
24785
90946
114111
58205
36985
35683
80256
173344
60296
25489
2104
102040
49507
101620
2892
39949
10481
45433
34780
133896
174203
78860
134453
129930
68557
141911
36962
12812
35175
38331
11209
58809
136169
124889
29165
9574
35465
111469
127615
23930
14747
30118
39634
73012
109133
122705
5064
48899
6842
103370
149309
130922
46522
77072
3267
6678
51225
148148
118329
51682
48345
15423
52654
76839
26894
51901
94632
24630
34007
104346
96864
51428
32650
125958
116979
75296
152460
84487
32271
44474
23910
29632
14033
18824
155353
22731
85928
22556
60504
17834
94760
81126
27663
95966
149378
83283
181398
6374
11886
130497
3278
73898
68289
10851
173775
68637
51372
27795
35152
151156
44981
14608
135886
112639
158732
3476
33225
69921
94510
69644
43133
42128
48768
14497
103282
52483
135299
5579
82612
39055
165451
8791
33456
11322
121553
97407
9336
156732
19274
100599
10135
78113
70993
84534
104637
9706
42588
107752
185814
32192
63875
163592
37885
29320
13046
18019
139205
20911
43832
43820
1948
43025
138445
135976
104933
67093
29559
179865
32724
41879
23328
59772
37981
9537
51054
73742
169188
144812
28155
120328
54893
70652
96335
93935
167205
36796
8864
57859
65494
197303
94224
4107
32723
121141
24853
11042
2763
40671
23369
58336
19153
145919
19948
4150
44013
49478
116366
28222
143551
83484
56389
19374
58144
60184
140749
107673
139619
44877
76515
177992
32810
117346
64084
20074
136135
130821
139046
29987
37120
8454
46181
13126
3920
15348
186027
62218
136715
27275
37269
61439
87403
94055
6181
156262
50687
54665
1778
103486
165435
30687
7666
169238
35330
33684
37945
10985
136218
116083
4361
30314
70645
75846
29346
16639
164870
39381
33426
88231
19952
162757
68344
68024
132384
95256
116689
103877
61256
150094
175129
171004
85538
6447
14620
131173
52832
60120
124982
672
30457
74515
27077
68546
8665
92322
5654
58811
944
51707
6929
128556
72136
60294
74679
71463
178340
16154
28793
138313
160604
56972
167777
19742
90180
22024
63913
76132
59623
78782
33302
27889
55608
32880
13037
20521
63841
19551
153399
20012
123084
76903
151556
149466
136239
80723
20953
2538
98325
38064
58197
94760
43713
41543
32531
101916
168718
55974
103641
70725
10880
46519
156636
112132
192405
53713
4131
16654
110306
35713
180678
49970
118272
16093
148478
29106
97155
85759
163452
115039
170228
146597
91805
28589
106639
66820
20594
170331
9446
101718
58312
77062
100918
46638
137556
42943
5423
22308
172018
59817
26633
39740
21906
131921
167675
21508
7263
39758
100140
49503
30431
145743
16137
1921
50380
88090
82675
48384
101901
191002
109895
2742
147063
4531
8796
148711
70324
57154
38791
181413
72741
12140
32270
72783
77750
140128
83986
83319
128338
107555
94236
141002
196294
155843
103891
130197
100242
87658
49852
117164
29168
77068
17539
24009
64656
19878
92263
56947
73186
15512
78499
14442
15805
160660
36888
150223
90014
18366
46738
34680
38118
29998
12222
30679
45478
124205
76163
30492
80393
155575
6280
168182
50464
27460
134509
41604
121629
3539
99025
25741
19028
193879
131493
67663
73248
137383
53351
173968
15932
73004
29951
76029
187772
94488
28115
53118
9593
112580
59606
37667
33734
98
118450
193995
30203
2706
9722
684
107910
49496
60054
49467
163396
111691
615
16477
11982
176380
45142
178813
49293
2574
108014
64268
106360
40739
78050
70087
56207
24863
32251
45946
91450
31419
132585
28316
145433
30380
128165
88749
51311
54752
149293
35556
11458
84522
67457
85217
99462
5156
129101
173606
106598
25475
47646
73099
42047
99381
52928
38998
73010
55284
146622
90596
40119
130702
1017
68851
134838
73221
12505
15398
71163
812
158896
94109
53454
198660
11929
146126
14403
61965
72840
23836
65713
62893
87111
147666
142506
114010
150422
85177
93663
37304
33770
157820
72362
67688
105185
28613
416
88975
55867
40862
25133
7242
131025
117852
91368
107353
89040
136691
118032
24602
79292
117237
67808
174499
91891
11067
18431
83953
62915
87272
131264
70653
92732
170742
9147
62267
83988
189036
121236
83301
138811
80294
8727
7591
149951
114416
51772
103689
102172
2391
3533
52147
126359
18718
86847
73721
36127
123477
128324
88037
193248
282
124564
206914
102646
17393
145128
52923
81166
86409
17398
73224
72345
90535
65257
23065
85814
127926
43368
73827
82172
14087
48820
65544
194484
96346
75713
94466
93705
28153
40542
108637
14618
22209
8176
68749
140171
169180
155837
44938
146850
133707
43649
14838
156312
65154
30203
200630
154436
161400
113668
6277
56883
100032
161111
175929
19182
166129
5068
37991
18025
123099
158087
116186
59213
71685
103516
66397
24984
125809
109959
32757
114029
145438
10761
48301
99898
35135
76857
56892
13777
70737
58263
27179
79782
141080
129526
14093
20392
19322
19818
66327
107168
159681
116690
23630
20487
21110
45068
14249
41957
76489
198737
31029
194316
47880
81200
197546
180604
90536
72062
98145
121857
83251
103838
888
87679
57592
125565
58037
29686
147295
27888
23344
11423
65068
87527
91790
33146
88477
17768
203500
177965
97745
37006
75298
85332
71226
62350
123620
122772
38533
78793
176082
168274
9211
54758
21064
64647
132715
73403
104678
178851
199885
134323
60423
72897
15286
18350
108284
125040
11171
88037
4771
14589
53648
172525
119467
40119
189267
134461
98689
97512
106624
87757
156052
71206
53526
131919
51517
149782
83604
87967
62718
86020
199
1742
33479
17551
30072
79137
66377
118918
124735
52755
54982
126007
88430
125183
19235
89450
85076
81980
30054
56622
1213
53482
20002
68825
11908
72296
72248
21783
145491
104605
45811
111995
13443
55993
105576
38836
101417
18190
67064
11224
4651
53814
115250
171570
100194
3741
64252
101503
40093
11225
153615
157141
116784
34894
83105
72022
61759
94784
33422
196000
73610
82719
44404
101667
21643
44787
113413
52671
131260
26095
50231
23
170784
40183
95953
139781
6333
25203
181272
112155
173854
64128
32973
26689
25867
36341
24336
36595
51337
83381
76024
121516
219404
210406
170366
130250
51698
143029
59192
65612
8344
139649
206127
19982
119044
120552
67536
57847
147667
107733
42209
156217
22959
55989
117551
97990
89802
97016
10856
31544
45330
42091
203375
20456
80494
36470
16220
84422
119754
40075
25011
155967
70856
153406
51627
45991
139463
29233
92513
58621
183347
119698
105567
51978
64865
89939
107505
176610
174716
29971
19934
1906
66768
53329
90363
18535
15228
39052
22993
100243
36904
30527
27
56539
4763
118054
4524
42553
15585
1811
117859
120910
26513
87924
26622
199803
46870
12339
95353
13521
60410
192791
70238
86748
79014
38799
29072
102959
20383
215760
451
22626
6440
75734
166757
35644
199116
44356
159285
53961
108679
11332
61162
102842
37727
39617
73611
130351
75415
136787
17339
137163
80385
53943
11504
144150
402
28252
70106
165103
21537
2022
38531
199440
47138
140999
47658
165176
26316
223070
230284
35893
56565
200234
74082
60249
77167
10382
36966
58508
4278
12108
2705
79112
119941
112
6991
139296
48025
80889
150840
32736
6697
139920
139897
1215
8608
195303
17458
113289
46775
141449
73590
57003
70379
6966
84109
11243
71184
109135
163938
51619
95301
20458
97485
199580
98853
8502
227169
211816
128970
94277
57326
116306
33176
35711
1884
67869
45180
29349
189511
110935
54633
43315
125921
127367
120824
37048
56378
146297
72783
1772
125886
128378
18511
193305
22469
173333
186067
180305
87150
58315
10166
134153
63694
12277
54029
71187
78018
19253
49559
66610
55934
32081
92525
119195
25996
48145
247674
71664
124692
22939
64846
85981
88234
116173
104
204600
112477
80433
98401
19032
93961
45424
57209
50297
65941
103028
190888
161655
3230
55817
12337
106741
144381
142966
147088
3251
156244
151510
85824
206
136345
128833
74799
208236
113764
24166
74235
20120
112451
19703
40257
68299
41047
22207
161635
105798
96448
47922
27484
41624
46610
112689
57525
179083
80093
8606
58936
137024
182543
6035
219913
29793
104201
7268
41475
77885
29919
87801
161863
9379
8059
92604
44776
47794
42737
118223
113251
91724
59267
85245
153942
111694
26667
117488
17637
191885
13667
139746
53968
50330
23349
21117
1290
105601
93838
85402
8623
8811
87529
220002
237039
112542
205145
127432
117688
169698
158644
23810
39692
19950
64485
36789
23057
177297
206712
28047
107990
14188
1829
144855
76541
65491
31656
39526
169321
70131
89999
83160
119501
63650
32009
12298
140560
110431
41267
162129
146160
122281
135212
103726
152372
131387
204184
43378
58837
66089
50140
4655
11769
144256
57012
49990
135896
145642
112294
85498
123095
178982
74889
23213
172611
10171
98412
62357
37087
52236
87190
62419
205130
124428
62923
43071
60630
17470
3239
73798
68421
7769
33767
20414
212290
60706
112154
68202
236266
207787
172802
189770
20496
116382
18380
260128
110952
44568
182314
57416
23629
126460
125908
78478
164150
186458
167641
118769
156359
100388
82255
204665
43671
198553
30034
89292
134821
17262
147827
70876
248549
15792
66879
18076
109889
160483
55772
63200
154868
53146
86338
16276
98160
56568
22458
11452
20567
30318
192114
221922
24299
97626
9735
987
63278
110089
129754
88834
2007
152129
28973
49616
113232
37066
65618
62327
26816
182034
183699
15887
117162
153118
57764
90986
159737
39219
98882
57937
241469
165420
1736
100242
30956
38940
84264
133795
217973
49776
235362
105027
41906
47518
83211
192028
7588
8965
176084
70919
24382
1226
86264
43171
114691
136985
134022
50517
94517
135566
223196
55964
173307
210227
47034
33781
31332
22898
33730
162520
3165
157309
38243
130803
136486
20091
27115
34851
92277
121706
8531
48196
59334
125299
19549
34104
175548
130387
131542
91194
234548
60324
185239
4256
149077
18977
33698
43739
98771
163321
67090
107692
252114
21161
75241
165461
56317
183051
85951
149304
110981
112155
30506
219435
25336
29092
163077
59448
108422
44865
112695
31134
109070
5997
72709
74914
220123
141756
119932
25177
229955
186587
115304
150095
183397
266
85976
50416
49312
203972
204986
40792
107359
203502
62652
154338
137081
49021
251035
42781
68660
132096
237086
1389
221077
55028
60996
104399
123207
28957
23622
64045
4993
115001
164000
99453
23851
60110
41854
92234
168246
97126
17448
60977
76968
11151
94553
22155
130643
201212
2187
33543
12558
112536
247593
80685
5786
81724
141938
103474
44187
27035
185247
132344
171742
108055
189197
210100
33968
140487
124646
105358
140538
32682
120258
73686
4249
241390
41771
60672
54420
48108
48830
17780
51812
173735
15221
130452
193144
159124
12544
24975
129308
20749
33603
66198
203434
33634
133863
67563
62253
120305
2476
189421
69136
81187
107238
205435
182076
39569
207305
198956
60252
11936
65708
90855
36679
118845
20398
21179
29571
51869
57648
200697
15507
94181
86717
45848
88003
12101
89398
198955
35837
50161
57134
11358
38153
138376
104948
42886
160706
6023
18972
29882
197259
77244
135797
58147
77580
21073
148853
205021
48108
90776
119511
46356
34076
106218
57896
61552
169628
174754
110112
11986
274785
250281
141630
154623
241164
138153
79701
62623
68304
199133
23353
27254
13929
187821
46902
23131
67217
571
1724
107549
2538
118738
511
32759
38478
4204
148589
88813
68296
152773
68195
23355
45780
85352
38279
237052
147309
19511
5769
97936
138376
140139
5540
42735
72369
68456
69814
8012
160425
129468
97754
98931
115478
150374
49724
78499
24172
71405
243200
6165
152758
72426
153958
12648
143484
197084
2312
184383
224141
168584
154157
64165
20720
9086
178791
67420
143504
30477
202445
54173
126350
48180
137342
196086
167458
4639
96335
43204
17864
48404
23549
40778
115280
39043
173675
142907
70696
57399
130449
19413
58062
108764
224414
6225
95536
121722
148818
82425
31738
6178
76759
130391
87817
78745
131914
55852
19655
204607
16756
114914
34349
36483
64738
129618
191072
8443
83601
16942
115350
121259
105565
15722
73464
213645
67022
2687
235556
65526
166109
272801
180394
32594
187543
72540
70068
275133
50843
169340
133084
3852
15475
224454
40613
107449
83891
122418
179618
118388
53557
2486
34982
93588
281966
148775
136001
146862
188278
193885
187586
241258
2607
41501
12244
56254
143622
12109
56002
82096
14100
16616
29609
249013
131945
43373
109292
181527
183261
11963
142545
189954
31452
216836
143179
99789
71571
265311
141075
89856
12017
115013
98132
54213
271349
11259
215392
62641
90298
255868
73380
37136
18419
35595
13862
33654
108679
129245
200065
233347
6014
12898
70556
66292
92938
159910
89694
219887
82069
77538
15340
143469
203932
135165
54408
91290
13615
88614
172818
3614
86280
117774
128551
25132
53960
60346
133064
97530
194491
176473
45090
52180
177838
149366
58886
109077
69820
92310
102535
5017
169654
70273
39808
145825
49416
509
54923
3668
48191
34692
44137
48323
3327
9359
121353
209884
34113
290537
53715
117578
184130
167417
140149
125131
166920
46625
136188
68621
34900
84735
73996
152228
148634
100392
156498
141488
187273
13608
10584
34445
205030
56429
8636
10247
114999
7470
139891
1271
15029
141275
140724
29585
174675
209891
121250
96645
195623
77900
88666
208037
82191
48558
152418
26294
97579
165000
62135
161916
196155
133364
248161
96899
123052
52051
31632
153813
209423
39172
11469
102717
40954
47560
15018
63265
52017
32288
55351
162280
102024
139933
2330
173628
96702
49359
159821
92081
49461
56902
32973
72
151254
292800
61226
206825
69088
78526
186708
119787
127446
144866
218358
179182
132141
52174
180288
138340
101794
147732
202070
86250
99384
28103
15359
77639
237875
3269
44943
90933
93265
45058
271307
259993
9929
46476
74476
131885
60047
122888
28158
77761
101565
8666
74774
65683
30048
164828
102683
92859
207726
75900
11280
39548
18760
199126
64892
195046
12093
104262
183275
20962
138440
58284
169315
114945
197854
65154
80726
118532
126085
205016
12713
36502
213061
254560
129453
148822
148801
99457
77957
82914
92928
58398
10670
40001
131398
44309
8518
71395
46339
170245
16230
142432
266653
133732
209792
260197
83258
176618
61556
60907
75615
144440
102549
168023
182204
183499
13850
129865
124851
207010
95294
119043
72497
142082
196723
254036
72017
141962
130853
86087
183057
89170
134609
79604
12866
144825
68921
2006
103995
137397
76634
33552
45760
29258
70224
126611
34432
56100
85006
103641
42933
12208
193465
180866
8302
36312
198956
143243
127428
66343
278263
31494
19275
10750
7735
118051
14688
96830
21268
148212
255557
167361
55371
114561
105930
231798
52331
28772
106056
154915
22598
83385
73108
232397
163342
6504
237910
97779
12557
44605
69863
178003
157812
47265
117132
57274
9808
275741
103918
96915
139977
140480
73399
98358
13879
18470
211925
654
142137
28679
200227
96548
2267
136705
95469
271967
35068
37995
147255
219
117198
20609
79383
217142
41503
158229
49389
84277
177474
214395
124214
207179
144777
74652
178327
57928
210159
95959
157432
245284
40901
11645
43765
6330
125908
179909
36733
124552
55291
259128
176273
189095
211077
46817
17276
140724
44055
13684
18573
38453
63472
165807
52751
224468
228444
22288
136580
72310
187533
174553
114055
73416
27532
13651
30777
20144
2888
43255
112678
86429
425
47340
18201
76368
1012
47621
10382
1350
34697
156804
30121
33324
81852
21770
100461
19379
122122
154364
185514
163756
65644
31843
194544
102018
20543
254243
185936
235175
23453
148766
52479
49389
13454
30774
39623
65411
211199
16762
160358
102608
98484
97284
76565
35480
108920
219988
207621
177078
148425
52988
299475
1189
46975
87022
158810
137104
69195
151304
74531
34496
15442
132929
228472
93743
94116
95561
29634
26618
75711
45065
204867
80478
25702
107304
39782
83172
136654
14030
69576
55415
149780
119570
29227
129705
226517
205352
105264
52100
23355
146655
253113
227669
236408
91666
189404
32445
62342
2892
69504
38420
172988
64556
110897
246096
244220
183712
11368
171076
213686
93831
184189
96309
28787
101012
8450
198617
132470
289418
122083
37920
11048
75285
72341
167924
144067
64772
6152
176802
22016
218643
176021
290074
76319
46608
34029
313397
62538
211693
188253
90424
66053
99302
29719
49570
307822
11966
2990
166399
107054
268372
83904
219171
210187
210054
5883
25628
137877
61586
94380
126712
51900
129077
252296
10719
5885
225057
60976
107081
221745
239426
88324
110040
163153
98755
11404
90611
297120
52055
181039
5303
142889
69776
100220
17583
146042
132765
150619
142153
38953
70029
47097
12252
69907
94266
172880
43689
96229
146852
114368
62056
101783
62113
108383
175431
165472
137410
107187
163243
51176
83689
28539
232627
97520
5757
145943
39851
200468
300134
71736
189807
42164
163915
144077
125690
238429
38958
10942
16765
93619
163577
103736
23001
140865
184700
89848
6537
15559
48850
105300
98235
95842
121072
233759
200105
73007
68681
131741
92693
41974
205062
98590
43297
98076
226744
33608
98083
36002
149239
116675
14966
40067
51664
192576
208647
87112
277511
88161
230234
73965
78060
54760
204487
58818
107110
161670
106728
162756
166485
79483
128275
87096
9621
34293
180379
146049
130381
139479
3388
25251
68589
196642
50112
175585
162903
129230
189051
239984
166247
177323
217417
15199
14101
131011
276526
214982
9866
39869
75568
36231
3998
31587
113570
279127
164441
129968
52749
806
25072
62479
166165
270890
94318
92792
48281
110877
266152
98527
137516
107113
165583
79612
172919
279835
9894
63299
134794
164399
106664
109289
116411
257114
94233
67688
9
36676
123573
55315
173304
93115
20071
163510
256903
68714
70064
145046
262569
97552
58667
72541
112751
31885
251866
235848
153441
104693
87787
41558
139436
54237
23919
1512
232990
271903
187782
14603
53725
15136
278013
9883
180892
196100
9127
233049
102186
89411
94166
18088
139977
12191
222881
297754
49774
41887
266635
76780
298459
40766
26085
70717
188454
143291
47232
32163
49226
273166
204488
72800
226885
151882
46312
27869
110398
323384
37583
35662
127939
181922
11468
192947
8299
206217
11202
158318
66869
156830
127622
212827
143288
234808
90470
84314
169811
250381
93199
113
217466
120770
267550
77938
330116
45464
21185
23534
172889
264177
261036
210159
79799
339800
81738
224392
98102
241880
38042
103476
118839
169959
53549
13045
268334
288247
98777
190027
181663
186830
82865
141837
183572
263673
1748
243441
62251
118595
256477
37961
3675
100799
32809
56932
167108
102903
327669
32654
67488
193557
50395
164302
234222
37021
294960
72947
51295
9904
14527
63710
206593
141995
12312
45126
136905
34775
12542
89758
113635
145047
73241
4045
203246
58598
225101
68347
59699
95071
96742
174905
89154
7683
171154
135058
239547
138965
296484
19701
274140
305715
117592
31237
33888
55122
21800
33280
138661
250459
63335
210961
170264
74237
167056
206239
317467
1229
103001
103079
5774
92385
166432
81728
173495
101252
48776
156432
216750
119360
243778
45679
104714
23461
50182
75481
126401
29165
133868
166357
105922
147056
146470
199690
227872
128055
178940
306996
306831
137520
122709
277239
145382
89716
153164
32349
202916
7657
12477
163032
110587
214724
62957
74084
359940
4247
136269
101827
143449
22990
174777
23298
191362
309702
17816
172397
7721
12531
133276
10609
28782
17626
211258
191940
89097
6453
152385
53639
56932
215642
60354
170001
94976
7371
218346
102096
99954
334101
39830
35233
69860
176537
40520
21550
30694
5390
144995
5941
51207
150032
95521
31785
13669
171249
126161
30743
72805
136082
108357
230024
147872
72379
96026
83005
109327
299629
202278
236551
59400
107744
222701
221160
29166
215103
164793
253172
189630
133877
39643
101365
130350
292636
99364
93781
212224
105157
34848
142571
12482
251607
61113
159388
30401
26666
38104
30070
216868
17420
70913
25781
50820
81403
132942
113289
2818
267531
110564
115430
238399
240131
33908
347685
306924
247542
14869
17721
90151
4323
268949
161076
114646
96280
225426
213486
15288
309401
8533
213817
136997
197312
140741
247625
79092
221835
224332
744
41488
268909
317777
224741
119347
203745
80123
59646
218136
150009
85249
228615
76076
58669
47536
42196
46926
34520
112925
90942
255500
33977
272721
259096
126362
173229
213975
14782
80819
36681
181629
35845
263828
83252
107655
94514
7421
147587
60709
263811
60711
98502
42989
84129
119244
119032
28166
26022
252325
142732
180203
10235
112545
127252
7434
93567
17200
280608
119248
1073
5284
134056
94773
43805
6510
17423
368935
230407
45006
51654
95112
102270
237874
81281
133360
48994
125762
230027
26532
85625
37786
13200
131783
134052
91122
140578
119460
175122
48014
91148
132919
378199
141166
182839
260011
48481
223507
3796
87130
234865
154659
14403
240652
283462
135295
2729
234386
128793
239165
24593
139611
50538
834
300772
174295
218369
100901
48641
93084
13156
176170
24085
256264
228405
48268
39464
332451
3460
94528
247876
82772
283136
360701
297880
27544
51906
134737
105783
134905
31959
185749
92068
54102
20886
199798
211445
28816
58764
123427
127935
190941
73187
143928
20049
234365
66569
32525
20415
97999
53428
123480
27543
176586
176124
111772
64288
262432
127615
178074
327467
44576
19994
251764
18721
97065
4014
175788
98293
297595
114300
112591
183201
165857
88967
115425
117945
13502
104367
82135
64314
36232
277273
27159
35984
263375
242196
31101
5409
118066
108022
38258
148101
39142
208910
88669
158168
2947
258210
118741
125893
204113
106873
30125
82289
238939
134206
55332
155866
30130
213544
134557
44174
124975
5997
74580
239152
153895
115080
42124
173643
93512
118099
154057
36486
133409
272229
268300
35385
149035
70071
218967
182495
143044
184822
13465
25706
14380
99561
166322
50064
210282
160576
59770
248620
78861
106999
40486
233944
75389
63297
117641
80539
234945
6117
149620
45520
78881
156462
123854
204795
159166
48163
69400
245203
71193
161910
166618
57373
92010
8359
198277
187473
37921
138772
207579
140265
227712
49699
84050
87902
67389
226416
18552
30461
35737
55932
46742
139004
126935
137151
16370
41433
209672
81597
344914
269554
55588
243681
180864
114844
94319
35122
66773
172864
108869
315820
140942
199202
311995
31941
188256
6272
161790
236923
333403
25370
31537
73939
32699
223373
66879
1062
196988
106332
208100
97911
41971
221121
22791
302994
60216
55229
94515
139507
184538
154673
281276
143689
43485
234139
177554
165760
210529
30290
337863
246795
168323
261571
32293
240621
280562
138353
269875
94107
208154
32202
141681
12946
374491
29746
346882
172710
226987
149290
39025
199864
273727
35475
169726
214214
84327
262713
142447
8198
236059
183347
80406
69181
88648
16758
188641
136909
181474
39619
170475
52936
309012
168898
66112
40334
201619
107780
59483
32046
769
147076
39496
197608
10859
41554
140763
24010
76658
161306
33666
68771
66590
16327
51161
231184
9444
145264
33026
262195
301247
143807
143641
135010
14173
330940
49047
1990
162631
56062
40692
190278
66213
196360
241515
211
229291
9308
238022
28785
235229
60420
92456
334633
147676
92256
178303
384025
117052
286615
265018
94108
25125
130258
291217
63653
47254
156272
229993
222825
113327
304897
303421
60295
170149
285521
124829
210849
165428
18242
75675
83351
173795
89495
206122
230864
12105
139059
208099
243723
50399
29278
86405
140213
35826
278032
292410
47051
20399
48079
31453
283218
219727
58705
190143
23816
118662
283766
231251
14216
319509
271446
207291
187858
226944
62832
49203
175827
81923
405829
162054
145726
110039
63932
158060
35659
248328
344194
65287
8005
187714
14342
191035
232987
219763
311198
204858
215560
210048
42126
149004
137535
174350
197198
150313
118981
7886
140927
55569
121687
233463
122
200047
164486
247298
223091
247187
91638
234253
163168
25306
165399
287868
273716
39365
266178
1789
238306
15647
37257
166749
85952
337663
106065
64523
268018
70955
51980
71117
70353
64476
312928
27761
253437
308344
174740
177801
147617
147034
157917
34510
76743
11223
302802
100118
174412
353196
35293
33240
88028
190978
346588
23775
170313
242182
77707
108586
70128
37568
13266
284304
277971
174640
261481
22720
293775
298286
6157
322370
134112
228957
4354
187709
57260
235215
181752
49802
319746
7136
5469
44371
298050
71371
211753
45970
67466
89061
267468
331469
63129
242322
103029
10256
49002
208283
200954
162838
19544
49283
76217
226455
3196
129036
43349
79563
64184
268971
302068
222624
58061
114734
10014
365913
326822
49498
7390
49577
4780
24586
416036
36500
1495
38133
162445
64882
229962
364519
278488
154718
377279
440136
168896
36744
283618
25192
114432
94626
193272
347720
156270
33355
199673
125660
155023
160212
29882
109156
144875
382104
103314
254099
51493
30365
3703
92050
67185
303798
65593
401489
112532
110985
87138
105779
85535
139921
122396
59428
158959
30244
295807
44494
79576
71426
20500
70187
40023
143613
180226
53766
177615
699
7148
256453
11345
228779
92445
384164
247658
335598
401299
139573
287171
3976
111913
106091
126991
68895
138034
273547
325482
318686
57067
184797
225302
36169
216698
11124
138011
138359
40773
291344
196161
37477
128443
39308
55234
185224
147748
171771
261534
11789
35833
268345
238048
45554
133690
110516
96635
41309
290195
206069
80478
352058
199501
247077
127803
60844
1804
249498
272039
398365
39782
3839
240337
368518
48482
29687
388277
229113
115897
52359
308663
282616
357955
335613
190054
25239
172364
134488
28024
19462
71860
154812
278429
41949
13069
41200
62244
393424
145495
353064
65670
3108
82817
25420
23008
187427
309443
266880
345391
198692
70163
1177
105644
250266
195916
164878
106891
121822
181287
219566
178412
304516
216440
168066
132742
68984
295736
78983
122463
110586
10199
113016
200977
118446
408626
149341
40090
219685
131775
310339
56136
300833
219506
362607
174289
182426
15415
309384
220080
170258
301469
93382
83533
202404
62579
24171
56154
72630
52424
98203
144975
19507
95468
37481
149579
390793
40845
221113
149825
175698
217595
180675
137826
53972
87909
156094
51101
206290
120886
10564
67342
343681
23298
43354
266161
294363
1615
156948
29208
16395
417262
123291
117569
283847
213549
87537
57671
157644
269904
233064
167485
98346
212299
40190
246252
155404
51567
102774
263057
191292
61384
49824
138266
50140
172653
41459
256514
138181
221960
203149
38727
157999
208915
221391
20034
9826
29002
296833
44078
150796
186230
196766
83822
11283
295250
236523
3849
148503
313734
164242
93087
246436
78656
20926
23706
105422
128587
190591
36603
222837
193263
200671
25694
123668
106385
251496
346833
280573
72896
239238
190757
150070
184871
43187
110614
98030
83448
79250
322174
170106
21910
340515
152386
51213
384977
274033
148090
83227
71628
72169
9027
217386
81203
196899
151858
176500
143224
240020
26149
375155
143796
314601
68175
216109
67239
396876
83721
125123
268844
1465
384045
28769
406363
334714
84324
268402
73944
79286
235903
24431
143171
315886
407884
128428
138812
31405
73581
1345
254135
165891
58455
160684
43490
181066
297985
138383
144232
77407
126919
78600
229445
92536
105267
61075
400555
219087
162834
295497
14732
359857
8998
75482
237912
137126
84110
32005
426463
230623
79757
41112
93735
55724
193300
264147
428566
160652
175525
317397
428861
367021
108499
268535
197072
220238
93806
59698
377772
283794
250197
215877
86772
816
49555
214452
41547
222717
276065
233631
112219
264093
311994
41438
126749
371127
283250
122476
453726
8731
161482
248730
64980
103547
73208
217235
64979
3418
169333
84804
117525
168841
37784
319077
170406
164745
156467
434121
329576
40163
178236
87913
115500
243375
85567
88062
38062
186129
161906
115306
349422
230851
170252
61386
221909
102392
128522
199989
101778
172669
138983
66846
209127
119885
210413
274051
308945
126916
40843
291864
171712
104737
86486
321985
524
114008
449400
338903
86490
179010
157443
215984
158051
270019
79551
52453
2570
379633
215211
251945
176637
219379
380544
100313
33474
299183
116149
238250
198200
343447
248551
170256
322652
262154
52745
387987
31013
256862
4247
40630
35410
28362
91651
248408
252059
122991
327170
14273
413703
81677
19067
390821
20465
48410
82141
77856
122426
75786
1254
372614
284433
76918
38595
244273
41919
114428
26555
141884
139557
197365
113114
233753
132091
144728
35188
343350
84345
281473
51741
46938
156679
245311
31858
454794
10130
84239
160513
100317
109230
239136
24839
88279
158750
171020
372457
146383
168990
224757
144496
107162
265158
270325
357338
8064
43240
280076
12873
124902
206885
164010
261561
31834
30952
170702
116299
21630
52612
118967
63732
268307
140189
262208
7755
443996
40027
233208
127146
17057
110319
208488
155633
214005
68472
228775
261482
359313
227104
156287
270901
643
80118
324311
8585
190072
79599
84870
199565
234767
414178
203850
237786
292158
11199
125020
224566
3163
267607
185602
36459
234804
14682
150911
451444
324342
234543
226870
221742
56934
60343
86447
53253
279322
453879
97402
282544
86497
277787
15613
84999
70950
71762
138277
82201
90255
26334
7480
211744
81208
3553
129116
124781
20379
68425
42
187756
69590
150577
323858
79272
186482
127706
452557
59691
185234
403119
175102
147998
199002
100985
101229
154470
129432
49266
235730
234666
56348
60741
144813
395847
358582
75279
343755
16248
239247
385000
66637
18070
59811
156170
57589
84206
396679
42726
23498
265167
10087
342036
229167
236266
231148
273168
100303
179112
247733
486009
35547
312319
46702
133831
124858
23042
428255
128970
34494
131399
218294
145783
244302
70644
267567
87508
235474
315642
32842
228227
115225
1952
162812
141120
30220
92893
74389
207493
289675
119536
42935
138084
93788
178557
350521
63333
150067
26401
88208
30459
168186
126862
18045
462420
133944
54384
18056
129237
204944
84718
104385
242458
98342
80414
75286
299766
32738
20049
79913
347146
37636
51051
337212
32386
244
77080
272936
99241
84224
37986
223006
24326
183813
246365
115107
115859
238457
370827
5566
125624
322524
126048
228913
233894
118042
283149
29137
9965
92161
102980
159045
118504
207020
142462
200005
337878
1812
413826
328938
10317
167405
301324
297510
72519
51630
259882
173345
27129
4938
434914
185426
349192
188265
71914
135450
90640
71531
213114
92415
52181
129508
139330
259468
109558
456728
252557
355728
356118
6208
616
117169
102947
208384
96741
2051
320139
435778
94828
81973
307982
6073
188309
294030
144474
149061
389232
74329
415989
381075
302032
88808
293865
39456
295156
411446
204817
66458
252556
55897
28617
23146
365271
203560
18927
63773
153726
301975
243952
37327
35013
317573
238490
108096
187197
135804
62992
19966
264953
51604
283469
325243
316109
312479
33487
40398
167018
9443
223576
171921
84381
62165
200196
165762
84527
51493
326899
88069
359008
75781
146692
386141
82046
137907
112086
122636
117823
51035
310455
5265
22760
351678
53279
192280
243315
246468
20442
163681
135126
304474
38874
416606
37682
209391
332082
2089
163639
148895
22611
401159
77046
375647
395548
61172
454225
132866
205511
198547
97509
361952
290014
166170
69741
84783
808
10314
47225
270889
236350
267581
9638
24654
449737
289800
432163
189820
272765
141684
263048
87027
8992
64576
177150
492869
119775
240881
139829
33302
4947
17754
243847
70581
318143
462163
107444
279818
266548
278092
3629
44198
4690
320467
260203
233867
302752
310593
126604
99261
263456
234314
82713
265893
134442
198225
108789
182774
491795
97450
156457
5188
268511
95608
170447
232723
31636
47584
247296
97166
89462
158331
511751
380806
31440
66031
151758
79627
36709
148102
86317
151998
64563
101006
184971
95753
220151
98706
152925
351678
111550
418087
344866
33402
259016
86862
430990
250366
176569
194764
16328
142768
201783
158500
47363
161838
116279
333977
399365
229616
494849
358628
216577
47301
140161
298177
242759
326708
425156
83514
65699
148250
421700
278435
49492
71478
186180
123830
225542
21441
231673
29026
11620
113985
251129
225436
403993
224952
81327
303702
26876
149446
38742
186306
268029
398218
330386
350388
338010
302960
334175
127313
105617
74437
479158
243558
131549
71162
14878
238506
29291
156109
98630
215275
267735
233522
184766
65745
322728
174783
527410
520196
6483
569955
6686
184062
338121
34902
74458
474663
244664
280121
225348
476138
35852
336666
199760
59980
59803
52738
227071
95479
435605
87945
134506
56442
111366
278668
298697
5291
54113
516713
69872
63964
367779
62798
426684
97674
301663
305859
429061
206062
207264
19299
75830
239354
87807
43909
379478
543049
200842
20142
244491
217456
276364
46913
63426
16896
16962
413005
106633
46721
145126
79585
157223
130305
82994
194812
281174
77058
397176
528317
55621
367218
307206
4208
223643
421140
273910
24830
282961
381606
850
595299
109653
194633
177101
3450
553380
83944
429535
39598
255894
89201
419420
318162
75883
25052
43354
488851
80698
149620
472776
306185
5244
193247
180526
343883
46542
292046
415288
101929
99422
66956
103417
76716
117745
177078
129818
38797
503176
11384
152866
215053
77069
282506
79580
74910
60828
495322
106442
106284
371265
245504
81144
140763
318820
204365
17220
386507
414298
518752
386190
168891
27622
432301
45783
86766
276349
210956
345664
499292
423237
296518
266972
58352
277720
383364
104766
11190
146298
323775
94488
71629
276662
174964
254658
78170
45004
270874
357986
250983
220561
110366
228807
23834
11026
115955
395733
149254
92716
86931
26105
136633
185727
278241
249583
189776
116499
236991
352109
376628
34374
398560
322898
403253
57393
598392
122613
116028
239990
54974
376495
440826
365659
17543
290882
557137
103288
18252
145194
267657
132008
19790
114475
458116
5870
114349
51353
304904
444939
141094
252981
165187
166491
332699
55114
41831
190489
44921
67943
388117
280819
504210
150479
236510
332384
86617
48639
163414
53115
56606
35356
303072
442616
201403
89015
158457
330120
14432
62237
415251
42113
217868
54619
110234
90944
450062
150659
296534
186736
271189
499841
120141
525105
169930
469663
414805
118015
139907
162703
83719
69488
16726
74631
29162
376731
178146
9102
470263
504360
166196
428223
334504
99683
260265
325676
7837
355416
280454
392330
7046
271856
341485
269949
337983
431863
46081
103240
135544
85904
37416
302973
56726
55610
17017
201795
190540
78044
135096
496121
351982
59965
310021
246275
298870
182172
220265
124519
475709
231227
29529
462711
181442
406479
127041
107843
119519
395726
143061
132671
377884
135523
101695
158177
390697
364499
285613
416953
47667
63537
109519
195609
355323
271498
152013
360770
7856
70870
32790
133101
266903
34549
488752
334114
396879
222040
505997
94247
180441
584952
277389
32811
4017
392807
90202
184295
412755
215646
307704
116140
370486
238719
152078
208024
494973
169420
126190
240664
183825
5853
115115
446011
75363
280050
162463
156635
305557
59033
223687
313802
238519
164885
614933
216374
359073
473469
349929
47194
358399
338490
108143
362307
383501
182475
290700
278084
161390
119920
162697
187957
323984
236082
196385
237890
226527
468272
113863
137519
30081
262294
375061
241773
272866
332619
35271
276658
450796
90049
428744
95802
141852
470381
247691
123393
343360
524071
145111
581181
28956
228541
236669
179346
97886
518049
400149
9182
29397
358595
6867
214278
546309
389372
57200
20146
302059
102506
1176
82379
192229
470517
27522
289902
49585
277408
1440
204295
472828
95087
303547
48271
15250
178610
388403
95841
80574
55427
281856
472639
460961
290500
155457
17003
181028
37216
327632
72722
75809
412634
271283
268817
260632
309588
426677
389005
395753
348791
99673
106475
338930
32351
376524
21386
154087
166763
230266
257995
212523
210178
229814
483269
458548
556040
349674
431941
12776
13142
247281
69350
6904
237649
137123
506110
4527
487989
4971
190546
355901
55205
46620
332176
306732
231038
10111
111018
14033
216351
271287
286804
111508
168648
70090
173909
237394
63863
484670
143892
165930
136070
513465
361170
90199
169665
333988
7954
34814
240090
172475
253398
28110
308587
254072
176064
377561
386956
18180
151499
189169
94804
142335
566208
255819
120401
132371
491687
97267
233950
250464
323737
413982
21258
85080
412918
125932
44798
73289
3237
223793
389949
289957
316980
477568
185143
97955
547692
249670
35408
319517
254601
323320
46554
428103
591496
454714
229905
152451
32096
100701
65002
111470
227491
51837
67019
534980
247142
413368
78888
447691
255967
407486
79186
445791
233682
77591
329528
436010
136410
419541
452868
394881
300135
382456
111552
239012
103182
603741
81583
537929
105291
23009
27743
332479
179945
324280
108056
369713
328221
36441
133470
436190
645787
475968
93063
130868
366542
87362
505617
102133
320072
58359
53689
396014
548418
43058
223592
236089
433312
609709
34685
229812
672969
149715
78706
116610
120503
525909
142513
366696
411819
413030
431644
534979
81244
346584
451964
22560
327115
34894
164747
96072
150213
367050
25700
359635
111774
36184
285172
2191
24683
297973
75185
109915
317863
288693
23875
203625
285477
206402
136309
150075
362108
95468
216883
5002
344714
49249
129431
27366
173428
205434
107838
382774
432272
425657
87065
20125
94131
196531
21627
494540
346573
66124
237725
99667
314498
89184
218590
8374
231307
280232
20106
24811
364705
146869
134555
415170
557912
238399
44674
292028
207717
191723
37648
47357
264760
140552
221342
134363
95480
188967
26961
313846
360755
471260
78288
47697
377382
252556
47857
516782
36037
105686
278212
147534
136263
94693
108644
505200
96923
308796
288055
191047
353464
76448
396860
103102
12107
430394
235718
313253
537536
120968
57702
196152
233481
229190
269216
603580
175305
435728
160856
642864
113816
473609
84396
81661
97312
297435
330414
53084
206435
257183
483710
415163
272824
317231
196754
313738
334105
165981
70052
190706
162722
698191
462689
20221
154735
186263
210804
227322
212781
572681
357135
241549
129357
57369
20483
218143
145224
91464
23262
453540
23141
212569
620907
33452
393799
41504
355450
361748
139408
137866
488348
183477
371520
489053
453875
586007
44391
102691
575851
683301
133253
460796
61033
420077
249854
162257
404709
155741
194872
465233
226978
260474
518901
187891
278
201458
301757
527255
364768
242362
6747
235107
175480
249174
3090
196755
108183
130865
23717
45427
248208
61952
409060
403899
251612
570622
21013
134469
164613
66650
97305
182331
471108
216276
507239
113186
216498
246950
379097
367530
169726
394436
296923
262704
206024
275032
406603
480089
18236
93430
139689
45571
79533
171071
106105
502993
176609
110628
69649
149005
245896
527433
637709
320669
82877
169878
329949
141346
25907
28807
261455
26233
65363
466020
202353
129616
5984
480777
416049
132914
280894
74436
203646
5296
200049
72521
298425
125185
416021
245374
405050
306922
279698
31592
517835
171618
518784
167282
148241
5524
352497
26807
402355
424642
441567
327883
298777
236886
197976
168659
397307
65690
131550
52592
109583
7397
128115
198740
257764
100236
334464
270745
299799
553435
281751
41414
114512
120368
2048
25754
50489
673947
104515
144013
257360
268727
450971
39657
180929
135587
36887
35505
221290
37129
47069
517333
311276
463450
42647
270144
87275
129858
337743
143526
695721
607823
137654
147177
291137
422195
189404
576146
224202
332814
388945
24723
142077
151670
249917
277895
146163
281665
656583
172541
329558
264058
366838
336949
102401
32497
510454
88461
310871
210156
35456
63385
44758
355989
85000
287866
68118
615124
8789
125377
25255
84947
190733
49135
417162
5645
475063
266200
40287
309638
238385
144343
262001
283078
219028
686099
67395
208735
293852
331002
216192
124597
299356
522313
79489
81381
163743
530909
195840
260569
152329
474361
667953
191638
531329
162764
37854
205188
56349
773814
190837
317180
122234
191332
128887
428474
3123
383249
88126
168798
291848
503902
292201
304211
198351
77632
54521
522061
248569
763319
377968
132905
120136
273009
145658
330237
264385
356046
114746
133216
229734
278907
375877
141735
566475
248535
482469
582164
40828
343738
113757
164405
198138
94565
334340
507884
78934
252242
184112
29335
159216
75487
69661
595658
54470
76249
41293
184161
65050
375626
172486
162740
169926
141007
491892
253893
417545
9899
684040
69788
510282
132669
116742
142282
236654
465809
117048
163738
51301
485050
136575
31360
8299
55994
112763
503866
16282
107054
386061
604259
403346
76110
317108
105419
385664
273422
75463
475018
383867
653306
590265
61464
486120
133087
93747
55487
4419
350416
433609
583203
389351
236453
592559
196101
726359
694679
517963
185229
229774
94975
748550
145299
358664
187153
6208
550647
80413
361902
178441
555955
332031
765852
456934
84599
391808
608274
441282
113213
91911
459527
240416
453616
186163
105944
140262
96115
99289
160497
461023
17898
535675
92814
272517
74795
261587
235906
63439
749630
58515
117648
56082
457005
291122
296787
58335
169434
143156
185595
250898
120244
698539
352600
409273
387450
555813
421702
386059
706949
214149
143699
342051
37869
48685
710573
641874
46662
294467
389769
35089
272879
581790
228044
444500
51881
227959
160091
87342
477041
93773
237835
81680
31510
646817
403565
162469
92946
564514
48642
107965
232011
378665
700486
35194
499223
497352
368527
12268
694449
222819
112803
147139
415949
510436
372035
206568
192782
78162
140569
275567
526099
36646
77243
141659
283115
323160
190252
69617
256538
193773
148494
213173
334593
100651
41223
772417
43956
778844
57768
292338
130293
315428
111457
62927
599981
213899
363359
604027
139352
504681
3984
329208
240914
322618
439275
327407
677791
416543
134193
365095
44130
33861
752621
240565
17137
142361
26677
204103
608476
371836
414843
147348
259289
270178
60608
720157
659544
334929
244735
275917
267137
30859
432634
25928
235177
92207
72715
127688
156953
364783
521840
4873
595801
446525
14590
268689
164659
113479
318649
185794
336505
161256
522404
353872
362302
265864
115012
34535
210926
10277
353398
363005
194250
386263
294802
434024
207644
596433
117185
504799
172287
148633
579506
461661
77277
59786
29644
234209
240123
572241
229610
32136
7790
509466
51012
232260
395612
204947
132537
28458
117937
41478
305615
375167
240287
746488
127146
638051
447255
472202
149602
311867
628721
28385
296959
265603
326501
31191
721659
6014
46671
51368
254315
4767
255872
377943
95779
286888
407761
28831
243160
743203
737226
5938
129034
34594
23587
61787
257882
190779
25751
81053
780459
435987
762284
555944
196023
243060
667349
289235
269645
36466
406023
515994
653089
680855
229853
29108
93364
225453
488857
705662
250936
134353
654688
414229
101423
350259
125028
223895
11913
144883
690844
260546
201008
519313
240031
246082
472549
120294
39820
154014
746274
214324
172229
687369
570206
92276
568712
19632
456512
93373
22242
216134
158209
592555
156512
285277
530021
274726
652513
172776
238229
337892
691906
166216
14113
694716
243715
145962
444114
255132
754537
192009
212681
168648
22407
50416
48814
188245
67065
51588
133084
154736
115002
4133
10044
134957
196310
365191
290666
71083
685963
243032
532361
609144
305098
686328
497664
519459
602832
237999
287445
154095
326954
666892
103608
299411
426479
333023
516710
625694
440364
292898
372690
137971
250418
208218
212867
344725
722349
199440
173572
167380
651649
261812
304660
281902
75092
204155
2346
750704
768716
222111
64340
445888
156154
711576
145821
185221
230096
709932
34668
242794
147519
110183
360509
771913
459407
423774
55385
217651
18545
162974
36099
464787
111376
11668
171660
618494
164546
329666
28929
532119
36775
836607
7606
143488
386591
575967
108249
161989
240350
494609
366132
863893
785187
422795
301468
117196
52583
33614
343817
15719
346359
327131
178715
120557
143471
70464
38315
575929
386244
142840
823256
133455
477343
302737
59099
839497
512780
258456
30123
301570
306458
161776
68743
112074
228364
427687
166928
456270
313189
17843
91648
631180
379255
84209
548150
513531
659785
49532
60191
141729
790050
271094
250402
424422
11071
474547
497674
41717
697397
33523
25739
450373
532161
723936
56675
41424
722
379984
715773
194596
597946
199044
245744
540717
88834
213823
17950
73863
55085
99593
362401
487198
523587
106576
104105
77414
479424
458702
535639
205671
33535
313427
416143
284548
90494
742039
432012
67250
136092
858718
375261
4223
276077
363380
521619
55158
60699
512323
382522
405043
225158
27947
234504
110382
476026
274428
112661
481419
125068
318155
354560
43777
220834
102494
481673
785285
330108
480390
179167
530494
67381
140193
185461
337419
108665
703353
44457
909508
307026
398429
148905
49962
148385
629542
570110
577121
637142
1160
362385
736077
92375
99129
515100
253642
10566
621057
208780
242462
195853
234957
88548
34331
459062
318730
592402
519992
462703
374738
472559
178593
99087
7497
349840
233496
604177
536372
204205
518971
407891
786534
170913
295623
127844
74128
74247
203708
44824
479382
422001
455925
462304
341006
427235
152803
156924
432270
85119
471097
67287
273394
830518
117765
41344
547305
236708
43014
223757
103355
72187
264600
93739
370988
339114
58925
470726
727192
169874
335161
275647
292656
220756
157845
170774
186113
218140
81218
50007
109330
412213
132792
15661
456936
317576
798477
358325
312741
59958
703311
286358
638206
522701
727380
391280
181354
107025
267166
346121
475990
412669
141936
481852
95440
428800
231817
87345
92886
375848
446473
78847
353562
414273
256147
415367
825894
97914
7215
164470
161484
85854
353107
91355
702774
231114
514126
367935
152741
733310
458723
386521
605689
745655
529501
87059
344618
42648
664095
542047
140405
11736
909625
158794
206591
382029
427433
747263
335800
344397
306135
787395
335968
718589
93420
127971
591701
168899
206452
401340
309376
623432
695624
281530
207720
102349
722988
436185
212542
385393
702618
433746
331713
13280
770569
301968
90183
535996
3511
181564
251788
30369
462318
406494
500835
957175
400958
269233
248156
723670
157318
790878
643773
222837
424540
112027
298186
398821
442185
118964
23551
424517
133906
419401
342977
343547
294509
442536
896103
413399
496446
347945
516924
25004
571507
13477
43549
476402
576523
231689
7254
136698
352272
136296
728863
184232
181759
90818
260301
596022
375835
230868
186096
409018
138573
468701
435789
69314
604620
375259
633834
11051
130845
141273
1029750
308923
607301
329889
899392
524999
301992
721476
205625
200363
512680
69125
319426
131542
672377
302730
179589
12264
757829
245315
199206
30983
355802
621658
206078
673237
251469
728708
1036227
472937
548647
28288
350383
373523
62849
531211
113692
888891
511419
259573
336033
126092
190284
250064
303849
564
380559
256405
422438
11860
620655
40
361915
317605
456086
872043
389697
281637
175798
128111
14239
198258
308961
68638
1007564
306101
210926
44962
609489
302295
434954
415450
781641
1098873
312996
454959
474572
496803
461644
551047
64959
280386
432929
79209
68796
180690
148706
264636
27751
276832
328054
392864
369232
246647
93155
385530
632613
450370
211722
109191
117839
647102
875915
338552
231767
475362
218752
609412
152990
67511
65756
198963
78139
123400
395502
958778
192174
129157
2680
242259
226418
869254
381031
52025
27614
943404
195499
489852
813452
244133
269520
520274
662309
195713
327329
927683
1000621
352841
665236
491447
848683
273732
121435
135441
541783
1047959
430471
447709
180437
15213
430990
434721
185401
437604
85881
357576
839855
350843
296762
346412
602349
107615
31897
312485
128874
388059
773797
11726
421702
98209
214218
128516
135545
27250
411392
539559
258238
448437
113919
526194
189463
320887
133310
39353
361649
376550
549511
942257
101109
68931
55156
441316
592557
134911
70758
61322
456484
8869
38745
808945
900812
104706
90647
12733
43584
522175
123027
552459
170520
829485
148065
13535
656177
904504
317253
167424
55801
384066
265448
384773
132442
766331
221953
807117
290162
383689
7032
768318
8044
542486
297833
168565
368678
893971
312259
544326
479966
29055
780006
305832
139241
200805
194766
457426
1049685
320803
670007
382181
516784
394062
35269
183466
26260
334905
11418
610162
254516
833350
9206
60604
889237
78528
184533
733567
431511
236991
197908
710469
340078
326683
13133
394100
595198
209138
1052105
525395
7146
792313
601883
318811
136458
691688
35742
854173
259770
514325
608484
58735
201552
696861
601725
349800
105902
310325
141559
675464
445821
162578
977442
674374
581948
495291
1217175
308661
294424
805538
1017686
736436
276578
214525
130302
21473
491901
558277
69267
228807
422552
786325
589240
97733
392761
212524
47642
119517
253885
357779
1006736
332004
540342
470448
491377
615036
510782
156207
506489
702731
225571
105681
91524
619113
555448
118108
88305
453638
159434
69589
473193
350671
204473
202222
519300
36396
1219723
19819
481520
932473
247753
504843
83457
121288
444162
69115
86502
109504
1005306
56284
180615
255778
357002
665438
812163
357008
823833
384763
606368
376384
488972
424560
357117
378843
338593
462063
395115
368585
330473
379450
484731
128826
523997
249140
205800
212238
363964
828421
199559
553132
340832
621620
223322
527504
831193
282404
243528
781553
582413
765560
16768
8632
52176
586394
313766
1263581
787828
426051
295220
504177
135787
32066
77707
2996
403918
642953
37025
295445
307625
217476
303489
226011
398457
1
508129
517786
521220
95902
303952
355017
786332
326007
65402
1059292
179484
700867
59549
92940
986907
3043
53234
906840
1030980
233960
245840
881341
209903
508684
216913
557881
836925
122736
968690
575132
736597
101782
64906
499485
647004
250834
420198
45489
938849
153145
363571
853358
377198
375074
896105
169757
825249
923516
803640
810201
332633
711580
542812
415204
97536
27270
314797
148727
166399
380573
46126
889405
1361
307567
309273
319091
9673
646814
291890
269858
290041
507741
40131
522733
399720
122799
64684
234076
817690
350742
290384
17763
957181
442044
604172
160135
537405
127291
365293
275584
444974
194494
557719
696089
175879
285231
65962
163183
663466
1024599
108084
829754
776709
418438
662384
246137
52862
602039
581045
194307
538040
358988
456132
16390
613111
77842
10316
131633
16312
207945
216078
18031
804212
314864
635857
389115
565625
276816
339037
570386
140900
350915
222738
566472
153273
264278
1111564
1013571
1088794
399806
212943
390616
283493
583768
796440
774886
199373
1219282
386304
504688
1018940
956202
465050
657295
667529
124263
642024
458097
173027
232940
504690
473297
1098576
658283
934359
173080
258148
140896
120626
1043315
1102394
395793
450292
471806
138763
293044
515952
1251940
460846
595087
784265
573725
1171453
355666
457025
274069
857454
346479
545162
81695
632934
505901
259512
607872
98289
100718
712775
189267
202845
306231
93122
448475
576800
210975
514170
976936
160863
640260
61671
71179
217120
166778
453427
680183
512788
936674
319478
437898
196074
256874
828733
48722
214197
160008
912931
178232
544774
488935
284973
790472
362348
278166
898735
878724
1144967
706996
897651
326700
373108
866699
785558
656951
336980
482508
424878
195476
776720
116255
1157760
544066
198908
439235
911174
899555
37445
414414
351536
120513
102205
249540
304825
456514
582732
1141524
485856
141265
669945
61639
196824
668429
1165188
811217
973142
5999
952315
669523
217906
1440931
847633
410823
589875
1077730
351622
926167
341600
163288
517746
181627
268840
25298
1224752
182323
1029325
41459
770850
1236065
289572
299050
375913
390729
1075020
4065
172971
397591
161034
729439
364664
328793
541310
265774
307545
763391
570474
187114
1382172
1248406
1138816
52371
1194140
306170
349359
644142
106442
166088
923393
745434
1234960
518733
111585
1055428
366134
1095705
177016
1421591
95167
453703
225493
226366
220112
100436
462550
184119
220278
533432
206727
72617
329703
1039901
96262
777322
624771
777500
296410
1066090
389986
880927
1461886
995831
651789
276631
535671
125285
747003
419866
219369
444911
618980
956783
349855
529589
604542
728516
1038388
202878
469516
856247
182661
1229552
972635
802579
639269
358074
15702
1391816
254853
957517
486480
445658
1212470
122968
267826
865264
82531
536915
361755
846259
226648
137562
893219
429631
479861
188037
622839
287352
414126
1005024
542320
418577
560374
721961
182463
870090
1059999
328212
832167
305122
280786
1127661
914082
136862
637665
17303
49592
128411
553673
597965
929391
504529
631004
412336
580067
986762
1126890
979936
50396
1206574
69518
994445
839178
133732
1061325
253113
457635
41315
21837
75428
797874
705350
800303
805347
393301
209359
273723
88138
986323
905962
736561
13896
158258
309610
386573
598200
1115737
309186
285338
405736
566886
114457
347504
224391
345773
293393
439696
585901
389003
871201
310745
107769
163502
826869
292626
452593
800626
881663
1038639
448563
434458
241348
317735
446135
440905
347416
75606
172386
533052
106841
1189839
1116280
430385
1294837
914139
1189590
1283321
165923
475330
1225245
561136
596772
213945
463781
295877
214588
41649
1088722
249579
1139817
122235
379122
162644
143633
996036
446625
195178
623090
101663
861604
456410
342853
244131
351885
1400513
566914
113075
591942
769906
1325964
999432
721216
479654
924998
700515
324925
81488
1052896
368978
729894
62221
576167
366992
837441
518815
688095
1380659
826195
905057
533051
996664
730192
676459
276891
1123752
321500
1700691
