30000000
30000000
12000000
29676013
0
0
0
29483126
29483126
2
28786375
27946328
0
4
27531441
3
27531450
2
4
25697884
25264967
24523803
7
24039914
23984056
11770939
23029484
2
22862822
22862839
21921085
3
10
0
21374204
4
19839895
19797066
19797084
0
13
5
7
19437500
19437139
11
19437144
7
7
9
18908935
18908941
18908936
7
18528610
8948578
1543703
4156656
13
17130231
8
6
16781906
16781916
25
16307215
17
1
15
5
15440198
9679543
25
15351429
14933267
15208647
14558371
4
14335552
27
17
19
13434090
13385817
10
5
30
12741003
12741004
27
12
5
5
26
12591333
11
22
12326622
11918049
3
21
11891797
2
11772084
32
11548892
11548895
11548873
11548866
10
11522500
32
11439092
11439063
11439053
11439076
11439143
11439118
11401128
11401200
24
10712308
10606970
4
10340850
10114992
10105313
9716396
1
4
9622189
37
36
18
9591794
7321328
3
12
9347223
11
9347237
33
9334835
9334804
41
9334842
39
8
8769758
9334796
9203008
9202992
7
9190890
247682
21
241242
8964667
21
8775791
43
21
54
8749276
23
8749258
8662767
19
3
33
18
8620025
5
546489
8603773
0
47
8517826
5
19
48
7
1596677
68
8222092
8083587
54
19
8050930
7970769
7946158
7946164
3
30
17
24
0
7809440
4
7809422
7809390
7809424
5
7592887
7592923
48
7547079
7532920
7477474
7469804
49
35
52
6
7098669
0
7044650
2614753
51
6800546
6753813
6737336
6670961
5268095
5
6659520
42
6595105
6595142
6595122
6588270
13
6588313
59
14
58
6455332
84
1838040
21
90
6414812
6414766
70
6364394
41
6331935
6316150
6294970
6247998
14
39
44
1793949
6209466
51
15
6134806
63
6131680
6131598
6078484
6078565
6078577
6078563
6078494
9
19
32
5894006
27
5868881
5854165
12
7
5825435
68
40
5508043
140
76
5508220
5416953
5417005
0
5417092
5393942
5364380
5364215
2028628
5360746
5360695
15
5323294
1
5299117
5299131
5299039
17
5299204
5251996
3618529
5251887
25
5088117
88
42
129
33
305428
5000486
4988212
140
19
4981977
50
4974465
4974572
71
4942126
69
34
26
4919672
2538242
21
79
4878558
2
4878680
4862516
3473643
4862611
34
59
2736624
23
4
34
4812113
125
63
120
4650665
81
1
66
4549934
90
1
18
41
126
29
4524366
4524304
0
4520948
4408417
4400324
31
4391966
55
46
0
4346998
2921591
4346981
4346844
4220276
4220270
4220205
4208152
4207619
4207716
4201159
10
4201101
823283
4146750
3512484
572444
4136881
63
4086563
53
4079579
4061674
22
89
324738
16
3995166
79
66
113
3994516
3979015
15
50
3953223
21
47
3911942
186
40
3894917
26
3894962
3894723
6
3889526
10
3794182
14
90
106
3747506
3747541
1
27
65
3747400
69
3745918
3728412
85
55
6
3720420
3720358
3708425
58
3702222
3658796
3658848
21
152
3637367
56
3631483
3631492
213
3604361
105
3591574
1705985
3565496
180
3560801
191
119
3560831
21
126
15
108
39
2025986
1
376629
3535726
110
18
3535518
3535486
83
3513516
3512082
5
3496047
3
117
3495892
3495744
86
1
3477619
154
159
3477580
157
3470704
3470637
3470481
75
1970022
3459758
77
3459648
140
82
99
3362132
2613065
15
3349927
106
78
3347787
3314566
203
3305842
126
3305837
3305841
170
3305665
3305597
43
635272
3301883
80
3300374
700772
3292207
3275702
106
3275329
3275433
3274444
70
3256057
145
44
1966349
145
194
120
111
3211164
175
3210807
525834
3191666
50
29
61
3172135
3153145
49
3152994
3152949
55
83
16
68
3097163
108
3090337
25
3081535
81
94
252
3080676
3071105
34
3
173
160
3053128
1791456
249
3041216
1203440
142
133
5
3022801
72
100
24
99
88
3010592
3008730
246752
944564
3006628
10
63
149
6
136
2957720
111
2957649
2949082
57
33
2929972
66
132
2868354
620249
2866794
30
2866648
180
2865730
100
51
246240
139
98
272
90
2856097
164
2846235
2840183
119
127
308
2833557
2830205
2830168
2829104
21
73
2831218
2830949
135
120
2830594
219
112
1251975
143
2040697
2831316
85
2831213
2831424
137
2831183
2824748
47
2818045
116
2771216
2771238
2766031
2765994
2675843
148
2721043
2720855
36
254
2683279
2683155
2683051
2683289
2631021
2630584
2628107
304
70
2624639
130
2615036
2601801
18
2601907
76
167
2601787
269
2600647
107
139
2583952
53
2574935
268
2564666
2564620
2564761
276
223
2544627
160
2544355
2521894
2521891
2522222
2521854
8
61
2522089
2522037
2522075
2521996
2521236
102
2520510
117
2513511
2513452
2513758
2513636
2513471
2513331
204
212
163
427841
223
176
2494911
124
35
2452582
2452729
2452946
2452825
2452773
203
2452605
2452784
2452706
21
2436757
209
2436780
49
2434814
185
2433551
2433532
2433636
2424049
2424122
2411828
2411800
2411637
28
144
2409962
196
2391944
136
2387582
2385806
343
2385859
220
2382817
703624
2367894
763157
101
2320203
250
2307062
2303656
1224865
59
2293970
2293057
2293271
75
2286109
2286506
2262747
247
2262606
103
2262888
2262335
75
2262528
2262370
2263274
2247579
2247137
185
2238771
2238674
464007
11
2238735
1
2238300
1427700
9
2230161
2229732
98
2229458
170
90
723869
6
74
2214723
2205918
82
62
1796071
1092647
187
2184817
39
2184012
73
2184115
2183543
304
223
15
2183071
184855
2183163
2183141
2162595
2162755
106
237
151
304
958464
2156255
2147341
0
1105303
37
2125957
24
2086820
2080679
2080953
109
2075268
2074906
64
638287
7
146
54
90
2070095
205
2067227
2067444
2053354
191
161
105
2039951
339
127
1658029
2023498
1905946
242
2022647
2020007
1980324
188
247
302
202
1957041
1956731
1956659
1956585
90
149
208098
1956804
8
1465589
1956321
1956334
729865
1956334
490643
89
1956190
134
209
1900170
1898918
1898333
1898224
1897713
32
1895810
1893900
1894135
1893982
1894028
1893546
217
150545
328
1893828
1893879
1492904
1889271
1888925
1888909
1888949
14
155
1884454
772009
259
1883810
1877962
2
1155916
101
94
227
89
1871533
44
29
109
1868124
1861868
1861948
362
90
89
383
97
3
1379219
144
1835729
1834764
1830478
1318531
1012885
1828630
209
178
1826791
1826752
1821780
72
1821625
34
109568
63
1821319
1788839
192
1780437
1070527
75
1780315
73
941305
1780296
1779365
68
982985
121
24
1121052
143
334
1772712
1772910
323
1772718
125
1768216
1763755
1763393
150
1763861
126
196
91
322
47
69
1759515
85
1757334
1757647
1757594
60
207
25
1749475
760873
1748109
1747983
197
110
0
1748526
850232
1747957
1747951
1748095
1748170
1747813
1747907
1748240
1748181
237
214
1737157
266
1735729
1735903
387
1
224
1719424
1715139
1715139
203
1709806
71
300
249
169
63
1694898
1694810
70
1694868
89
212
1691665
1691407
1691768
1690366
1322683
215
1689335
1689376
156
1689228
1688513
86
1688926
1687717
1687153
1687428
132
95
317
1683834
1678580
1664338
1664044
373
42
114
95
1648419
74
58
99
26
1629073
810889
65
183
1620923
1619830
87
1619822
1620206
1619705
1619376
166
52
166
90
125
202
1612319
1612611
1558731
307
1608668
1608328
1608749
1608818
179
1609045
255
128
1606637
233
886705
259
44
1597681
1597855
13
10
92
1590983
1590259
171
1586480
394
141
207
1583146
98
121
367007
1579973
1580145
78
1579530
155
57
1570782
1444360
1570773
284
1571023
1558896
1547774
243
4
208
129
1524162
258
139
375485
385
276
445
1510432
72
1294159
1507786
284
1500611
1468943
814700
132
1468862
295
1469324
134
1468252
1467719
180
1462170
286
1458159
122
280426
1456623
1456678
59
1451354
1
7
266
265
93
151
93
1443096
1443326
252
1443245
402
432
1163287
1442025
201
1434870
217
1432498
1431742
1431160
467
43
1159757
189
332811
422
1410906
56
1410068
385
143
74
398
1399498
1399717
1397902
406
10
1392426
0
1392187
192
1392090
1384821
17
11
489
395
1383194
1382971
1383508
1382862
19
142
328
313
1382580
1382157
1382358
12
656258
1358125
39
1352009
46
1350588
1350705
17
1350355
1350937
245
3
531
961439
756623
1349791
843457
493127
1347951
1347972
1348151
25
1349940
27
1349122
581
49
101
55
123
540
1346190
154
1345204
402
1344039
19
1340372
111
1339088
478
117
100
1336424
1335645
391414
297
83
1094650
54
1333936
144
414
172
314
351
1320939
1181265
96
240
297
59
355
1305544
26
299
369
257
561379
1303391
1303143
637477
1303603
83
1303138
70
1303324
323
414
354
790177
447
1290862
1290685
1289814
1290280
501
1290536
1290486
246
1289910
1289981
1289573
1289696
81
4
1287959
1285093
529
526
248
71
1148728
1283820
228
288
34
382
1272889
439
13
1049183
1273724
158
1273673
33
193
1270963
66
1270212
379
1270332
391
198
430
289579
1264087
1264088
1261543
223
1258846
190
1258726
1258472
485218
330
437
9
1252333
1251792
1252090
74
1252104
1252403
1252298
176
1252095
1251973
215
106
1064239
1251721
930541
135523
1246791
364
1239432
144
128
52
1236155
1235071
278
535
232
1233278
40
357
590
1233148
522
353
426
240
1129759
601
242659
1227425
1228152
165563
127
117
1227911
480
559
299
856363
1223303
1223661
261
1221439
1220756
980538
1221218
1221299
23
1220655
1220227
516
582219
86
898099
777076
1207933
16
434
1207418
146
270
1202496
1202224
393
136
383152
42
1198915
55
277
510
46
1196919
376
1197353
213
1197100
125
158
1193805
388
1193527
153
646
223
2
1021577
1193464
1193161
1189724
201
601
150
1188344
390
203
345
55
1173110
1173208
583
154
402
1165130
1157887
310
480
304
1146223
1146687
262
38
474338
928929
1144353
1144504
1141789
152
305
67
1147574
81
136
72
860077
206
1147048
350
1146116
1146756
20
248
1144519
857912
747249
1144307
263
168
304
1138397
584
30
33
1135691
415
155
320
72
240
309
660
654509
282
20
449
1129305
1127066
802978
160458
1125649
1125788
158875
130
282
194
527
308
1119534
1119893
1119095
1117872
577708
1116035
1116021
1115797
1113522
97715
1108248
1107658
245
583198
1106203
949563
1105615
196
662
1105853
10
41
1103649
743081
797709
621
1103259
399
205
1101273
84
237
1099803
1097159
181
71
1094541
1092530
1087235
576
846377
101403
1085774
311
1076449
1076605
292
1076171
1075943
28
478
1076133
1075947
0
138
361
1074391
632
1073003
835565
55
1072433
1072589
1072465
327
339
1071783
1071843
164
0
1032681
164
1070231
435
450
171
264
1063111
667
1063581
1059880
18
1059012
36
420
640
1053898
1055596
1054581
501
47
353
1054856
456
349
97823
362
1035918
6
291
1034816
165
1033985
1033459
187
118
161
32
241
1029261
304
1029130
377
928798
504
1028832
1029307
2860
698898
252
308
283
1028394
1027080
528
1026061
48
994944
190
1025949
1025561
1024981
1025045
1025156
1024589
283
992684
149
4
37
1022664
1022185
548
184
1022099
304
509
360
1020656
1021330
1021001
1020615
287
507
1010915
136
1010157
625457
1010694
93
252
1010081
83
564
185
79
548
235
1003022
592
129
493
1002866
773
1003005
1002443
50
254
71
104
390
1001086
970539
805474
206
997744
463
362442
346
511
711597
997336
997378
61
989857
988147
989120
988780
988085
988547
105378
988235
56
985723
260
213
188
355
118
561
131
703156
984888
984466
983497
77
874862
983836
354
157
253
35
982586
982378
983266
982898
121
82
21
982696
983264
20083
981094
662322
980724
981007
253
918645
2
977495
462
977188
975384
397
971835
972370
971997
558
972420
372
513
51
972050
971482
177984
147347
614437
971389
970877
91
39
75
969297
964256
14
615
305
963050
231
960601
961148
961118
393
36
65699
960778
959751
287
127
835078
151
961060
267
335
257
958967
813039
293
956476
719435
524
27
251
955846
225
956807
319
540341
955393
952902
216
951763
355
319659
300
951514
949687
12
216889
421
938613
359
938174
750264
937187
937827
652
937438
937332
774
937764
936326
45
498
67
932998
259
932977
582
676
928514
928144
249
200
926657
926215
922534
921953
504
922179
186
919393
415
919794
576
203
919549
403
93
339634
560
621404
913698
86
911854
909618
910943
909364
230
908322
908524
101
907392
472
36
342452
905658
905490
905507
309
759
619652
475
902934
669
900505
901260
421
814366
901004
899984
899807
898701
430
125989
208
894524
895365
894205
894838
141
95
420
77
477
328
631625
891163
891155
382
891333
890937
545
891099
357
887021
884589
883115
75
883177
817267
56
255898
246
305
881782
882046
379
501755
483
402
223
241275
511585
564
864220
881476
466
118
375212
880473
879980
222
702423
693
28
178
880336
815345
463
646
222
170091
71
396
879661
878914
877597
67
877057
877813
400
718
90
870927
869876
99
57
295
571
263
865091
864603
103
33
864171
101
865327
862789
463870
133
861802
861863
78
859696
397
110
268
852169
117
601
845919
145
845424
55
845938
18
663
845574
512
815231
418
293
267455
204
841637
840572
523
694
520421
840468
347
840215
841047
836174
836100
665
164
829182
244
633573
826736
826209
774229
826398
825441
318
36
692
20
660685
824997
825027
825523
104
615530
287
825262
825152
823466
824246
819345
74
818574
747
818734
612
422576
816376
816101
692
814112
99903
813029
321
650
464553
813687
551
152
394
808036
325
807824
807677
594
743919
711
805275
800934
801207
801012
799118
798385
798723
799021
798766
520
211
798078
797771
797571
175
437
798042
684
684551
794902
171
792494
96
340
733
164
185
793313
582414
75
791841
791197
790762
282621
653802
157
787762
618
783483
400
97324
781040
779867
572
233
776901
776979
260
603961
776153
570
694616
158
318
774961
773571
891
223
726
365
654
232
765815
765666
764698
4
128879
252
45
763548
763480
41
341
383
763968
260
515475
761940
345
679
761804
356260
761844
760993
761450
218137
397
500
441480
46
760003
488
216
759613
759940
939
758249
756887
115
158
754678
891
5
754409
754640
147
754912
7
754362
725332
14
754593
453309
754264
753639
753813
753590
752711
651
753561
697080
753424
256
104352
588
539
751458
750763
228
399
57
46
747966
33
182
747900
747659
212
869
287
17
746506
29
700
747094
289875
717974
100
745682
233
744774
239293
741723
147
742211
88
740755
741042
738855
739876
226
683756
739287
740098
739693
739617
738933
305
364
21123
735600
547
735376
493
735459
77
19
472009
242
24186
177950
203
731652
731199
731940
731372
428
730768
562226
411
123
22
730727
265
729586
727306
658
725772
668
725714
314
725544
108766
725969
156967
113
725345
17
722725
458409
109944
40
202189
720083
720122
256
190
719571
153
564562
863
569
257228
717113
798
716622
192
715889
203
979
715069
835
498375
926
713473
470
713720
344
305
710798
710574
709877
710596
710165
710511
236
43
710313
365989
50
38
701
707219
706112
703852
531152
704396
217
703680
703348
61003
703905
703774
271
455
225
701237
701474
542737
387609
700844
700284
252237
43
312150
699957
699429
379
699328
192
699469
217
699585
699035
144
697700
463
191
362449
614
28
443
696371
696505
697009
27
202
695732
326230
694750
694384
642
646
694300
693211
693058
66
488583
147306
691993
692360
692485
692152
269
405
61
361404
687522
26
686426
475234
481
94517
684952
685197
10
53
114
683932
777
22
124034
49
47
545
459
681753
85
93297
86
681998
472
453
752
27546
396
660
680456
636007
678995
631954
242
474
968
124
149
678313
678331
677527
677588
676765
556
676116
775
890
676351
237
674081
673306
540
673200
343
674060
246
572185
959
669731
463
52187
327
119
669393
647
776
422
668995
676
145
669684
601
27603
386
577191
109
666736
636
686
627
666910
759
123
665544
22904
50013
665320
496
665593
161
176
612756
107
55
261
658495
227
1059
44
658094
636
705
105
150
169
655891
656517
47
656028
17
395
957
39
201
41015
655515
134
655904
559
173
111
54
655602
49
365
859
371462
655150
654744
653349
608
9
653929
649139
24
505538
47144
652650
40
93
652156
336027
651405
910
96
268
611032
652035
652480
575
650568
649709
650072
256053
649562
19
550444
649466
609
26
155227
47
655
649669
649958
860
142149
1008
646200
102980
643089
643106
644028
642864
250
641876
301998
219
653
342
276
635362
636036
637063
56
635594
186
261305
350
636252
517
635223
1023
636215
634700
635181
634125
634615
634408
632236
633275
183
631673
629836
201354
630473
331736
68265
132
551
628541
629657
309
490181
40
628927
831
629658
495
492202
243
627672
563
338223
248418
9
114
627236
626697
81
130
103
399
51
626047
750
624386
624767
623903
46
624783
624370
624346
623292
623711
262
1072
350
622701
622964
623372
108
620479
620852
620153
620667
444
723
128001
299
80
765
177
388690
615895
85247
615735
469
614525
21930
614199
613925
614276
438970
613519
185
612601
613019
612718
611612
612109
611499
658
128283
506689
650
260
224
611049
611640
611531
442605
612028
285
608817
609669
262
609042
401
701
607234
886
606621
606710
605974
334095
600984
306
893
529
473705
413
1096
351559
604123
673
929
275
604688
604656
328
604370
603074
704
604329
393
265
603566
603378
895
443878
603640
84656
234
355
962
121
114
381
615
151
41
314188
1027
593
240114
151
602284
601057
97
848
708
363997
348
600314
600731
62562
599834
133
91
598711
599948
509
924
597457
597211
598747
247669
274
113474
279
614
594031
384
75
250
913
594906
378082
149
593382
593386
593036
186615
593986
306
178
593100
592784
593224
331728
343
592977
592364
1183
591405
989
351166
375
461750
352
592766
1122
94
591967
590776
341
447
470581
289
134419
587405
588222
587878
588417
717
173
585189
309
178
585459
766
585943
585274
34
584310
584464
155
50
584304
585101
583171
584457
583994
583594
582737
457805
905
583499
240
582213
581569
717
582143
251
582338
582483
581747
579878
579836
206
580442
580838
580157
580949
580425
691
162
274
355
579936
580332
396395
386
530
216
223
579049
832
1002
578731
240
577928
1008
364945
612
364343
132
577558
113
922
577
577933
577443
576227
484869
575954
682
295
31
127186
576869
94
167
1084
550
574760
573389
573407
517
572312
138115
572806
572768
14
138161
498811
573208
568064
548
567545
689
567376
566656
566061
786
183
565146
564122
179
564007
563464
339
109
510
562829
637
563754
617
235908
502
295320
337984
560207
711
559416
559969
434
559699
137469
105
558099
42
558159
557597
556756
557225
556341
555945
469
37295
294
378341
364
88
554148
200
88460
553169
553785
554404
454
260
556
475
192
114887
56
552209
424450
551853
258851
250
551763
252
551458
551778
210
551258
851
136
780
550382
175566
549216
638
550541
505
1108
585
178
505831
247
900
521
506
548783
547708
263
316
473796
110238
547978
254
546117
1110
872
546591
849
861
547552
390582
547226
544704
1472
509114
544708
331
545918
22599
757
411
81
257
546470
171
474
579
545183
61
544569
1066
542577
542060
541969
541171
319
482973
540689
245
293395
318
539801
87560
307
539407
413
538592
538106
233
538750
538371
860
674
794
538042
148098
538738
282
645
383291
208
533681
312
536920
538570
536962
287348
747
330
535468
569
558
627
514
534052
534567
40140
416988
844
454
532544
532854
532677
320189
530893
265354
532628
66339
532662
863
532161
102
68
531156
530794
312514
340106
107
601
528019
497
946
204
660
944
663
101
401
526620
244
167586
528708
528083
527872
527725
525981
524966
523922
525214
164897
524846
523792
524766
524682
73
681
132
291
523957
279
321
273
315334
524476
523406
44
522908
432
314
522199
70
522537
237261
866
521981
168
1110
71122
837
159
307
658
520643
519417
520126
521308
520189
519301
590
213
266
521054
444
333
144415
329274
519569
107076
218
740
111937
192882
520438
519443
350
49616
508383
519388
518710
216831
547
517864
517320
408298
517302
71
1
96
499941
18179
594
295
129066
938
515893
504
401
106951
515112
514897
514660
65
375
747
1290
353495
515123
514534
71801
17305
1346
512709
512331
747
498139
513072
175
280
512789
511907
291
105227
815
510
278494
275
519
512083
512070
510853
296
512053
509225
509331
511673
9
930
509617
125287
192
369
214
509254
486510
508900
176
509831
508506
343
507424
507600
209844
385
267059
350
503369
503558
88541
206
93
1037
504717
19
138514
216
503362
449
327
97
364325
320208
399065
747
503293
502810
675
502555
502713
34
502643
107024
96
500891
186
501444
501614
372
342
631
1121
500869
613
162
278
561
498694
67
499085
498546
564
641
1413
498787
124
348957
319
499377
318
479
207635
497864
499049
1476
914
166
497637
498201
499484
531
497715
854
497293
497432
497387
497250
495359
221089
46261
673
496301
496608
790
241757
496738
880
22
496302
234388
494
496283
875
215536
493411
442
65
339
493276
494032
410979
1542
493305
414
328298
55697
492495
491527
491550
492413
365
188
492292
124
231353
489693
574
349037
490557
621
589
269728
98
490039
783
490390
1164
490495
1145
565
874
285590
271
489415
61
354
993
917
46
72011
101764
488310
66557
487851
74943
488956
418
487194
488254
308221
49
332
203
488666
140
1276
487532
117
487540
38297
563
273
485948
879
242095
486188
485150
486789
446
206
634
221233
1505
484276
485232
483857
485730
483687
57
559
484283
484960
482715
20676
1402
892
481797
272
482153
435139
192506
481352
481547
481646
483
481437
491
176
1595
900
478915
480122
1502
978
479987
1104
923
480800
74
479970
479402
191970
1209
387951
959
477672
516
477765
2083
477611
477198
1025
479116
478422
33
627
1152
475694
108
92
476628
475637
475041
474395
473076
472774
298077
344866
473371
442145
472766
73
473765
281
341813
473126
870
473867
474042
123
471997
1353
43
470949
50
472638
294046
471188
303
410
471942
469065
16372
154263
360
469598
569
738
987
264167
649
470430
353370
378
469105
1271
215
288571
450496
30879
641
886
128
731
77
466080
466026
466471
467601
997
37
466982
465794
1064
688
465379
1168
466530
465406
464727
465349
244
25
1007
451
64901
461935
20533
461795
462205
463428
461846
462306
462804
1420
463375
273
277
73393
462249
461728
650
462433
400
461236
390
461244
271
460672
462410
461979
506
480
52686
461181
462033
461285
206790
459846
370
521
459745
459260
22
1144
459535
1019
458666
216545
414
49371
458834
166148
458402
457061
1388
1102
90
303483
42
455199
170
4446
454874
454507
453947
454713
46543
1239
312
298
71763
80
451939
451656
767
453465
231763
49671
438
1299
131
453622
200
970
453268
161
137
174440
452520
453725
585
451795
452897
41
183
452853
434325
528
52697
47494
452468
686
575
399
10
452194
412385
450637
451488
450223
449719
449570
449813
339468
272
132511
446486
283510
1023
534
838
444859
443952
444600
282
121
442141
444370
443260
234111
442297
443001
461
335333
389125
178
442101
439767
53
308496
231450
441085
955
441959
440558
441751
142
1165
342295
440994
290
119784
63
441067
439340
380
440151
300
437777
438852
728
693
437735
139771
880
438157
440041
1073
440019
438816
439426
325
416
1016
768
223267
439160
269704
398400
1383
172
1302
710
329675
1040
387796
1047
536
1510
433747
432695
129
432507
748
433014
433227
1722
414663
385003
1267
224
331066
478
430452
430321
36770
637
1118
133
547
94
429767
430214
430976
430655
329124
429127
429776
429845
138
430783
178205
428219
429311
167764
429155
428866
430022
75206
428972
1349
1068
1326
429263
428501
60713
426895
426600
30
115
747
352678
426440
1432
1101
1155
579
12
4
426126
1059
973
336
425969
423671
801
424342
258245
395786
22
424908
425800
95468
424527
423936
571
1557
1445
399
424699
423442
423298
422704
422472
153
501
251637
225161
1153
421172
421706
420582
42
280818
421380
166527
419699
656
367
13
680
2
420423
209
420160
215876
420148
419495
419567
420206
317315
164420
324174
93954
760
981
202
484
416756
698
691
125
1704
417270
417046
416434
146053
415739
669
43
178015
415994
564
783
415068
218560
241188
359997
414895
413691
421
413339
357959
195203
415335
158
412242
413377
925
343
244255
298
414022
413618
412575
412842
227173
333
42
330
413974
99822
1382
1315
1541
413394
413803
516
412854
413040
332
118198
412353
411753
403979
332
163
412188
648
251998
48338
410514
869
1099
364
410348
93736
410788
137437
85619
410535
419
892
409051
410068
409796
97
409765
247
410531
158989
110494
422
408177
408711
250190
824
86
252
295
638
408176
408393
96231
449
408885
409408
1451
408486
408308
407832
406629
142
702
405624
1704
378539
193663
406026
406533
214
405611
633
405158
528
405584
218545
245362
1080
971
93960
775
922
405172
154
678
404171
488
403654
935
151804
404957
56628
403478
404117
402695
942
897
645
403143
75
402090
806
403261
403211
401181
403137
1607
402189
44
402461
255219
290781
402422
400809
402936
401716
379728
400562
950
1107
400374
387
251329
401100
1043
196470
25835
890
69
400294
400606
646
927
400155
401167
341560
399384
149115
521
148230
28
55281
1838
399679
400182
180253
326
399145
398751
399358
369507
77
244407
1175
398000
398783
170495
396021
166196
1161
396253
296483
1093
395
396537
396365
476
44227
378808
1176
395906
395892
311393
393254
206
341222
1381
504
1147
394157
393751
171422
297
90
392552
98747
393854
209
393332
393007
394637
394746
392717
393799
815
5
393665
1471
1911
392914
1786
755
390837
391563
534
960
141499
391540
392045
392545
291
964
390743
391153
16
389947
390262
240042
141
413
152884
388467
389842
389313
529
1021
269
400
390787
1777
107156
390384
389531
884
388427
389552
645
243001
389562
388814
208624
163100
218
389937
389559
583
389272
389285
1972
388831
114340
488
347
205
388344
388988
248633
1561
388326
400
388556
387282
508
650
388799
1191
387327
78
387368
493
386379
146067
151537
385141
383507
594
1065
185205
196591
383796
384611
289628
507
1095
385327
385473
384113
80
19
645
384834
383179
384072
380881
1410
382286
160963
224
115
2871
381237
861
381844
402
381179
53
378806
1792
1824
104805
757
380541
42
380105
379602
42
379525
29
344
516
209
1095
119873
274158
163
379432
379803
379937
379223
378948
53
65
378174
379557
222
377341
377849
105515
378584
379795
1052
223
367698
49
376544
861
1120
265614
726
375030
234
375195
258449
289304
405
225
313
373008
375634
373402
373471
376034
375916
372825
1934
374807
1527
373430
266
109
672
374410
130
1036
24
373476
1080
972
54
121466
63468
87236
372462
373467
185
323
374180
374444
373134
122017
370793
342764
57
373057
373923
373814
231
1494
217594
370001
3
948
1748
1150
372749
225
37
370610
227337
371648
372080
1369
29659
125287
1381
371209
371619
371235
370813
1288
21906
122603
371184
639
1364
1835
269997
246255
767
370092
371861
368553
206
72
248
295491
369265
102619
370105
266
289
1015
1617
1620
370611
221884
430
1867
173872
369880
369876
263620
2098
368950
368704
369293
367823
368524
1182
196
584
368885
366604
188
1292
367597
368213
367850
222569
366390
555
367122
235693
139367
367459
259442
366782
367801
366705
366522
338637
365240
283
220615
113091
365332
303570
363449
363894
364499
239816
363608
865
123
665
242
1283
2102
226
364404
362221
363057
862
364365
743
1886
2061
363430
363150
832
1217
656
364997
363769
1193
360836
363794
143659
362803
595
361258
361966
364121
362656
1396
329
251879
364422
17714
363286
1864
361941
137
355
1485
362456
1166
360737
1384
360696
360457
361748
311816
976
916
652
102
188006
360909
18
43
169
325
1040
358927
551
540
361615
125476
360467
360205
979
359853
360749
361592
360414
74
360717
288
194198
1614
357972
361055
889
1536
247411
360939
266540
358163
431
359509
49728
358066
356710
358390
358699
163917
850
357911
356021
54393
357890
1255
357220
1137
357217
384
357047
189861
1281
314830
357336
357272
356026
356352
356931
314246
1604
354714
353799
356536
355807
2019
353950
1641
354575
354163
141
354559
321434
45509
354617
192054
1855
353397
120592
86930
678
354554
319249
47067
11
352271
354376
354292
352749
353239
703
53823
438
914
352094
1538
353235
353193
43491
352610
350758
352043
399
272521
353466
1589
353233
329
1687
424
351292
611
324306
771
352330
349957
178
351004
352326
222225
349814
349372
407
1323
290777
690
991
51
207
210601
348484
337
476
419
201233
1239
350097
44090
349297
95969
2686
347479
956
345961
346473
93539
1471
345921
345012
291830
347597
348542
931
347843
346268
1384
345342
346529
173
309615
345759
112354
605
346774
799
534
346869
266443
125
1593
344942
346927
290
364
943
1104
1657
345930
506
343391
344
548
40595
1809
344846
344773
25290
1226
345352
344491
344129
578
1265
1226
1119
344250
344169
214161
345007
995
1594
345000
724
162406
213
301566
1388
344400
342938
20782
342566
560
613
342808
342443
340899
341682
341150
340
113007
1778
726
511
342970
781
579
1154
46
2068
341902
341365
340160
1090
341862
2308
340232
339147
341606
341022
342508
530
253
964
1508
305794
552
314860
64
339468
1237
339165
341521
1055
77
338129
262
339258
339745
337501
338203
1555
1156
526
339518
1459
339376
307
144072
2052
1991
238
257878
339656
338593
337735
338311
1258
337086
337020
235833
322
966
50215
30014
201
335939
337322
334226
336716
25866
55626
1088
244808
203
82
81
336553
1419
335224
15104
260
211139
334748
273
1039
335548
333767
116
355
818
334023
333444
333744
1679
238229
181486
335385
334077
333105
565
333468
334357
1125
333531
333376
389
40389
76235
213716
331999
333389
842
333998
333693
1698
326726
32982
650
246445
168284
892
333880
165414
332485
412
291309
333016
969
1252
2142
248858
1635
332472
1439
331847
181
332917
154242
313
332725
333692
1100
99727
216
10186
332320
331432
1452
204
333212
332398
24
198
274331
1009
332880
330561
1036
329596
1581
450
665
331993
1288
153778
329572
1735
1895
1025
328747
330982
80
328321
26528
327042
328586
216434
231469
153
330888
279
330338
329622
327124
1496
142
165959
327827
1141
1220
1091
327982
327557
152095
2208
328954
217
327852
326813
329643
2277
327110
328596
327980
1062
326799
328486
2163
1365
329709
327438
328096
327693
1387
326689
328598
539
327212
327455
126502
236190
272413
1080
610
204248
326244
619
2172
1157
251297
134499
303
637
73388
327284
328464
144
433
1966
270866
130502
119972
327641
327154
969
108377
208736
626
719
2115
326802
288
285
578
326909
1716
326252
324006
325678
154
292037
326261
209
326885
5
323935
323860
753
1418
324693
324472
145585
1032
1392
1355
323899
233
288
238
325022
654
208683
324377
321
186577
324903
242232
325115
324412
323640
79
323578
229128
324572
324924
321976
257734
324954
325537
323178
325155
270
324269
323556
160200
18
323200
324678
63455
404
324574
361
320735
1604
950
323077
527
321424
19937
568
1055
2035
1662
1848
321094
1265
135
318941
1810
321504
393
320762
320565
148
1867
839
320859
321459
319744
319939
86128
305
1934
320247
2406
372
316408
49
320712
158183
318223
475
1291
34215
1648
83124
318327
638
320422
320256
319978
318632
81195
629
1473
105
290
319234
319701
318399
321189
91897
319643
317911
1688
318353
62983
2157
2318
2134
319588
54181
1475
565
316102
316346
146876
1346
207674
500
42045
184780
1220
2386
145913
191595
972
320041
316334
933
2350
1645
319197
22455
940
584
318426
1314
316937
206606
316238
1867
116155
318885
1230
319366
130335
1945
1674
2048
317032
241984
315777
316517
316082
213329
419
2541
315807
316869
7640
647
211
942
241764
1992
748
315149
316001
218438
183149
314219
306429
313400
709
313826
314801
315394
1825
315603
291072
751
313516
313692
315354
1868
2511
314892
316223
1571
314301
314601
314233
224
2086
279062
314585
313931
313001
122415
313326
10
313197
1175
665
286301
1923
432
315118
313670
2037
313570
451
2407
153982
724
312402
245731
2043
312589
314161
1614
723
138945
314009
313968
163126
22487
313848
312870
312250
40443
2081
760
1981
201976
313203
1914
314144
313126
2307
314519
312545
1178
312592
311592
311332
311498
196384
313181
71357
1665
313389
310703
1047
1025
310850
312622
311627
112
107438
311064
312270
312821
500
80631
310683
312425
1475
311309
2144
289421
203
311052
23467
37031
311237
155409
311446
313143
661
311609
1593
1028
286038
310674
461
1279
190
2084
177089
312125
188
309294
155942
309619
309441
310630
184590
309563
308893
308627
308480
308483
121428
100374
309980
755
39553
121252
102861
308927
307836
352
309395
266956
308608
1356
1423
1169
128145
307016
307572
309222
321
1675
887
242
219365
3
942
308323
117368
305669
307065
195457
308257
945
1202
914
1703
1690
1182
305835
306796
1649
1165
278203
306542
305255
306245
146
305723
160
294958
304908
307219
1221
1620
212
304792
305357
125
602
305463
834
387
1629
92351
303489
303852
1101
303613
270
301320
288181
303387
1153
184792
301392
1255
1815
302173
302317
301883
261338
1039
1613
302401
301174
303082
100
2289
302669
30596
1299
293
51779
303577
379
1626
141630
303448
251
303196
302247
1731
301828
83
1451
159
2
597
555
61496
300729
116844
300845
299756
474
301676
300287
217107
51007
299540
128
81725
301743
171
300442
691
301408
76889
532
299544
175002
593
551
297217
298458
301009
299183
624
84851
12416
297814
275
300562
297852
297532
297675
525
208
1549
298495
690
298590
299383
703
636
167674
217
1733
299421
638
724
273688
949
309
161
297265
299476
1284
691
1244
1782
156060
119936
297607
295167
296510
296767
1894
285032
262
736
2089
298164
296998
295866
190799
527
863
295139
142
929
296969
296971
1292
287899
294005
295268
296744
124
294846
1310
106421
231828
895
1713
294900
294521
535
346
294329
295132
293809
1301
2688
323
292679
160006
1130
273
293405
293274
78093
19297
1662
685
291921
291177
294221
608
292935
832
64415
292554
1045
144335
240968
699
143723
95544
78891
292344
1496
290969
108470
23445
69689
1979
291220
2386
1121
223296
228985
160
613
119176
33049
153675
1281
288888
290876
1578
115488
787
1631
194660
290301
2600
290326
203
134838
331
766
292792
1498
290966
301
60426
290900
249910
50343
609
291769
1093
292373
149007
290824
290424
257846
290636
922
259760
290220
291227
290855
289787
327
289761
969
762
289088
2260
143907
288607
264
288347
289489
704
81
1939
289013
157508
1048
2102
20778
288266
36
525
222307
1292
39297
290184
289195
236264
57635
268
821
1176
289745
820
34390
287110
183
290170
287360
203
288147
230730
287273
421
690
288461
204774
290002
286631
1260
275374
287644
76942
288102
288390
406
52033
581
895
288108
288781
285820
1443
267848
288170
286507
289659
1026
2191
88036
236666
109586
287787
288504
179447
221932
62948
1715
1840
542
284381
286544
740
284717
2430
286894
286232
136404
284596
2546
286818
28802
63
284562
286912
212820
1361
312
57594
565
217
287562
135225
134998
24
286257
8771
283076
407
73
283954
177678
61640
1111
283771
85804
282278
1947
1521
206130
175961
388
47
766
994
281738
1851
1967
281957
1521
2192
282309
32068
199529
1292
132
282299
1472
283274
819
1449
49320
60191
134
601
32786
984
1788
1633
48458
49
432
87
281309
281270
363
119673
7501
254564
453
513
220
1142
130918
2247
262
232277
494
97414
280502
280841
281517
279241
279837
1506
250256
279321
58118
2238
1894
166886
94
278817
2453
278765
277787
1479
1907
6165
1576
1551
244561
1242
230196
279902
277
993
162597
28876
53711
279227
1607
398
205999
1732
117819
81
1616
281210
125
239141
1849
277554
1727
246
145
278337
1114
278668
279234
404
277844
82680
129
7
279616
251
879
277292
278132
165368
276327
274856
277206
341
279845
654
203353
833
995
140417
586
276899
1920
276661
490
2119
278039
276881
276355
1572
93522
245684
276052
1071
1132
196626
267
276245
802
1018
2054
292
339
53457
124
274602
277327
366
2269
389
84959
384
277704
1813
275511
274513
1962
898
276065
616
275775
359
274700
23223
276258
1517
123
272724
272096
275583
2115
1710
273864
275794
274242
123808
275304
235640
75639
273547
472
273000
274517
274115
18285
273974
273620
481
250
1187
271439
335
272548
102390
2504
270295
350
270955
15
271608
272531
270576
269853
271807
270899
179704
827
791
35007
64233
1771
271290
1505
599
270774
144526
883
268683
2326
270879
271181
270086
272172
1851
547
272767
244950
270119
272226
859
486
12232
271727
397
270770
268435
1814
23424
1686
34
135
54515
45298
124678
1526
269544
269646
166528
270479
285
147
88
1979
1076
267199
1467
266124
1910
1722
383
267051
31799
268484
160833
266261
266332
590
267656
267090
52035
264192
266420
35928
267916
584
266404
23813
266398
229570
1602
265174
256345
260868
1372
266670
267136
267393
264699
221114
1178
263892
265712
875
346
57
208678
139870
21899
264195
1401
2389
266136
264221
1029
265694
650
264381
36023
1146
1186
646
847
864
2783
2278
953
265353
530
1790
263567
2319
265300
883
778
262203
95
265509
481
1799
261637
264125
148314
265796
1721
992
265389
1479
142588
115
483
127
262903
264832
264729
261459
132121
1221
264059
151260
1641
158634
2599
80
1414
260566
2001
1349
264279
1591
262400
140392
2606
262446
171056
263338
1707
264420
1198
629
213842
1177
1409
262908
263351
636
263238
301
44518
2086
619
260364
2295
261354
361
259753
2146
261843
261932
325
901
549
81906
260311
93
137
614
260719
1177
261884
261333
262037
90
261234
595
1582
258756
171602
102813
19
260417
260871
259274
1782
8420
431
43930
260391
259483
154465
213793
260370
260838
317
73
80634
120558
353
258898
257452
258852
258385
259469
178
260641
258953
258820
242
230294
9496
37
259228
257602
460
1520
221853
256140
1290
182383
363
197389
257947
257274
258668
2084
49089
258382
448
103
96674
1014
256279
257805
259641
354
1453
257658
1793
2000
257777
2259
760
256614
259637
1506
73147
237195
384
656
1185
108346
259997
257320
967
257137
154282
43
216
29328
1198
257893
257063
358
257518
215
412
68421
254940
255
258079
257614
199256
257511
918
255315
258167
144718
140728
215739
862
188107
255616
255484
253268
1240
448
781
782
812
254857
256351
255210
1688
164
254677
612
255999
173832
43
119
227583
646
2311
256697
254673
556
1111
256538
254782
257400
864
255294
255651
1258
256852
253146
233161
100579
207
163630
253876
254438
1539
45
631
255394
250541
428
1634
11
254628
254571
254609
257197
253886
1470
957
9
253523
2091
704
808
1819
1011
255862
686
256115
255206
253506
1077
254952
669
220
1258
254492
524
3
254417
845
116319
987
255381
2021
222056
228665
1824
253592
2076
253696
28418
2108
1623
1954
912
159128
254086
782
471
253916
244855
191088
252002
1005
51689
78688
255548
252220
368
219
2086
1550
10002
1468
1482
120996
252214
250154
2250
945
252515
251499
252623
988
253938
1735
253816
251700
831
66994
172358
859
526
20492
159618
14838
2570
251290
2440
385
251871
252056
1029
252785
77
323
247999
91664
152623
17648
2005
99949
1483
556
241084
34970
248787
1128
1601
1920
13936
248467
78396
251713
250132
182
202
710
248360
967
37361
1506
2002
251015
2564
248977
612
1395
212379
251001
505
256
115123
1556
251317
30
2003
2451
238161
152386
251169
2875
52222
1698
247014
218408
245663
86744
190267
219992
249283
120093
542
245595
248297
1758
247278
1179
248084
248722
154070
66
1250
249403
234881
248161
92684
247120
1383
246616
974
247347
247907
1274
94157
948
1760
102
245571
169445
247314
134522
2366
1201
1262
595
944
20
1683
159
55536
2071
227970
82
244576
1890
33419
150575
179624
2010
245947
214273
194768
247161
246236
247693
80338
244227
245642
158353
715
281
244123
173219
245048
121113
1057
247007
367
1106
243240
742
31390
244915
118179
244586
245841
2516
1843
245103
158
39610
244366
966
539
172034
1253
98804
156883
902
235
360
245418
241341
132
243543
244740
497
245996
244037
243162
243289
165335
246659
931
80782
241855
244381
245857
147306
1772
242153
244503
244686
727
122
244604
244284
848
2127
131024
54
244540
69
2402
1900
441
195052
242884
65
242094
174633
1213
245283
1171
923
123
242591
671
408
1801
34887
67
242600
240452
243043
35
240218
241659
404
239744
243486
858
131683
2590
243574
1023
1993
1779
356
233028
200715
102177
126
133057
1958
849
251
1471
2406
147
243212
503
242419
242096
1191
1021
1864
1323
127820
242546
1794
243898
67
240885
34
242136
137
241445
18001
239174
243374
241381
242600
243396
1331
17589
41353
243355
2522
153487
1606
817
239561
238876
15
242759
80417
57
240801
827
519
2825
242191
1499
184881
239757
970
142828
531
54
1363
953
1998
222421
2831
1278
1662
1235
122100
323
159701
242379
241093
1289
66523
25514
242879
578
130990
240396
1183
242747
26950
240256
1549
2758
1155
545
241742
2499
237797
209200
241786
1304
240605
59969
241817
238996
231905
239810
45607
240816
2471
241210
237721
2376
29
844
241241
42806
158649
242728
241961
86705
151222
78848
144467
344
1298
77936
239324
237557
206636
239371
240470
2466
239240
180098
1718
237693
239853
1619
238770
123217
239496
152873
238875
1685
1336
1435
237741
595
732
959
88005
237328
238352
1570
235490
134435
1072
236708
220
219237
236767
236694
236246
753
2392
119234
1677
238208
235855
6551
707
1673
50192
237586
238870
236310
237444
236809
237532
234918
236093
33178
189290
90
430
236130
236502
234188
235877
234115
235683
163680
882
235028
237214
898
234595
525
5995
174507
468
236147
462
234
234987
277
126087
636
201
339
233221
40618
439
236257
234913
197057
231891
236316
232231
1303
236037
234602
235444
234282
233066
614
234889
233498
233927
1195
50398
235032
223575
549
123830
189
1059
1830
234415
234130
1137
232054
1753
232972
1157
234298
676
780
2481
235435
186815
2652
84
229525
1082
231535
233400
231687
231419
175236
67812
233335
1365
1041
135308
231623
65588
233063
101785
2553
10481
234692
230077
233575
916
62792
233103
232060
494
1539
203
234739
1781
231920
621
16
4091
639
686
13774
229771
9051
66
233760
233794
44661
54
231361
229202
1780
695
32395
10139
304
230532
1990
625
2556
2256
227688
328
232035
229516
1815
1465
17145
133376
189706
156
181
134194
1479
1814
2370
1263
226777
230434
1344
228935
35
757
230108
417
230726
907
85872
229810
16946
1968
1647
231401
230261
559
196594
141964
27033
41607
1681
175523
228927
138749
227847
896
226409
194970
226840
1522
448
229478
228218
229031
805
2608
183
224421
22836
109110
2404
226727
191335
915
583
225087
226624
46749
3298
2475
485
1306
202807
1350
443
254
228058
227602
279
226261
228672
2071
228551
227058
466
2415
223708
1648
446
226117
187603
1084
761
59580
226354
227838
227760
2782
227727
116494
1730
198928
130329
943
51731
564
1244
54
223393
224728
104046
227273
82
226999
192220
226861
1233
771
226963
1006
2993
223319
222544
147
199
105622
225403
2500
592
226637
39325
193279
1288
219909
836
224940
2347
2723
226737
223978
1926
223304
326
60
945
224645
615
138127
759
34
2580
1978
221859
223964
224803
153928
225609
176315
17377
222626
2454
223490
143529
103
107879
495
224749
408
221233
224990
223510
225647
717
1794
224906
142073
1605
2688
172509
450
1302
2093
72473
887
225938
176988
1623
224690
1919
591
223718
2595
401
83751
221286
1783
221753
223312
24566
179
224291
222150
222446
1474
519
1536
94818
260
27485
220721
148355
222396
26259
221448
112368
221530
182459
1163
1610
54
222109
147283
147326
1655
221697
8701
1176
220643
222174
149918
2098
223726
85688
735
2226
200544
376
739
744
221726
218650
220645
220791
408
221385
222018
1077
218418
2381
219945
221452
219302
223066
189801
201909
194100
316
221109
1413
217146
73457
102271
219638
66913
217437
219105
138311
408
786
281
65435
221785
220188
222060
144373
40505
221739
614
350
222747
221647
28365
1937
219607
221290
220251
1226
2912
220059
217314
505
132000
219095
13901
374
222053
29465
804
219341
461
2077
218652
3126
18600
216797
258
140697
216731
26036
47567
1169
372
810
56902
218702
216077
176
215302
410
1321
219180
173094
10164
920
217040
68784
216980
217650
216431
219692
58705
1722
216778
48365
1684
218184
213321
2773
251
215485
1550
215176
1873
219047
352
2216
2039
117431
2336
1031
2094
1733
214144
1274
890
218248
125638
3003
150672
149780
216874
215866
212822
213007
51969
217132
145437
217602
2949
431
79
217906
146358
212887
87775
25625
26043
218059
216085
215159
150013
26
15564
954
78476
1653
218176
893
162
107330
169610
216
214872
216383
213722
1451
740
2478
216183
1884
45398
216130
49911
17933
15457
191563
218043
1213
214236
152600
70876
143
1931
217683
215139
568
213858
2291
212820
1983
129205
211924
50134
195995
128809
121
215069
502
216666
212727
197873
80687
211546
213710
1574
115027
350
127608
41520
214451
2952
481
591
173092
211440
1074
794
211391
213410
211399
213363
893
212713
213302
213540
56944
214206
213489
2333
2175
211611
564
1962
37
214767
1477
212738
214235
551
174
6466
214329
213119
605
212455
211749
214635
1467
211562
276
213491
213043
214135
43181
1927
53867
2449
214127
215087
578
212309
1791
1163
1233
248
165
12816
214420
213078
223
1295
214279
2551
212134
3091
776
210876
391
213501
100435
778
126624
57555
190947
7
212707
212291
212383
1623
209544
1738
210303
3063
213223
2166
1674
91266
1700
49064
22855
1332
24806
210676
212765
1536
212047
780
210746
1604
2703
232
1166
102816
209524
2460
199221
211065
966
1159
118
15245
1230
896
208986
210847
225
209857
42863
1663
210748
212285
211604
207905
212747
122663
209413
2323
3070
2076
165735
742
209832
728
211378
2257
1175
81
1128
210966
211725
210527
208279
210556
207051
102702
2008
1654
1414
1190
2802
1110
210697
209003
1661
138874
212157
27701
207617
448
3454
209812
500
544
209962
1940
210767
208947
142523
186402
1262
1334
62355
206495
426
2764
210257
66497
208545
86163
209082
205640
208469
2220
690
870
567
162998
207050
185874
2674
209086
527
57214
33508
1473
709
109682
1169
208450
349
3030
467
45461
39136
205044
185210
1523
55383
205881
72127
126
42252
77572
208045
204161
2795
2588
1610
208172
391
169496
207714
808
1045
206264
206253
263
2337
2225
23626
71324
235
1216
207543
208156
204208
206753
135092
208558
208709
576
204570
809
1682
208793
129879
158305
483
2133
207814
206285
207385
2036
1247
157757
205543
190681
137303
204636
144454
1317
664
204905
6778
1878
2905
207226
1505
2240
208247
243
203526
204106
205514
206769
206709
206597
206023
204654
36586
206440
698
87446
207252
30069
204441
205553
202918
2512
205304
205329
205395
14273
7261
206634
202765
2305
2236
203281
3049
206795
5492
206075
206313
126945
2817
180654
53720
206622
204724
849
1082
237
207424
204848
202002
203887
205094
201846
2025
832
203117
109797
123565
632
111
2217
202428
91862
203963
205840
43121
203469
202649
1888
1083
797
339
1121
2514
139253
203439
204701
204055
356
27
1895
201011
145559
930
204704
204074
201281
53834
205201
101403
204819
202305
57278
747
205706
64800
519
659
202684
1174
54340
201410
0
924
202455
2182
393
203607
40293
200026
201511
2347
201515
832
1483
842
42390
2196
1400
205592
194
530
201320
202067
200965
202261
65583
202586
194700
202612
2354
118731
204735
199730
33658
200331
1909
140715
92326
1273
203942
2964
408
1222
191735
165094
59870
56642
201651
150603
197954
2671
42317
199496
2803
2111
201602
48215
2810
858
203325
130484
215
60863
200913
107
2617
130
2454
5
1125
741
196720
200682
174
1696
57296
154004
806
1414
207
128004
1146
111349
1141
202129
200630
1130
200382
198758
199596
68
199596
2360
201807
200430
201538
3690
119488
198642
200962
3061
199353
200241
198333
20329
197736
201289
160928
199145
94
197470
162502
195204
2050
198950
1579
135634
23293
196360
199529
1018
613
197174
328
1008
194508
1718
198620
197929
195717
2444
88407
1417
194898
198376
169662
126
156923
325
197204
3810
92117
197206
2246
198510
198910
197808
199913
168249
198745
199633
783
194182
146903
1436
1633
1113
701
2399
199015
195438
14736
198016
162749
195148
1812
582
164438
1840
198146
198160
1095
199181
195135
195407
199
198851
197081
66401
2576
2786
196052
194378
197629
10147
1516
194602
1375
60
98833
198689
71856
857
194003
196668
196181
133964
189622
197140
195588
196180
53
1442
195711
193986
1439
196687
1403
72417
577
193397
205
2006
193964
2976
7
198493
194875
150398
167878
108353
192044
197448
197277
235
152246
198742
156852
136513
271
29720
11376
1886
195962
428
197235
76496
195698
169485
1690
192129
191962
1324
193760
525
166212
342
9205
191687
15446
195423
150893
2459
94474
196189
926
756
194088
879
192789
139722
112605
117
193944
193514
1621
194536
44281
194859
157847
1893
53907
194083
1004
57279
190870
191505
193062
192296
2740
192231
196368
190986
29769
2566
701
126870
589
16
506
191977
27
193395
194128
1158
613
3324
195087
158498
541
3103
82
193168
749
102732
193669
854
8514
193116
196955
192373
1479
194432
120697
193724
54898
125485
1456
2866
1913
119
193941
311
99231
194219
192223
135591
112824
192974
191080
746
193594
192188
190595
192488
207
192698
193787
15323
192270
332
661
194961
193674
193909
1049
60552
190519
193821
42997
68221
37961
69543
194623
1956
192302
194126
3101
107168
16720
194475
191
69212
192375
21471
899
194711
110284
2362
448
662
33947
1126
113581
191485
192967
180093
193176
146789
191054
1479
192106
12550
192778
366
191990
192591
191374
190829
58884
188470
950
181072
191593
111431
191922
111
1444
189995
94951
927
266
189556
315
1984
702
173644
1025
189608
70
190250
2873
978
108285
190542
115114
106505
3546
168443
19932
192513
189625
2372
192632
174554
59
188214
190974
190820
42
1364
190904
492
151617
185778
1212
189642
448
473
1196
188474
180
189330
188053
193364
14105
187836
107
558
173379
2229
766
1076
156015
113352
86991
45958
551
191546
76
1403
190340
189351
144726
185372
188948
189655
427
33794
1058
411
40370
186484
188466
8728
1309
3614
189475
1209
2547
188399
29148
187732
190892
40807
148181
92
172647
87
12898
690
469
187002
188169
51
187153
179949
455
186408
292
1976
69226
2690
111454
100118
2526
277
184678
184530
190588
41
185760
184925
187642
52903
99141
187934
162694
185243
186086
187615
112229
186891
150883
1313
2784
973
188934
1057
150
187572
1552
1523
115
1540
187040
188406
185749
186383
772
184005
187942
153886
3057
2092
2364
185818
187793
1187
3242
668
183796
948
67
182695
68950
169576
1114
1679
25208
183992
88901
1461
160877
5864
222
99110
2512
186133
184335
56
274
184830
15478
184188
2402
110
186022
182669
1014
183870
184531
184149
162292
182422
121
186688
657
180872
1541
185757
41535
497
180090
2769
1871
185106
183957
99912
53595
1135
183463
181317
185498
243
79217
182918
2237
1412
947
184001
183325
181011
832
3748
3406
2096
37406
805
51395
184216
183199
61729
178781
938
182533
1137
180234
1985
183640
148301
185889
184787
369
55716
182516
184230
1741
184426
183537
183318
2339
180693
148517
180121
181409
172904
782
180955
531
183228
182003
1598
112804
179794
1973
179638
3125
181206
183206
185242
1134
97614
14540
1479
2054
3952
67139
183975
44329
125173
179447
953
183749
798
181190
181248
102223
181497
55004
1683
22
109723
182783
1058
1394
872
944
49253
159390
1621
184393
181558
179810
876
707
3382
522
180805
81443
180727
180725
181883
3182
415
51
181852
181892
56834
179520
60137
1925
65059
70240
1169
181451
656
182289
155
1603
784
1651
183583
614
183413
183058
184303
45529
152430
181965
1919
1677
1844
179630
52567
437
181571
712
181243
1635
181719
183098
180377
2099
65
108074
181084
2536
15646
833
801
3146
24749
1845
1451
181660
175137
180311
684
564
1505
179243
800
22166
180934
96967
311
180857
2613
2866
3833
941
1898
130
49125
1746
52368
4047
895
1783
179872
1753
91761
279
2300
179440
2022
178748
892
180323
181374
96944
180845
180691
569
179550
29396
179764
180606
48130
3395
90017
256
120908
56551
34939
1612
3621
30
181193
134622
180056
182000
3047
181083
181019
1491
155790
117
1211
2466
128739
179038
179866
178528
155923
874
50001
179789
1468
2562
1262
2752
115762
75055
278
3257
16440
178780
9323
1313
925
2123
2
1842
179851
2255
3165
178684
178467
180054
177376
178881
47097
1588
1617
24973
1154
178542
3051
178431
48775
180501
124542
178410
119750
177318
182435
2120
178670
1618
178771
170008
175727
62
2274
1860
178699
176072
30231
465
78618
679
4255
49040
89597
178749
178932
307
177797
178838
54734
180772
57532
3035
789
56853
41005
60
76544
84194
126815
2609
179700
177484
177890
1771
180086
62335
176339
176125
178172
1170
177431
5855
70
2673
154495
367
179430
179864
3403
1097
144770
63055
176989
55112
89237
201
175708
153353
104284
1784
1072
177967
176477
177724
176584
177971
40425
179140
3160
80832
3386
176253
175027
837
178702
179751
174588
122181
179465
4393
176011
179502
118508
94141
60177
1658
1194
9482
177966
176740
60185
177300
178070
1057
175492
1418
2209
175766
105373
176375
87185
177073
177500
324
70230
176221
35303
1327
176213
176399
77492
951
175955
1861
132267
1531
153442
1020
176838
163
144672
1629
175846
177287
1382
137513
2186
174318
10609
1507
840
2078
125424
54351
746
178170
176403
2709
39515
80715
133422
1169
176381
1753
151341
136187
108239
2514
118931
174547
1800
176285
172746
176667
48163
175283
176323
816
175850
386
175744
1230
563
3483
360
551
174281
3653
177515
457
2375
177127
127252
15
221
174638
2041
157072
521
175345
11616
177909
432
45
177228
976
209
176626
149579
996
138838
73305
175210
176799
177552
177895
176710
255
1273
110732
175697
24884
2958
8444
2178
247
175585
173751
137107
2142
46742
171760
674
173213
1025
17281
135771
171341
37246
174271
329
1126
173164
1231
134708
174942
170751
2125
39875
14580
171017
17309
173099
174750
2211
174952
53843
170622
174456
23374
981
65862
173525
176109
623
87037
170970
39156
1075
174968
3519
171207
173043
201
171018
333
1825
1816
172655
3734
173451
762
173927
3136
103152
130843
172300
2465
186
126687
70988
1419
17
1125
120
135655
2305
171437
172369
435
936
2393
102063
170159
725
68399
318
124586
3688
210
8390
169007
171501
152700
136563
174539
679
1484
162780
1867
512
175182
93725
171709
170427
170276
2215
172064
2204
170192
3528
130763
82003
155339
136484
770
151593
2596
59750
174719
1423
174747
170986
131
2962
172409
168875
1836
169590
112813
172594
3478
139092
57315
170163
213
101813
169632
935
169780
184
173236
168530
173021
1400
3891
2471
40612
114318
3502
315
35438
21099
168780
169773
55364
172541
25886
173112
170853
90292
92168
168467
168325
168764
106660
172304
167767
3526
174087
2071
46641
90
56679
769
698
122939
24791
1193
153
26891
171624
1557
170091
168999
2168
444
167325
169597
1702
3425
50077
166550
167839
169700
851
47544
213
2117
30450
151513
167855
34891
167615
166757
168210
169476
741
170301
3620
7929
1548
113710
167208
168757
28629
117512
1317
77278
170853
169244
169803
3651
167698
1412
166742
167923
1771
1929
171522
36056
1893
1276
2877
1228
2292
167209
164970
166702
1359
167097
166922
145279
678
955
169874
90817
304
171394
167059
92642
166296
225
119170
167126
525
126192
166308
125757
151475
156729
1248
169202
1036
167190
164462
1386
165063
510
4272
21810
110610
179
117445
169176
167693
151999
167362
5812
168025
169772
150173
529
165285
536
168793
88
506
367
165111
36225
145489
1757
685
3290
166990
1084
142868
41627
164882
165054
164886
166582
1634
169114
115991
1945
167420
167795
208
167043
40514
166751
43807
1235
1048
167655
620
16120
133814
51773
1409
164585
95278
132293
45
20691
1014
142605
885
126133
165819
167610
495
477
1621
168998
165213
297
2399
54706
26281
387
562
168314
2092
70997
3149
165036
929
167170
169862
167174
84565
165756
405
133192
1326
1362
60149
1121
1126
638
1152
1228
168644
133341
12521
3226
104024
33248
1291
647
130211
163751
667
121232
151797
152
140944
4258
167219
166655
168798
610
72
163683
4058
166265
110
167347
166164
167450
166331
459
701
89761
169547
164923
70780
166624
1432
1398
176
1123
166661
70
164687
1663
399
167728
167071
848
2071
1818
165464
166149
166197
45352
164585
129474
125288
977
163460
38295
166264
167794
82
3447
733
67783
271
540
1617
2708
101222
1089
2323
165241
165720
1991
1048
120705
195
163197
162586
2918
947
2833
76709
597
623
166228
165012
164977
165904
116812
166348
162627
1835
162693
161537
885
165163
163861
167256
1739
75474
2542
2136
58740
76586
142114
849
165907
470
165762
1055
89629
1043
163985
1799
164206
163957
1872
158411
2432
40149
165141
2317
28419
162603
164586
163873
1549
1813
134572
153278
163536
569
1051
125243
83339
162775
99354
85942
3262
36262
2155
164719
12971
50428
227
164731
2420
165349
164096
84105
128
71779
161782
164362
162300
3955
161920
94068
2971
2816
54617
165181
165821
155602
91217
160676
547
103546
161416
1326
161614
86060
102952
160760
1545
161465
160940
1455
162276
166986
1332
2321
130409
165078
90460
1338
162687
199
161898
165092
20943
77217
164235
163951
2281
56466
944
161980
163089
43253
161262
117850
163369
41
1762
161006
1311
149091
95215
163439
3330
2238
85246
162268
122143
3467
161343
161180
1540
927
1201
1140
2097
1710
162879
967
162467
163294
2023
91815
164151
39429
161471
162
161938
162723
1656
21
165156
142824
61486
165643
161010
162277
160600
162547
120020
1330
6615
1008
27720
165400
2140
2171
477
164596
162577
162248
26296
1855
26129
163657
161609
2195
158814
161756
161456
1567
2246
52939
162365
163163
1278
160868
164920
341
2193
136211
1921
331
1523
671
895
161473
161398
159700
2964
764
162743
4368
4149
162389
158550
2666
161350
146844
158687
1385
164924
2772
158026
158729
160854
161460
44527
2329
125033
430
161546
158339
31770
162805
10679
1795
160850
163968
1649
851
160488
139962
161942
161424
160702
163059
12657
149
4192
2102
1526
161124
164502
156844
2347
380
161730
163344
114448
1426
1069
160664
164331
158478
1367
1150
562
663
8759
2763
122194
334
107534
162337
159577
162770
288
3146
15835
158997
162332
308
1329
162569
158924
2186
122903
55425
1361
85329
834
157894
107671
160904
528
160161
164261
1493
1947
616
160137
1080
163366
158296
160110
162529
1924
163037
165
2263
4293
3506
162
747
160406
1049
162740
163301
850
67
156732
160634
1049
156840
86833
120893
40133
1006
1574
163471
160431
126
744
159231
157389
158583
158649
160352
139190
43273
3492
3244
18814
2270
118
160307
1509
156253
159270
42746
131038
154628
157336
103709
159822
128739
43240
5659
121951
117115
116307
151937
61691
161995
123250
70455
15950
140464
1650
159403
130468
70903
3351
62067
162475
621
156022
160958
1999
818
1803
161393
158612
161156
3385
3313
160208
1173
760
5113
33900
878
161027
43133
2277
159462
2452
160714
3021
1084
158465
160931
141651
158042
101629
2186
245
162873
155991
161036
2405
155518
1090
158101
159029
104
159070
159520
753
2097
113726
1235
722
92103
160185
159307
158533
24138
90133
2322
158088
2213
155913
31182
162600
122725
157604
23074
1994
50681
155999
2152
1000
159325
160380
155438
160639
1949
158575
161028
3351
110492
57517
158307
441
119149
4318
9376
157664
123222
159385
86307
4456
3297
160008
160763
442
156634
7381
156955
58603
161642
365
121194
113991
155198
159556
155393
40678
20272
1678
57938
156273
55
156401
2581
157672
97238
112834
154065
156968
135151
20868
155134
155073
716
143
53698
3112
30518
4198
131321
11807
160084
171
153299
3122
198
137274
2142
106857
158983
2596
153759
747
29842
112386
153934
154036
80042
609
1322
4368
157884
17800
127635
157479
1999
152525
159798
152840
88
2795
2294
3594
156160
120371
155140
157284
3338
34878
1387
2942
252
157491
156663
2628
155506
159262
157369
44502
417
146750
1391
148794
70979
1470
154744
85887
759
44969
104727
156584
156330
156418
73505
29608
2771
81744
996
156369
153044
3436
52587
132
1417
156065
152657
171
152303
815
99103
2963
12640
156700
27141
64246
15908
144
1441
2239
3768
152632
656
119785
153262
485
152842
354
153357
3391
4074
8467
50453
41395
3424
52197
590
3083
2768
84508
936
152160
569
72299
19035
4051
2011
703
49362
139171
158362
948
71956
155019
677
156682
47786
154155
154046
459
155969
158620
133971
987
156090
156537
154477
56273
268
1819
1063
157151
152812
155148
156408
154434
1625
153418
875
156515
54342
71010
153896
1395
20734
130049
83395
2540
821
1330
1498
1505
1899
155517
122814
144797
2057
111601
2360
153412
3720
1606
156178
82990
152930
150825
2270
1078
58
156202
1677
156613
29513
153209
155846
4797
131654
2487
66870
157574
151298
2673
1070
154662
152291
153314
151240
2730
39655
1036
151579
689
156408
149815
3382
41017
1868
149304
154655
152902
151332
350
151116
153883
96025
151560
1499
49953
106847
153606
269
150960
2356
55444
3034
67961
276
153562
155437
151084
2216
153062
84504
156881
155019
2019
768
1049
440
2034
605
153989
4278
151283
153057
59981
88563
151049
152123
55237
152208
125658
123
186
2357
821
2425
27
232
155386
674
3908
152967
148613
75
100058
2263
63644
1343
27636
1956
2565
2069
149966
19984
116303
102668
153491
2753
522
153582
1680
17185
183
152009
3508
151676
150932
1597
195
2256
38571
1305
149202
123051
149309
979
3247
149626
158
2674
153505
557
1119
3042
2602
2236
151690
152311
2500
63494
1234
152490
358
2549
2467
39789
105388
151136
1665
4098
153355
153060
1310
2937
2676
111711
151099
116
100374
91102
156453
