119402
754597
160074
405952
112406
992740
99304
868065
953180
261299
140629
197198
43315
637303
423578
674187
52976
626845
360030
541066
477626
587839
679729
26491
769329
83325
64134
821925
192353
176009
473032
358553
75806
911003
377796
375857
410066
591761
516171
16350
737661
88844
233429
193076
648944
276753
353218
911555
343767
516919
756782
273494
133620
414989
186647
354968
151741
667562
241649
803624
612026
634641
479737
831225
53888
444988
655939
279047
96331
37464
356812
965870
755731
397797
434039
167489
452850
419821
494918
444166
240337
428
963195
80612
212406
626080
522512
359105
387142
635354
870382
136536
47112
158381
179507
159730
678990
158614
156672
191654
5783
276390
49170
59235
461742
482495
103475
319913
642565
557866
764427
211665
100959
218167
565787
128343
661285
404115
240420
541316
951791
332651
17609
432325
810459
253534
231563
102600
574302
18532
305013
737840
287801
76315
84175
11714
478183
806857
741513
178318
125043
97804
722483
283941
124458
143303
117023
354247
839585
26199
322672
414571
18497
409429
48257
962847
689992
60219
678669
15737
424545
476976
603984
96453
620241
522773
466806
356599
573858
65651
218483
507047
104699
339379
288904
2
484091
979278
78177
372404
343239
848230
484025
135059
489085
152824
311713
808772
99050
554720
385973
163440
859047
12892
567478
286407
265404
793929
232421
449194
468854
126218
397754
981541
216642
481232
314698
198831
695218
703883
221415
686378
40014
17727
154304
460403
29487
825730
416444
59670
374745
76830
435339
724110
160363
689672
800574
72778
335724
467661
250884
817190
542736
523640
502789
861109
732205
831118
3148
348912
94159
368282
325065
128630
144433
23836
552278
128546
428532
134279
369812
324394
169169
187743
96261
747817
391954
403198
134977
763296
547802
739395
38191
384857
466359
547517
732910
238225
277162
96145
63190
414468
396831
144295
178302
933803
259299
217361
68857
97147
239812
469455
204169
419591
103437
207697
86302
607309
118301
243016
146650
226720
726694
385817
36385
40661
654621
175368
40828
716806
319002
95926
995672
1079312
459355
31135
49972
170994
252005
173562
503501
392842
533588
280123
764422
301411
12644
673541
41089
64676
433580
485344
80246
384379
515595
719263
200376
84623
150852
326368
379616
517941
476742
29602
547317
673313
785270
686267
629645
116724
394271
594184
510568
43210
560471
766869
784115
35975
462962
745455
627895
93135
1081065
506270
229206
106030
543099
84931
333891
64875
216227
14297
416631
655196
991402
169571
194061
12665
415142
405006
427387
794707
113884
654507
171897
446887
471188
383324
883373
161708
438678
408013
451100
283465
649468
396950
53099
558746
928667
200950
487054
434361
894969
474217
94165
181662
649964
872187
194026
270020
38053
396529
614672
49616
333836
70804
345489
76292
551103
18422
344697
81117
33391
793508
296934
224460
978881
179631
235372
558713
334085
57044
304121
121278
488185
268033
301887
58624
559461
676875
771490
169600
95287
350366
668433
689009
129391
383586
283303
4585
157063
231750
49745
269734
414148
33412
113555
71453
476195
1026161
660317
601805
162827
808941
851270
562140
566957
413495
858203
295498
385791
424831
565192
222029
822813
138261
242234
45758
919786
31962
423975
107150
38547
397121
726097
15457
119719
385903
136372
225149
119204
575982
95518
477505
661068
557518
977779
62003
64319
709575
314208
511006
150738
413966
465768
430939
565057
557334
416175
805071
311619
215324
74188
20623
96221
507257
790013
91679
337260
63168
138941
644720
331289
332207
183740
772949
287493
144110
275731
181605
105475
112907
329337
64571
257045
26444
328292
169804
340371
301775
274684
87411
590518
66428
438708
229898
317428
59738
66289
842862
224557
259582
503774
993993
110166
698458
640578
255114
873190
237248
590322
231908
214757
25878
736570
694958
192374
142994
225492
665802
1042148
404202
906588
87950
684202
377324
288757
69348
547297
848499
1061215
127639
402931
549155
884231
406502
419369
811508
700069
281217
467612
550989
170329
30475
285040
660671
511157
592747
155224
388407
664501
366730
244478
791628
19543
110765
171402
5299
325465
348452
505262
353550
646291
351701
266874
119863
319345
501336
297207
392283
675248
919687
248790
14555
135614
373710
647629
370538
340241
481206
196896
841416
352381
20137
114056
291748
391360
445817
967549
60153
781474
200361
10600
329510
378701
520113
347084
79511
379049
760197
330334
96913
280462
108956
629924
145274
345393
783287
67132
231179
644891
237628
228532
321412
318047
2707
420275
115978
314528
226928
864137
440175
61047
600230
760631
251147
691756
108772
295088
115658
7677
402490
470854
888123
881909
697358
762997
202293
665561
465142
288234
359904
100924
78546
70973
346463
379701
539631
485634
418077
604136
190075
925061
422149
694154
705795
438008
254737
76623
442656
421417
936571
41928
316736
110358
35758
84932
28748
654509
521288
7229
305548
28220
299246
539272
431626
320066
350181
123245
622973
266488
847649
708644
83573
91712
191385
403412
283966
105208
297687
997780
430910
188704
269396
569847
157977
249212
851825
63866
296062
916934
330435
7944
749373
150990
257098
861015
163489
934281
556511
525680
161596
683519
241876
107073
115462
863411
261087
461263
201292
748932
773142
290480
133279
253711
330561
1991
424685
7848
799755
860612
126288
142188
130695
634050
46110
603286
265395
379739
302232
880985
171096
634052
61003
152597
58618
383314
1001649
25118
69626
1052991
201019
776727
334085
302208
423381
227920
533314
339123
408573
1083100
15572
123426
293043
626606
250898
778902
721288
609698
568470
304024
757151
339186
265548
116815
66340
362616
940830
349243
236027
23789
103780
348980
64996
254919
556752
642283
193583
106948
535704
489710
265074
381449
813333
205519
427730
444675
753089
696033
1022503
581063
27923
189753
703718
935113
573648
679237
322478
799744
665673
972268
26992
334862
500885
352097
472145
621424
936348
32508
63174
472411
529701
979886
188260
224773
777914
872036
721031
38818
634065
487159
221303
227407
442742
268542
441350
425141
24008
587492
644000
436932
196597
564814
231121
51964
414863
742079
365966
117281
435407
209197
141354
239316
125691
147588
960398
212934
212536
317302
121446
59434
633689
467557
36420
411368
617978
590327
10528
576147
799374
359995
672409
771311
943233
763650
323506
119854
682226
664487
621149
407970
92001
711744
325207
162452
106974
309593
871475
341858
713778
461693
395567
683195
469198
761735
420272
700782
460851
344182
597057
548951
828756
92491
927779
340442
385732
442535
41616
84516
191498
97873
156274
625932
551607
343058
513815
410762
723916
573663
231827
68237
23676
471140
164567
858425
218878
84904
992991
317571
53981
965671
216337
231922
446721
304504
648158
265504
64281
188485
482914
189834
92184
609218
121590
63164
545901
215658
128131
739395
382344
502506
78470
756286
584681
539443
976975
42831
267243
353688
8086
373091
510697
57983
100058
522850
17630
326347
144014
383641
588732
86001
99724
920368
44553
851728
360624
163376
232927
669282
296191
92429
554846
122552
187314
565507
916757
625426
866454
899874
261506
107795
227399
474410
442012
407301
303141
923868
608657
558241
277129
727183
653050
165344
295415
287332
38764
382475
127062
316764
149955
272509
30091
916769
311964
234690
307082
150627
12601
49671
1097985
154178
1015402
96798
186683
110720
338357
173656
272683
482752
150205
665607
385746
310849
390491
90522
352489
657895
348828
70977
51482
148530
73809
417502
219834
494082
578552
310616
436117
239540
133057
210268
174167
49802
32898
25653
193095
187421
114128
125463
49446
18732
646161
160307
40283
296839
182206
575211
70739
350788
452206
113274
159501
519086
267251
5165
414279
201723
812123
564418
663046
129234
363982
180417
417542
186340
559652
265854
118855
522077
179607
238419
437050
88999
177927
144065
280065
666669
477654
177260
78383
159965
95398
27873
453016
311566
852801
873
742223
9545
770695
2741
385549
333689
87274
60172
679505
412123
319575
452749
596806
269163
747986
656791
251860
1044597
365110
235157
11846
385724
292482
363155
417710
7499
229356
14828
502081
676683
589900
443403
119803
19899
661998
399928
202770
175897
874726
363024
292249
498368
70006
46163
209659
14048
817373
13967
375035
756502
66108
466667
318512
204917
892426
179187
87253
238955
165732
392473
939922
52512
48122
157704
815092
437308
329055
508916
352794
84012
22943
271611
89577
506622
11974
740575
243331
903330
164369
109729
327269
142102
389796
31409
105321
340938
543386
133093
624515
6722
921144
398109
972721
250552
253484
704319
213628
363368
761381
171214
270756
26896
734953
831385
141264
263101
68826
279811
225976
725615
1032157
31818
212245
448617
922047
65987
111106
71898
639520
782350
377897
75959
646001
247679
255659
223915
424866
1004370
721169
937623
137708
299078
378962
47274
314967
268563
1053313
261809
160163
731959
184053
249981
760146
207241
712155
192941
556706
66049
569767
78861
245750
208664
574165
81864
598255
63423
79945
672915
896953
1028461
483690
471549
547003
218400
602363
353039
847374
161832
815288
235174
28318
829859
916020
344501
941399
244174
635145
571290
680454
299467
639913
274836
216257
775380
490515
112377
23481
19084
387232
335568
343281
221567
98042
604553
26544
551421
777602
144805
419427
318932
425578
334106
1101879
668530
546811
236365
603701
652752
46540
149308
118763
59024
305109
335797
820818
945785
288897
342151
298803
409509
235058
290018
690376
240322
391293
56506
520852
505625
413211
183308
598922
355643
804810
85958
408958
714230
332823
824423
588042
72351
850804
32152
231892
144147
272644
483704
1540
407219
839556
249846
157506
850055
810506
599311
442553
291657
552164
375038
264107
989445
658369
683573
263028
36976
859269
800163
767028
620328
596131
229339
141749
80381
58598
834633
41530
54671
20486
115965
92060
225785
580448
147444
99543
239015
288217
302490
553503
213964
89717
375006
62528
962404
659096
188731
469839
535017
156926
830295
287692
219984
131989
8718
90311
466402
266702
684098
698342
285538
81555
342874
872496
110753
563873
104460
576746
798870
412716
452278
571823
213038
373031
506249
240762
454082
405591
391961
249831
472767
227607
18039
873031
400379
125228
26809
533721
51971
515227
546589
16680
754324
903768
305609
227131
858594
81277
174448
103259
14892
312208
132932
203023
93851
569249
82634
275460
72733
367059
20487
152858
120018
144284
24183
294514
259356
395874
364982
109828
625883
725901
13981
409156
419752
45314
281872
311377
1041248
380066
104744
899360
230375
94647
763675
177915
103578
263992
800889
540288
209545
5464
177422
662477
511079
544726
25752
790596
277104
126460
144494
491814
130706
193915
347657
126627
519589
336546
934242
219655
162750
481746
356697
99896
122998
119136
43193
218185
14080
140604
117585
755676
386028
417197
57351
625522
427465
470224
167470
386368
800275
738078
523839
595296
52733
342082
434398
681530
111733
675423
326604
83855
91540
278347
128052
621381
335799
358088
1008748
366058
744999
573901
1053873
930697
1048842
524666
524045
789513
344810
903590
641319
14768
27676
596930
1089466
458200
222043
438192
161894
259030
497213
260962
507440
9750
83198
151136
70205
119367
267311
502368
470646
389934
578220
709711
528018
135670
197141
191683
317758
478248
296404
406708
463234
194636
245654
59922
475141
280744
1056056
196146
755684
304179
657798
10533
34526
393597
243155
61163
313629
453190
198543
899489
648909
745027
344542
221215
165724
292585
209702
904554
117390
490302
95472
149792
409912
220321
649841
498092
350621
974772
210489
129520
108156
408387
682518
108887
400992
172584
245053
1057832
450741
126671
698023
384527
902652
939164
630305
746077
154147
152784
74833
232929
441588
425598
225337
295167
791743
676934
196342
114868
864251
674683
1057594
331318
708258
219741
975551
290921
68304
554506
540931
310923
277352
966397
535872
947785
710216
517965
247785
169050
604919
268812
20941
288628
214200
400412
392006
185908
791729
627206
843815
722423
258194
352569
232853
690793
22152
989993
128395
207664
248065
363633
671924
537934
796219
706748
48131
139620
613167
783283
87088
13509
875255
709501
519395
397721
193349
440729
107129
508380
751354
656369
222487
589102
59292
76164
120437
72525
11061
24653
421412
36763
411953
7119
72895
360308
461393
360157
769749
745439
551420
629441
622695
356022
565491
191059
681431
803668
460790
153908
25462
469248
30918
661276
590685
802988
771069
353678
4782
163899
201399
159694
703730
443570
112605
327326
281232
105359
387645
60079
257312
591448
821528
637624
25189
220732
651875
806613
739850
737425
230221
520011
590258
245859
290133
518985
32571
361722
68541
55772
527429
105610
753667
354314
629493
651716
262568
565853
388535
192645
633504
422345
530964
396123
252079
484098
366279
741016
423267
90470
223893
903116
717224
561523
163488
501434
14116
429700
534223
26578
495223
416519
734146
193479
674068
97695
71566
260329
234736
205772
82735
48704
726712
203213
456875
6445
533093
508352
102253
26878
92783
434040
726596
536082
581627
270691
69001
87372
812768
289108
404018
184407
78428
1014926
612165
103346
53773
332819
33975
451235
494165
35367
807883
796886
124102
64594
276988
827121
811936
272762
58080
495168
646054
347147
231163
373695
262491
519222
894644
750796
451285
142137
459474
376182
240989
54393
731124
369671
843065
88538
777353
84254
60473
149561
204102
254476
512753
777964
321583
436940
253715
89095
469164
554555
789735
285145
280289
557748
148869
681630
318823
344415
102801
110686
617891
12606
258952
468380
59534
121657
211326
472264
22438
121947
848874
976551
453667
524929
339298
111165
513781
349582
449394
743907
8094
512400
30454
880751
86531
532980
234648
706292
15024
329673
340658
425948
58167
328648
423324
720325
229145
422508
295688
21749
163820
41486
45517
157178
667350
159008
388873
612648
304691
353700
355985
566547
350527
146671
544011
385951
500333
200070
603277
992120
212459
108553
652213
670259
126105
212911
440888
339263
147004
220907
913509
126107
736964
610142
788354
776499
702007
695685
670847
499233
900106
469993
943931
425550
489539
273144
632816
35631
72592
479632
227618
442351
42302
531132
999291
173426
385188
382187
73284
797764
154007
112619
89616
843592
209908
356554
386580
178389
116835
1024765
775968
941217
559180
533947
786890
195956
400553
500437
703686
948412
94036
876328
180987
30505
596031
202866
7070
260095
587431
612358
627951
913971
175672
611178
724719
33345
909492
49627
958770
126459
823643
106374
824926
36530
129878
211441
525721
385406
83247
778670
388851
776325
766607
518457
344968
968633
248116
976272
172439
753398
720587
884074
281638
325936
9185
277774
514951
479692
93938
985889
919093
570953
720348
108159
619374
545983
264351
670461
97735
397623
245476
329066
109151
592403
219895
78952
178817
880861
511328
34027
660567
564971
740866
81709
683893
175746
116182
690502
400904
255552
819795
451872
89377
480965
321862
8261
240280
175231
552961
19541
88634
76346
482416
312671
401445
131304
512165
35864
249806
795032
182983
52664
478383
880491
595863
171604
152452
376044
250424
204763
26612
173418
60948
322388
615622
380566
239438
475840
546116
505086
80291
895287
17890
381246
208331
302037
333830
298429
310462
389104
308885
409148
184525
952717
294380
356488
653821
257301
193459
262794
112178
97265
569429
80523
766474
4838
53488
233949
269065
311307
119443
979461
264676
690138
618496
840843
806547
219173
66377
521635
63956
316744
82123
34650
692497
346348
65532
33525
744841
32993
530180
873920
487995
236904
353784
14714
619101
476770
327106
537931
753642
410338
139739
465212
72794
581298
113978
87029
11484
517443
179178
219512
857437
64935
815692
90791
155768
370887
410374
687384
117691
440325
346541
223248
615304
301836
97770
38802
75711
673948
204021
410244
416242
589261
19835
39911
426581
520634
479638
133684
57855
492703
36968
19571
691894
438718
553463
455509
286190
176992
938027
304409
906361
288829
793805
781549
511594
267361
941684
13131
250119
727480
12354
331457
464013
64756
43482
28064
261336
717964
200426
643089
707761
56368
384616
188568
365837
729831
353953
134291
533213
390714
420303
719226
76469
1102079
576106
354954
368305
240748
952256
713830
343399
280140
258234
163820
156114
423190
534391
489776
84393
247537
166721
452003
929073
441686
892479
217357
921750
354921
156682
149276
405188
412998
94209
155209
663486
380392
169593
206248
457037
208662
882026
465444
184157
317538
375343
248777
601447
254407
528102
108682
304576
63860
229485
168309
55444
385502
594660
158285
550208
400412
355871
227994
485456
169626
226695
291858
574936
16889
457460
71720
284328
643316
613729
430547
24309
899121
160598
431137
147247
159676
22308
249728
686337
73340
76142
278029
324465
774436
104790
44042
334118
529555
276790
285078
91916
673925
268884
252107
365676
54679
702663
328627
125895
56722
948441
472296
144624
504731
695969
122881
184847
615844
332783
863761
400661
817875
277496
652665
347480
59018
460167
378325
38259
135359
102692
960602
151518
484636
195752
165410
1033545
152078
337213
768179
14165
536951
453485
755595
35929
541527
117731
66567
251862
34974
70231
666986
976843
167198
419552
231761
415340
372282
50862
241648
166142
846219
47295
819364
846786
404
567735
234589
450726
578085
126911
434708
26933
578845
402364
83017
162015
647329
284247
40986
160018
363372
821281
101324
123874
45558
55615
24423
600099
833880
178290
172134
490942
5158
706202
888955
519409
501675
372228
199201
170528
230077
776511
374468
367286
243024
683498
981624
14148
797789
140930
1088297
350214
17373
369857
279677
429278
700313
389271
132113
520897
213859
239040
155909
350765
1061075
143953
349520
3109
277117
692049
666419
197789
181159
441706
339143
419885
161657
400360
290704
58971
297755
58220
9784
55633
219473
241190
129478
408794
463085
244186
900536
380293
295600
538660
25275
341192
141912
275896
549640
2660
594813
848648
923027
327568
492828
586623
19434
17068
146606
338655
100606
960855
237595
171178
383629
574328
422883
592124
833942
508434
225780
459683
703305
9945
683654
516765
29763
979916
346499
242572
715806
23537
145118
610046
647014
877300
260949
21561
286665
341895
268878
82942
140179
213672
410303
945173
197482
686165
549651
658541
927331
188022
788793
957571
51965
65874
118072
229780
337441
266409
32593
204983
73845
511857
26384
94880
582449
158998
682430
174192
560643
204551
720422
868926
24646
339753
430883
57464
47382
37224
276239
328752
338770
251846
421927
134183
6751
887584
1057543
582607
131599
55011
699878
776310
7139
159365
44681
345895
778089
156835
765900
326312
330228
359415
121990
381474
1027963
862668
1002165
698730
101073
843091
1078433
688982
774608
504142
774257
582143
260121
628171
328843
845245
347209
34281
785635
438440
779125
24020
781208
1120768
798608
653569
330967
221239
401413
379183
139802
85485
179400
814025
240160
176648
174158
975972
802842
536029
611694
254840
363010
1055403
259079
179769
676333
785078
494107
43069
2785
427940
641125
243206
194207
563160
1078222
433437
962595
321519
89507
537184
576033
791862
1000051
83739
452505
105489
1076946
339678
227234
685688
27300
633954
353007
4641
789153
839923
131825
368220
366454
859877
144797
157191
126521
910495
316058
221838
201248
727708
585998
3637
422454
30772
430276
373567
573290
205347
334908
875335
340995
142477
408672
255085
459946
124214
3657
458183
677595
171753
90638
30878
28708
458330
490290
128827
73496
311013
286338
731319
760240
367012
891170
19301
957529
1015327
21483
570049
88543
149615
133063
723985
772959
108560
165783
1102885
270614
822310
595796
35794
29678
137962
364259
870745
513448
136367
90481
244213
887971
545755
825757
426126
58745
834270
271727
284869
181988
274738
195506
28041
383916
385373
814504
425312
532042
519454
21645
707610
803635
371128
239767
428156
146734
127959
582346
882437
46609
469453
210035
26530
372196
77554
540246
773042
862623
298191
932683
303118
931621
4073
641982
36644
427603
97537
112449
96042
593704
446913
597694
824738
955185
603727
345216
608447
343305
9490
137066
786357
393925
735218
318277
434369
107454
190978
375124
404198
656172
122063
353655
765829
964329
35912
768991
68929
974435
653434
468816
727736
980576
435833
365579
192237
636825
364499
25105
195003
678553
719465
814769
21867
425326
559912
526517
523066
798330
421660
572422
322240
489261
868727
722662
74632
77613
411124
857431
91166
597632
115042
478381
186163
94584
644621
36074
26774
166495
162199
531400
850446
499351
274480
470399
565181
434013
277819
191630
210146
91025
156255
215765
49964
786369
908768
751220
617211
425144
549518
24052
225261
509382
881569
359864
45236
49177
441857
196964
494793
226036
790898
825848
245200
463342
60617
581205
104225
730932
202395
21306
197145
235629
96902
139127
184566
120502
438963
186534
39741
760936
4627
182045
383975
697251
263997
44599
33285
584123
36438
1686
741305
11208
472858
588066
117657
773408
620718
220262
123611
665716
858162
141293
116776
287287
1208
253271
521229
41567
365471
571277
166945
231222
226882
115097
96577
431298
878381
500250
445358
315249
788001
394077
593146
247536
694889
115790
40087
52638
746654
695164
747123
419529
869039
418284
41392
230560
391802
159084
249669
71592
102892
291945
171875
79938
979793
164104
201822
25446
533638
20222
709000
655849
569117
889497
614717
571422
411831
246189
384418
84830
855423
403006
295867
355682
705663
266055
40404
404251
306927
811451
670425
175491
519445
338666
175161
154924
948795
675431
744545
85707
268201
150552
444028
576134
157339
192960
53409
187024
583320
934480
16657
133878
148703
450577
402153
175952
450802
149557
693712
91280
504010
855537
766505
923703
362778
616598
508344
9530
161717
133849
304171
209318
52317
17071
58481
775055
145319
666806
23762
10653
756335
107960
891215
342877
987595
325539
903934
476600
182767
700139
353862
165882
1053984
765577
76553
494320
82437
483652
112047
227292
635169
123874
940181
75555
985269
172726
610898
397715
909970
817800
304860
142689
95456
484993
113028
510214
475350
627343
102390
295094
899143
842406
417229
294224
336502
237098
344774
200456
544216
773493
56498
487705
834427
77657
111884
107488
948502
100601
103241
550013
693195
665020
838309
791601
80255
317770
184703
427484
265636
41040
275013
458037
706428
438113
374416
46811
907266
402487
195766
49374
553825
338726
592623
373035
237824
163031
87073
231081
245507
380837
439960
939725
238203
172146
83753
68100
126878
574617
103882
184179
91049
780297
235166
299626
154228
674130
314366
560714
566273
595910
368479
774262
642976
153532
521823
331560
132010
964176
24290
162147
676297
541564
943396
47622
143230
109827
86360
90767
165623
34700
81074
42672
38004
367889
358758
428661
426019
208438
538498
244440
708174
4
602023
97122
147431
121366
649616
224809
443653
762933
723787
146387
592144
615813
671700
70992
797106
385742
145929
133690
782441
19567
86690
42332
87121
208640
484189
99219
60121
694241
6476
562876
578307
11899
8572
277932
435353
764947
436730
813334
3427
691909
172330
208308
61655
368923
136220
109704
136408
180305
120142
626237
232085
126203
246705
452851
112735
1050842
313354
458437
434941
425821
65651
477897
668690
822889
692671
941896
237867
94840
530649
37741
855522
225406
521067
275561
769990
928810
483353
163253
479232
813529
623115
73720
349884
903673
204198
254267
269820
84931
246179
382635
6977
168034
91056
99398
41388
65969
7411
253265
153362
727652
640103
302813
196761
654373
420240
285364
377414
321254
376473
889645
684828
84031
329949
75934
160377
829243
86997
288281
256846
685408
201175
25890
95214
241027
168976
244357
386678
867114
148105
178099
696952
482826
363064
418722
274102
423699
201124
12403
856645
648940
671669
603566
140607
280682
17476
61793
493241
346944
458452
447477
220723
36097
179254
887121
53429
777882
732949
723822
355824
131807
28694
254195
219012
125430
173836
168952
347318
148993
132395
499651
150358
417897
867426
681022
192865
1047944
35615
236574
326351
262396
402704
642159
941597
280919
306787
609495
170149
302840
619584
657534
277385
437697
273741
865697
873595
9975
337758
852580
329347
606631
751018
21026
477153
159607
456002
72994
842836
128531
405003
680659
336340
392726
182156
530597
287443
48781
229666
547433
133218
69568
190346
373673
404287
611073
499817
144102
607220
878499
383788
299691
352278
214545
190339
395989
739916
319200
950028
466055
73660
218340
1042625
333407
250458
308290
225387
1015439
724383
561320
73613
371528
685583
798189
671551
105557
80235
241023
365062
33313
387193
32098
574555
82977
41334
107363
996753
810149
932273
437005
804758
9457
466526
227589
238164
933843
228328
72809
62926
832594
430685
685497
1016252
738566
14596
195546
191298
856706
821254
332029
961942
895541
581834
637551
289498
139644
365800
30644
314822
400589
795837
287071
864662
258813
467250
312448
651605
422536
385209
344363
882297
147703
276069
767558
62066
251297
52169
711722
117643
146699
28918
534740
789899
368044
136158
352008
565343
603239
604250
267178
1039386
899002
328647
464638
318
145051
340378
674843
731758
746547
696933
156185
407053
324632
73733
323318
229655
690433
290770
28568
269359
3426
32191
481965
399760
24884
250760
349318
567291
742011
991596
124256
571402
620235
1047555
258686
594275
822860
172189
77487
909237
258068
692897
53033
615228
228031
254471
745197
533118
301083
382581
822867
373342
410403
553377
219351
28660
565827
548184
581017
303056
553389
90042
394020
132707
331736
415467
123025
535767
118019
622294
351790
94054
254760
145129
8835
549185
953778
881583
131723
35902
207119
586291
600349
149464
880684
244689
1111474
157366
777504
535188
860404
673287
513346
468573
453153
83158
182665
268552
535290
75531
257024
495655
1098384
376116
88832
502540
37066
198473
170706
219471
4263
407835
866094
128945
442727
585470
601726
274770
515607
18828
328036
193096
393297
469751
633277
646378
773750
361422
419569
375937
420515
757793
43883
531319
284555
263921
608724
874164
48220
24819
351974
524235
341626
582789
442642
663555
957086
488257
802055
172617
83507
9233
371367
519486
322117
582735
277474
105417
5582
223684
852620
148968
710274
398107
776426
144205
75610
73767
292669
234493
51565
298427
700571
319169
516700
96898
298973
1113387
158546
121873
550531
31378
340890
564718
346531
472309
361873
322511
720182
285319
103273
9951
605229
695491
835960
31599
219132
646400
674100
510916
655336
355862
896265
74177
81413
274684
108719
926255
57662
189282
869122
358514
579626
246294
200168
457382
233050
565843
76696
358169
588499
605819
178465
206876
15984
727000
734971
478302
99439
309053
173269
165243
439122
610573
160930
733125
424149
321557
344339
130913
75313
821851
882239
555068
675399
423759
767679
258298
101805
177443
876594
666123
462049
19339
751233
137262
922099
765496
402641
407965
432929
18175
837164
113468
695003
307610
359417
86273
176958
351641
39057
748120
145172
184683
114716
627954
625834
382373
603989
135103
12693
84437
266116
57308
40265
503498
26440
59715
49406
216478
791172
73642
523829
136008
124452
766839
398740
391119
32153
72634
604203
824437
46989
902600
54781
694359
419543
26460
378929
406445
211350
547470
53947
602628
500471
532747
58519
693712
4309
236443
943195
57655
201129
161232
293379
232646
629600
395552
597801
497458
41653
81115
38907
251715
85501
426550
287679
27402
141182
308788
830073
505112
198448
207153
26335
424328
621261
259809
153062
874851
589643
392808
119407
366658
321823
904251
649599
255149
160132
75319
103165
177325
308443
475020
443756
531297
274184
57683
700862
596579
230534
23338
35922
130155
115501
206613
211568
219491
110550
485356
394152
412123
454022
329211
13915
91671
650664
934651
642367
813984
435913
329845
884030
213344
725972
273072
531841
798695
720443
844328
251358
814969
40022
40573
917297
185741
425125
428771
438444
171725
63854
836973
204171
727975
869028
333826
416689
788421
259535
822096
49591
497415
864809
20986
190724
869760
497984
564888
266212
21781
127063
177129
638052
276553
352406
182743
374031
383893
623793
309152
453657
722125
326827
809524
733661
750282
541818
573677
709050
44629
303844
378019
547334
327874
12026
134700
579298
597520
292143
674054
121293
382268
172124
561998
645075
252936
122795
196960
53835
569106
298976
175021
385162
469491
138849
66926
357984
103189
106297
628226
659477
504970
91275
585583
375912
228317
436606
368069
64418
80872
235757
554094
307921
587636
515069
258291
460257
483664
777524
290907
359874
711601
215840
347565
426558
1036695
501497
503445
647459
408151
183065
992157
630377
153655
433121
394450
69941
278912
855084
965994
415394
609854
412040
367055
342102
459576
733947
562854
172622
395706
705505
429430
314974
80455
715
652566
246447
105712
120366
533933
61849
459641
422052
381936
880537
252477
823893
563820
280219
754531
543200
505439
182061
318829
738647
641982
47193
352631
142872
303907
798476
851487
23839
58994
149657
439267
240346
296152
458934
241908
451218
849161
65428
363058
81787
129516
190004
531024
548909
422805
83206
806730
371652
262210
152888
196226
251540
186135
30316
583371
879524
691060
366421
806945
238756
486771
119735
918803
781803
478482
488531
574242
130099
294006
318412
906474
272811
66617
511408
422696
485214
141627
660166
152546
610054
449841
300698
545652
270164
720863
80538
219656
25115
951421
758550
379252
614278
296197
666161
679205
539031
70914
397890
49723
773445
15155
386714
306815
394209
4924
249256
112123
555005
21946
226517
9911
133040
171198
199021
515111
162698
561923
963388
511519
503303
511026
762510
286180
221809
514412
202573
397092
35441
516002
147640
126093
406075
242162
203956
722796
515024
31402
178436
587530
14243
792308
621857
209084
65382
817762
40222
110735
241491
1000010
982061
275240
44557
144199
133090
277874
945962
318964
267167
457305
609076
177640
58430
150395
63924
540902
212133
383921
233993
353437
457366
693234
310491
475777
133212
173102
16433
307455
594200
600691
383694
111796
349493
618184
568638
283371
229327
718889
31554
411860
607919
578786
650220
312435
284291
578061
440787
823835
878701
423896
106894
23335
769240
579036
131505
218864
351435
41073
143163
99655
328338
36098
20047
365704
328760
70312
853962
475908
253023
129941
227562
249511
407583
106769
114814
688837
15841
429435
950758
544079
89013
629598
922929
209524
394223
640808
371860
568082
225697
574474
299506
586494
3592
237627
340872
139956
624784
300402
13290
10340
471419
657916
373015
312653
644267
376526
419187
762
309648
852940
126166
224875
105967
493282
381250
681230
898097
54928
351778
192706
662568
974404
328107
1754
239867
70215
469051
690969
799966
213644
906943
103134
501540
888660
308684
191208
368979
196703
159320
461929
151305
684904
132558
695545
26315
112267
42198
15429
198735
496671
41999
620488
733637
499337
37491
810838
452160
121273
364693
362944
236136
426923
237673
262019
597708
762406
113816
62499
134736
738886
221272
410115
1026950
591411
424518
890936
171604
70965
587397
265959
120809
286815
358223
1006099
387340
748731
24493
14833
870229
836647
252045
659596
72683
132505
823180
250127
116487
144207
447457
418937
83753
596613
277412
699110
642147
109053
92344
201056
639459
644993
310077
40993
342564
554103
199737
541579
124927
145307
220757
921514
318431
374131
166715
215732
112788
32854
177510
148
724268
26126
283910
507018
371057
883758
163984
278736
21852
448589
227564
1056609
21534
910555
84963
343935
444761
777370
429288
56256
81492
267121
24551
416502
306891
811696
973023
585955
631368
666085
103538
52851
107160
1036094
67492
233420
447409
392432
550889
590352
606130
497650
720588
401940
395609
176199
954952
518310
111511
552431
37975
722871
124027
818619
59808
330513
243096
229937
534570
684925
24313
856736
118020
208999
227720
506455
70311
964546
651089
104792
97276
26510
886240
621777
346008
8333
30475
506195
579920
742452
286539
439354
116320
716482
387512
425939
781817
758900
328944
22229
183207
735356
169212
748452
669597
19034
59614
482492
478614
17911
462393
506672
70491
418463
375750
335564
16866
68871
30567
543616
343320
426191
376191
668235
307187
958858
276097
231788
191336
589274
113910
297505
41883
226400
52120
166457
818186
12335
760834
669041
619811
795462
63785
3003
805555
274653
75216
309321
445034
684901
231389
75031
586690
719908
280058
791546
629599
792032
113523
1085261
758278
49409
193096
628538
730549
988001
701095
914253
87231
153719
39710
697542
31644
406813
197550
251646
45762
137530
345258
914974
331128
554409
91830
535448
768041
258176
179202
470043
1095384
441883
372489
534872
179989
205447
553431
940608
340559
388834
10893
580389
45332
106644
332780
619640
240520
369007
446236
125721
161024
159578
623037
588073
128828
271534
895728
917699
77505
603405
123849
481866
550354
107761
232455
77774
856941
481102
684349
86193
846578
511230
282510
579065
183981
98896
294135
693370
239132
7286
182967
718582
722174
67632
32577
369567
240032
3044
185353
298495
535648
819757
232369
428261
650135
58682
398188
130071
429689
768999
236839
656530
547047
670474
802869
397350
793533
10885
208355
317083
168784
174387
321170
258861
1858
624248
476278
296960
579633
208721
256723
480363
598760
366805
210210
407098
1187
162733
30919
756063
437505
893258
603154
19491
56270
372271
660579
88074
507821
446374
607795
461762
209363
112335
651216
977760
601151
674458
329763
112472
168112
104618
79703
378272
242465
149918
594074
329815
230476
157374
389460
245147
611166
102923
750146
340933
782496
560590
22086
19270
450376
417312
39965
504381
1012031
326622
491206
355862
137763
178450
178354
284222
502097
357512
35968
633442
580274
697980
61644
745098
466890
243013
100700
843924
675735
279713
149561
514638
468211
180757
554220
728400
170497
642193
202430
347371
985624
773737
65045
623317
243175
892755
263132
173925
336241
648957
19141
113315
67180
381150
467659
11309
396879
203617
127933
46829
645588
129426
65554
914383
846399
181800
33431
238272
391616
80741
160917
755859
355255
649084
518203
782174
448973
286322
71608
77951
72455
103958
54624
587451
575358
189372
445714
1054251
107641
56963
56208
150238
492753
173359
212695
575068
310206
1081326
608050
62146
887989
282993
210725
1119014
996191
448622
647649
215900
83434
298727
55087
551323
164318
795338
373945
789933
234024
623733
548208
1087265
109846
78425
701114
68010
75536
934910
463191
14906
427084
198281
453761
476250
385697
211339
500324
270199
909683
839227
472837
736483
1064041
261860
1125782
596883
503916
800247
395394
313869
819715
150616
164398
402344
173010
21082
1021510
404596
285714
25443
159689
329623
1385
79053
190758
20388
586870
557212
207818
719261
716848
502813
2906
686462
66059
495521
703174
251044
917472
561825
918994
415399
572118
324455
171757
450656
21588
59775
794827
194471
959897
580053
585469
298742
32686
191869
676270
700282
12637
634097
391240
248949
575817
79460
546541
640622
216285
122020
542232
240952
698427
911082
281527
394065
12449
189170
710430
871330
1098025
190272
413569
217677
294617
564858
187107
250403
102087
10870
362215
216401
771409
92300
659349
798202
1130600
738607
448151
72476
535636
447531
454027
778626
13401
1054268
205546
237335
589362
642893
207883
649288
976026
502575
165803
236302
675708
484337
9170
82563
1003510
812293
16757
410348
201058
284156
447324
829102
814582
291762
207220
518178
95952
107206
544739
108095
191128
55854
560601
451180
66563
611666
348328
443329
629310
350026
444739
418944
687192
337589
69045
97881
168598
837955
79202
203094
379857
19086
10450
320483
104687
277562
265228
288613
480565
702596
368093
17029
66029
23813
713785
775810
722824
514015
224034
76165
287656
435065
276600
187261
180241
596251
21305
371417
308154
355701
703466
370266
579865
139179
329226
32181
433030
121301
632018
430193
714489
580640
64862
239198
889330
630426
127671
640334
427216
1080554
271273
348540
130399
523187
467057
385154
259158
289539
313204
377067
652760
394956
449384
869619
151062
718705
470272
518436
987824
674605
557819
258911
733671
575588
352607
668260
156401
197933
390115
127320
517690
639713
506595
421182
516831
300914
325971
285604
839399
353976
446645
390175
1056382
212742
420403
428929
141954
268970
35316
234759
693239
609693
612925
11207
607491
771700
252696
182727
325448
801718
285650
715615
744228
610365
317058
404983
563321
201137
370295
213962
617565
351042
260922
225085
313052
24540
30267
823412
571515
997424
717763
252915
617086
359054
421115
570196
402897
497096
170277
897963
454514
477044
66916
60383
94952
9673
820547
730806
717483
151912
219833
408032
943763
875556
138975
737292
281998
240397
551760
601482
281353
664970
485817
108539
490872
434491
180178
229891
631582
335910
126978
462633
980666
186311
240303
52202
457347
177524
52386
921857
21226
195466
1081691
166661
468482
66568
27618
440106
414550
12359
318678
578810
704887
440937
126418
175006
886037
720198
49062
139075
990996
306517
602554
186523
263113
819742
617357
335142
258937
284542
603519
128687
473445
10606
806243
68179
214233
851571
279946
605858
120112
390183
692115
222268
753268
469971
1047405
207882
501586
434198
37426
894488
883214
722079
523232
126531
976626
612715
140216
491544
218879
88638
519097
653002
425894
1078736
373082
841950
290615
951694
115286
468277
729387
918237
719483
557266
406133
90070
345976
108443
309714
496953
612748
6622
156716
62097
371358
530623
533215
512857
324974
135100
559955
110254
638298
3747
387378
146064
187147
93753
360521
943633
539513
691594
1097026
257716
651621
102884
366121
693910
475612
502434
211160
1060588
792070
444428
431156
918058
467327
10507
81723
456935
395348
145192
634356
824800
114850
361512
321946
142274
528220
21929
623944
636497
1034671
276128
231831
67111
468761
7666
499733
423470
199366
512067
499581
15340
12914
593619
438993
888821
35083
124322
461034
421948
32175
349856
264661
366553
402404
238144
623691
766731
111454
496692
215532
492836
540011
397817
942771
363854
462371
1039615
878177
568046
492791
85146
102648
450861
401663
810984
114705
470027
181406
25569
427250
58188
33927
317935
57290
494917
225719
270252
567944
14627
228408
353218
290083
529516
143894
675993
990678
442260
171356
79338
1073049
825878
316573
288747
732628
883377
431836
845698
693902
46906
430460
571469
37720
919927
730333
463323
569986
171775
56334
620049
27944
493961
969057
775297
324358
765299
824056
106940
123371
772247
70638
702461
786272
488509
10701
70653
116695
566325
503898
979336
497015
669817
239818
242092
973720
205561
172197
386027
73243
113090
216172
60681
106187
175048
307915
66277
570619
716308
59220
78493
630853
408842
253403
77513
650438
86187
55535
75889
327379
79137
687963
165172
500424
294878
558676
2059
436181
205520
94682
99708
900121
37472
636605
505667
333144
184592
160706
81718
2034
52768
850567
85625
422025
394943
454339
435698
135359
597924
297510
74116
758087
99491
356973
59030
1079297
865421
104183
387950
493815
551064
225805
518252
334228
537517
193814
277664
13599
693568
639832
436080
199692
941462
291700
422767
243981
282981
99412
506553
450607
31394
387315
291729
567843
140434
464656
277865
142712
385049
112012
144562
647294
455736
323888
398392
65456
744604
205183
260470
216889
869948
541089
463604
1062032
532727
644677
732921
186129
917906
377883
142692
215310
257358
405708
115986
172985
1092078
22149
137822
254090
281276
433479
157745
19836
878933
83419
593566
347858
167574
211117
903078
821188
125827
393387
161579
183962
246239
418112
46476
1052039
361227
563060
412809
402915
132455
548782
376659
186340
116954
16528
50940
338970
73167
37404
129234
141652
1029812
137042
308352
832027
745447
52151
602106
783733
655975
751298
403023
110843
419828
884493
659188
457152
401346
15916
125661
306330
710135
170886
338836
829859
325006
244918
494598
60765
421605
691873
794977
314737
70502
30824
76063
320908
916604
130291
362641
70046
426033
150875
67763
531015
558050
678763
200326
720932
176613
645793
562011
531039
1118003
1040372
18170
295149
311610
636333
220378
887999
95264
97844
178052
831642
324905
548575
53506
608502
497920
364485
96116
147011
51675
578701
719716
107602
253166
651903
44599
855888
147551
103358
293967
661620
467566
93638
563920
501673
818835
171768
115314
75492
350230
315475
626814
1082280
185677
135438
748379
101201
306298
239850
437493
417422
317485
7000
419077
567716
25439
240762
526632
21624
72025
210596
544435
99922
602993
497906
547646
640228
776272
8408
555156
148559
256913
478048
308818
4090
753946
11424
258484
18728
598777
6348
214861
195818
177515
399967
241646
849240
75904
585541
177873
139149
309998
734148
575242
645566
297875
181319
363309
319305
271781
110142
156207
470593
223323
526905
575486
661770
27146
724400
479465
324266
220781
161668
173631
13216
340831
332177
781115
623075
44581
874130
176895
271771
410619
699372
636220
207609
681658
519068
552470
616662
359261
372198
187882
340926
261813
373373
406543
156043
460459
590143
191859
1073571
306698
391491
130145
512107
301245
240041
294665
389180
144801
85290
9166
218381
1139038
652763
275503
41887
629639
630277
196342
328254
744637
179296
244023
778123
477101
333447
564542
306690
221980
9429
37402
444353
624410
60595
214134
742763
30268
146809
84777
198060
149882
393384
66621
73743
273561
571068
204935
707081
510916
36774
936962
38785
167706
142898
173349
196833
864962
423301
82118
179087
582786
298352
712459
165934
950770
194426
65059
638500
961897
678603
344702
71850
210025
33975
169882
129301
405956
557847
91932
721210
324270
880801
522363
349361
467077
675468
218031
195894
671530
141117
627480
306119
253028
454698
253254
880059
272652
572396
116490
522997
328773
479662
16730
174212
790385
598669
626801
10852
265358
281672
751226
216889
241729
589033
710879
358687
570671
816973
128387
250149
427616
109355
88155
132801
1076491
383431
144436
467214
585949
135835
225779
733254
400895
803127
599030
65963
174583
194725
566522
265757
886485
743638
738928
302606
252007
1085333
664234
140820
1102774
24850
499469
644079
621592
196830
887972
512808
161700
147712
69887
307781
350390
1038575
304753
157156
248507
597295
383687
1115946
91606
65143
227766
166856
9812
924731
346227
1147214
136375
48578
250902
10256
440098
308239
751618
997131
520435
512036
303919
288167
629867
287544
648086
528844
163509
646613
110686
68706
599997
411343
39750
435326
742709
19595
7777
144443
53792
131847
467146
491397
296852
442708
886122
337157
836677
756949
922589
479611
643463
49912
639173
947901
928020
735095
97564
280430
773063
793136
928299
5641
182184
728097
43854
642929
655847
66554
332835
39371
348739
201378
27659
347214
283656
1080237
601046
711863
62849
66260
385705
285908
564410
390974
565892
422908
74169
154143
492623
20852
65804
665193
575248
107860
781658
769279
101627
434174
78266
536521
342281
527720
287942
834232
610640
706356
231957
539085
58025
327915
101364
812285
469524
42843
100576
21897
223580
638140
28140
397102
477619
795150
340383
259819
42389
606922
203855
382695
372108
457937
788486
80524
21183
102576
295490
288371
13174
253588
471460
251372
77597
755311
75401
632471
356273
147206
170794
196824
50703
211091
472501
937831
86734
86254
232825
21916
719210
105839
725399
783633
748831
18398
103620
316741
366288
17558
193159
1021254
1978
229651
838345
665426
953629
3777
213767
5598
653884
346316
537574
344962
26857
1046321
471066
180233
69802
203124
408111
604543
34598
345315
140135
226852
547691
536159
799401
832797
479494
328157
159895
63634
544454
76223
869573
127887
977453
210892
16041
730936
165073
878024
151967
672734
243190
720787
292049
149927
244794
501285
513184
850350
937569
325189
83162
146928
431768
438479
557340
379471
200913
151469
700770
328185
146103
86244
170827
104029
463704
698926
39914
374400
66575
106970
984171
344563
13720
270495
1009897
251952
365979
849801
559600
267979
13771
403435
626520
520286
729197
637883
143812
99259
390510
493132
208219
309137
563775
464273
761546
92491
306793
216650
246504
828478
126978
929454
517709
536273
879996
867157
210193
571061
5301
73390
11512
115399
76233
74395
393205
385966
32889
905147
243089
271697
391946
284199
419959
215620
898282
394720
51734
305587
140216
181337
720371
116243
59570
257990
311373
741555
236215
908754
490900
464363
280678
52549
133548
165791
376448
825460
303986
774550
45533
736251
486333
356808
381946
510837
774242
148383
342029
891272
167234
453838
305405
304392
727608
203710
268247
369154
134348
209862
364303
52087
37153
481278
90145
469674
361006
177626
53466
461529
903253
610367
828590
259610
352275
564824
79567
48948
593349
735674
261264
191352
135486
910749
277830
32959
110875
480921
126579
207280
74297
70086
482412
552665
335206
256043
852052
816342
665937
18604
558532
561136
854840
356947
855699
1062
166573
354730
217149
8195
1085891
807308
410050
364877
32826
462317
846749
494917
222334
241670
239385
55609
666334
1432
789833
313739
387445
624241
175975
540441
385525
358688
765341
98664
615418
523727
55202
277736
294712
153068
165898
203198
260120
259489
653840
86187
932681
103368
544296
460176
708797
352017
607240
114967
846610
139981
111481
515655
89942
435854
340528
561195
102994
61450
72971
89652
297070
333358
711966
10957
195167
641416
195212
179556
232283
438213
383755
136040
471311
157300
358540
293564
65483
666595
563377
160945
688346
483457
106894
26612
412425
168140
53353
214609
900452
445082
325268
586451
668519
455803
548014
854725
829984
782173
406843
684218
621712
125690
945989
770381
187037
153253
291526
843296
526387
827209
864960
770244
177423
344610
119083
1016735
140807
472100
55996
615452
801851
367465
101168
520237
130520
695411
351018
10473
317513
1707
24436
494761
634321
393837
613152
10294
122281
786051
282768
21571
229490
517197
644209
73187
501820
9820
876769
399923
537124
503873
42070
170474
602629
191592
774620
296489
706533
184978
1002835
217692
364025
441553
350387
173492
568452
512152
685054
622738
423147
231951
729406
1976
592167
287755
728936
181780
684311
700824
649592
55686
33497
1057408
808671
739557
782945
411825
62450
17686
1004225
870791
440543
547250
75804
535500
54568
120996
1090454
504317
792488
481048
356163
1023901
347091
374064
24245
135818
1096561
766243
49902
56577
17035
13513
156115
862336
247069
194185
415988
94260
1155237
190514
1026824
719423
349713
600636
572551
615643
334349
944066
48174
563192
437225
128899
294840
369828
401150
123420
218543
29700
920666
302090
21778
702602
41278
526021
757968
481646
310956
219782
765049
65416
700586
464269
526854
388078
6221
52687
66502
8795
82954
350547
540420
1774
934560
136512
662435
47798
539273
396225
258465
302880
913786
60570
225230
686836
948629
108034
284592
345463
378802
559495
409219
636794
609333
694589
156173
354121
96393
737630
953748
193701
703607
636211
411714
224690
71976
774996
400422
836309
908759
519696
611944
670170
232910
472804
63062
685268
792379
558124
402288
391138
439644
58876
104729
498822
242547
436543
699022
284428
350769
171307
290701
342493
385681
955686
342270
203657
104003
240692
529231
615213
337479
835477
194201
575745
378090
210726
413703
64463
399641
341279
900731
609159
240543
760352
580123
980944
92016
23361
67520
5266
590930
356759
774161
645260
727600
209826
255108
226052
573905
247201
309533
203278
64450
404502
404765
119065
738700
254536
179406
725721
424874
969951
71522
495727
781051
773035
169581
542050
106444
235793
7896
280356
969069
845742
400028
313646
928754
366024
103074
107452
635730
829752
726692
236810
622267
277324
809457
132178
444957
500077
425130
322671
1087056
264242
1003191
235771
177852
499858
136769
225134
149401
532078
594493
143806
1099338
443731
337029
498511
459575
737090
483985
290517
250207
215059
147333
661987
152400
532992
426280
85065
619252
652924
889553
54812
883420
509235
237440
31552
291614
188602
232990
748869
156222
645532
235825
378889
122199
100573
377312
254317
224931
68279
342225
103008
571712
910283
398813
337
2056
740175
1070509
542466
174115
308562
440973
270081
290204
794660
172207
851562
814155
611355
228495
397787
87708
238519
84225
79968
651479
24795
166957
741499
22352
207535
231266
617877
454405
253799
88434
806701
975639
301398
779989
345152
174404
112608
551100
646049
495930
23632
930551
522052
70892
1005726
558283
160857
146051
245678
849941
144367
416827
623019
324441
524923
529098
4024
13200
3090
241835
199162
260306
385249
172289
856356
86113
19277
94569
349819
270650
579750
450659
421660
44216
37984
48882
211184
524561
449346
223888
849781
352368
173186
136975
764508
188309
191205
183258
648665
486511
219157
330346
948222
370028
622029
328064
656427
283075
22674
148874
66377
406056
596751
326133
391855
913892
420146
280811
133590
188116
229471
346932
563324
677875
317145
265454
276373
690456
553590
482595
580001
735058
20933
641584
643885
573387
272520
86341
17583
738951
125730
15262
1064097
751022
316233
1100349
342801
16877
334058
443600
77822
147246
510
576
315320
117002
6529
401783
353116
26142
451598
469617
470933
323028
257500
122996
543548
249613
102818
1032932
264456
208815
183821
431545
689413
458303
227002
1010396
652424
197032
63153
426703
501844
797414
280590
656186
616695
451317
206969
466643
911850
178455
844230
492666
24854
635406
225005
484430
38907
589880
601686
316148
97290
307788
204676
18676
95001
59623
20865
371605
46666
221690
369882
136230
320445
866948
760923
6465
186595
491970
49343
187757
5942
375954
425285
1020286
414474
552254
777420
907603
181512
385893
681039
189394
121439
77129
306759
353875
365036
270357
540152
646074
444360
169026
223692
635830
341385
4360
19854
196503
369280
370671
3746
132821
317782
64468
497248
61749
884053
65882
286471
212699
417909
927638
723422
263813
37115
1124059
801805
89566
797741
476881
470207
449045
29
215065
150419
138019
3002
692219
391450
992026
700598
590236
60278
92264
369799
228822
389051
232563
459915
821666
630700
591691
313721
67086
157349
163654
804050
800226
4582
39493
570471
386888
76934
296848
662968
682729
437990
274178
544920
163185
569189
457906
77866
651438
413249
72661
1057745
132755
799689
645793
199149
308795
200513
457658
33886
170114
82473
387397
939501
277713
168651
142035
96132
334018
70974
276648
65557
143120
8624
811457
214560
420994
477538
554545
431210
796745
417591
281972
204535
484706
32796
444269
284253
854411
93414
200850
36527
188726
92001
422424
284492
518687
367490
542485
114979
69365
503392
396224
826256
153214
392059
663202
140485
54857
304819
1007992
71167
503653
415714
41976
35196
75562
853963
112265
707512
97584
101293
1007633
349514
170344
785036
278848
309823
566099
342520
419061
262880
396269
78032
786101
95151
959810
459782
34151
620662
288023
504537
360672
59662
3302
197660
527306
395734
652985
408726
24323
276177
67977
341217
776964
452853
681315
824562
11725
231994
953065
127514
499870
197281
744029
72540
1094715
722699
401594
416662
10825
202865
547637
986038
280144
6152
941637
210247
135673
657189
70976
928105
735526
185062
928970
191918
665887
34223
457186
559180
419265
529366
186553
349408
238563
377470
104764
650750
260817
681307
399439
475827
662521
959467
473074
427290
205493
776684
49617
119361
702684
370486
924090
322480
584334
396080
228635
91741
16860
309041
404203
374469
45356
161792
31416
782882
180680
403526
552465
257045
878724
302059
14078
676739
438312
817964
268897
381240
295342
199465
577169
83393
631501
389087
399577
507917
82954
792849
1003052
15873
389530
561669
114294
343956
385787
716480
165023
632842
353276
419239
33583
28383
886524
396825
485667
151577
737016
165845
788214
263730
123001
161485
157529
1019116
190883
722887
110753
8275
93079
251719
587527
349769
400647
514461
362915
74309
167488
706092
66526
164963
157665
289970
239961
290010
574813
731764
223962
121188
612630
232563
178895
1047047
591876
162187
88485
450055
171885
946222
373291
261783
625869
677279
62631
575094
97674
731262
520001
846619
130555
293837
366467
658201
206007
442426
208991
145154
572283
1152519
245007
101313
141406
342263
138891
254150
553346
590911
783792
178203
51983
199684
116950
56113
803538
236622
447275
382003
599205
887831
1013017
946937
877373
744059
499167
381008
117629
563472
20957
162823
221380
714152
799762
42411
547763
357163
671427
231111
1108640
166148
670712
601682
460246
338821
279218
126994
500040
839651
466220
404519
132802
280679
530635
24462
284817
580236
532827
193103
500382
38294
179936
442935
515000
212771
436252
746769
187887
779589
703640
605549
279585
530218
810361
280852
118588
272316
65909
749455
730545
884638
630544
153855
231068
821666
262395
117589
292150
27687
298552
872569
138935
111605
74954
594795
414866
74708
699001
654868
328004
1011755
564479
24019
266184
265234
153309
158976
290687
115468
306832
33358
40128
396566
204326
245765
568161
960990
1032461
34634
54264
320451
464791
86682
589419
329597
353690
360867
217493
102518
254214
912360
266937
293953
111573
761853
547305
142880
236041
404885
258357
740387
19754
582723
72143
271691
1021428
240283
83532
85554
153440
557559
472398
425500
834174
607248
160773
37263
726745
278266
103996
640592
980774
546331
311809
751694
380169
103236
63319
198798
669712
736189
14276
212265
267572
614777
359733
562567
375651
738749
754016
903188
85099
207889
955332
121962
133602
473659
130464
64214
790713
445982
707675
297597
752612
380810
121802
925741
749334
531485
617136
12496
333448
435261
618824
156546
453083
734931
655600
153878
553933
284792
26001
137579
271699
340657
357442
52268
72029
887810
2280
620196
172902
418184
135293
392520
508798
560062
491279
62986
378202
402933
187912
772611
303683
635357
446309
239988
463363
215491
659772
910650
471902
851270
1024819
159591
469666
51171
845355
500529
547435
460576
486818
302342
136752
309627
20157
766306
44462
350590
40727
5574
552937
581672
405855
465071
136280
738909
390971
4962
83415
278894
626112
148070
300960
710234
51091
101080
92692
564334
180313
728252
223644
595102
920636
401047
52147
492629
762826
53462
883744
675574
408570
755127
805506
54672
877414
431986
224296
281289
177233
21181
593022
317691
426873
787374
161193
270809
270455
497995
845018
155010
156949
534158
903455
244815
465291
152426
378617
619135
323202
97969
506414
86935
150792
576252
113452
552423
422396
823905
696967
782078
146360
970292
415185
196683
849246
765141
854207
3596
791248
846684
374347
911881
763993
779699
18825
112531
429116
404110
88296
42974
206594
794335
17815
343020
289027
77039
80901
13478
74964
592442
155127
395407
304540
63498
221923
221319
716903
172069
180896
992960
417243
593685
56289
335441
626276
92899
119350
576467
320988
439217
558780
512727
430070
65655
623542
432507
244578
32647
113764
134145
332572
194101
211946
232611
1060068
724575
153540
662946
636019
680440
182799
618824
365050
53000
146987
1062348
1150973
835337
145796
808506
362812
421469
204335
233728
320791
524142
476764
820256
246532
111775
387871
164885
541244
587065
577714
455671
656711
257317
347653
466390
173564
56260
446794
323278
186521
83142
959704
867823
598765
654080
261050
355410
550314
172191
317716
193208
123278
514208
13029
214330
758141
202945
184702
519723
295737
42052
66583
734859
66296
477058
555973
197412
236332
797824
549887
167415
404464
194288
552813
346005
349102
818234
638653
234604
414839
229170
831308
338730
552251
307982
469266
105600
656847
937074
472687
222473
523423
372559
456710
559651
808001
18514
133861
603171
629567
283488
472508
369514
57212
319810
45122
207854
47034
6718
448232
42683
176737
116984
55814
643968
693198
97735
412742
887469
235838
359138
687905
107932
957145
154420
5490
592952
6548
187584
108265
624994
369980
272691
280088
523828
558582
892176
114683
399135
350667
675829
511005
834109
560473
382112
580112
562242
256889
828703
671405
7125
422305
389878
732105
576202
286911
695811
164322
69005
1016722
121545
77496
44573
170959
282283
765460
317269
569888
924269
249796
65989
440424
287668
445282
130395
557476
325509
728602
7537
353113
508583
492220
1077992
191565
622994
202515
497937
164127
624239
701608
178545
790225
725101
704448
93676
11077
699020
462877
35927
883007
360422
479354
121790
636590
225852
148399
122734
1004562
359805
184790
621211
310836
126488
921214
866759
345805
654581
557446
127095
38410
178416
314898
87521
823487
117017
623534
233648
167481
359638
300579
362328
640014
576157
394405
228056
321577
70614
538004
545604
520037
213345
165008
177741
265225
894429
48813
566397
317669
529651
68030
982401
261614
97150
1107693
152717
883394
370959
588824
301811
624729
1060525
788211
731667
621165
49972
119251
699112
133596
5306
406058
191960
574660
726316
227889
23456
51374
539434
141485
589009
239198
492865
209924
662477
382181
366861
372102
736365
31829
290853
400476
589640
559096
499140
128062
120363
613397
118939
1082121
562118
411845
663605
1128768
54911
794644
968952
540828
206334
199730
527811
124138
187322
268232
9328
71863
674813
557179
956763
161716
1885
528161
616687
469528
448267
1169178
4258
539641
494894
622817
248481
938716
822804
641777
383389
686116
573906
464258
545367
958110
740714
274106
353001
563251
765173
331217
830000
1053688
23013
137887
153388
480146
343480
970487
438707
336052
653756
79761
355674
701821
421545
124971
157417
627821
545839
549038
961542
1144596
934396
784767
110688
298775
249983
136913
326867
518964
192484
243351
749293
610445
135953
498486
868872
288833
367272
115919
261510
434233
566595
635363
209598
655822
19815
326796
257964
623296
145411
1004653
616254
592693
416887
762571
17435
806386
366629
37084
19966
295897
345704
45918
799657
275195
689124
892221
109274
743163
65840
374171
332726
939749
152233
24791
667632
243469
582673
325509
423218
410758
577708
686085
893087
411218
14781
109253
345287
317526
150491
21801
619298
201480
108948
764759
403300
676314
26610
140674
1055438
427969
431160
353570
289014
775327
106788
157027
781989
505644
834494
657521
67095
312287
732886
82196
113118
142210
156717
867597
734525
310294
127240
629279
430287
325071
70773
64925
352724
1111344
29858
60616
201992
221944
371391
260247
511048
285266
405650
666950
614782
225194
223650
465211
471821
85976
232284
753346
814332
859776
310148
164977
238288
38508
402353
169143
396294
408489
246255
358483
652328
238577
227175
1027959
482027
385729
333025
465219
524964
37733
203310
208180
39220
207844
106786
109689
422481
948365
156980
91095
135909
13143
753900
641356
376643
984723
786836
105731
256620
138386
4829
618513
314073
290407
938963
673420
559595
476646
875915
512821
417661
56680
175431
195373
260054
804461
447481
739738
430764
200542
153275
782780
181318
617860
196233
329167
387302
593883
189517
166204
85038
486992
468092
877166
300723
661955
1039231
517636
816816
261605
920815
462819
291345
599152
539810
345211
655580
395117
34819
571769
1065492
68037
538480
911
50657
327168
1030285
248514
400354
140052
335671
274112
108867
351760
707389
33318
738565
768563
760520
1134546
357702
394004
27596
285804
255731
561038
98368
955629
114715
1075124
572977
784578
291839
456172
199784
902091
888965
889986
43252
859723
601307
117
932473
953990
319212
379002
751870
809841
165045
239631
636416
858063
120102
62218
611774
171258
198895
23124
475225
21202
238517
682322
446026
746722
154666
604139
1065025
90272
442985
617143
60584
7124
759353
30450
419570
789147
1058666
388651
137172
582315
430030
557609
22959
279174
752645
106242
57507
201615
126107
551634
127926
130266
73595
250082
48921
319550
103607
224313
515639
240259
611641
815212
646330
418255
663684
612506
604629
248726
516979
784751
902340
889722
820906
220256
348134
70813
993380
803841
889508
634406
979157
200080
715954
85290
464407
291011
162597
284489
770478
450623
605918
148787
771832
56084
378507
1173579
673501
1005150
8235
85737
319221
393791
25377
437652
281902
833290
202216
537764
501493
250498
300112
539535
66014
241391
324392
215622
508967
856592
104027
31199
665090
258103
252756
338529
539818
820285
266268
263339
206744
5298
614967
279272
21067
302163
167432
860385
719498
186534
409694
261802
359952
106133
67931
956906
669648
769817
160852
806379
48639
90405
301770
63280
132542
463286
143564
937140
501780
411894
382789
20747
3975
55445
152252
931344
378759
341078
1108952
181717
264685
650639
787126
219908
1034661
202650
247582
10344
370917
292632
18974
223918
343003
833734
640514
232871
581697
300986
660299
125322
947699
226962
1037935
519591
88040
851663
189088
182570
452051
811794
649480
145416
125932
239032
70947
170125
9305
634329
134316
512303
836258
584642
820573
267691
356708
378310
324818
170868
159861
367811
268553
838069
780323
260054
125370
779868
676100
304592
391596
1062954
556299
115078
30804
752150
132201
166690
5344
429417
195826
287723
794999
420761
482051
130833
114526
91631
134443
918169
637021
89557
177488
470815
522089
471637
79848
64890
59669
746605
18269
323514
663842
637260
439817
146474
10488
788545
152951
253760
18271
372071
729287
1001877
625134
632118
505921
138241
133821
546379
185623
890756
192576
5694
624228
98349
445016
163895
553510
245833
244356
992777
46739
479134
376406
224262
30025
287106
266887
256242
306701
6120
646397
218898
10854
208392
92739
934015
698980
171505
301849
861147
423658
541295
1077700
713819
445195
151823
518772
364539
456318
38374
233327
97637
109105
477709
1101306
52309
499985
558856
337824
892
222213
307362
332513
343492
498167
169300
962151
332449
548718
817150
763226
310774
339069
89049
131724
569272
184185
21651
554310
550487
63402
96062
671436
119485
630663
651314
313962
242303
526363
439802
720222
1150615
451393
538816
162715
930929
4716
32971
44578
474804
810041
244242
317028
113733
538685
444816
235092
281766
871877
652682
630040
622815
680049
91293
88451
632242
131747
76949
258742
35134
189826
546875
38091
612370
441422
614513
879089
487793
40153
121949
1029351
259856
774534
465323
260252
331016
1041322
99081
167220
775067
221801
434240
480408
321585
2442
335692
293034
933786
26358
707310
54783
19796
444474
940099
434029
627242
214154
60129
676997
332515
727449
249252
811799
407734
75543
481565
110660
558230
619343
380771
258304
416860
385309
468332
296862
940738
49789
410760
133438
801346
783803
242661
516749
556868
278580
1035123
70010
43017
293292
347149
453921
764988
547352
692342
315222
531238
110323
408363
696194
242026
64
788211
713516
110962
375660
790370
127882
782425
214827
387058
364578
112164
51941
528071
264863
412473
459479
362899
194870
329542
70497
1053148
1040157
39398
192580
893598
507567
465059
531763
564970
175525
304921
1043729
189472
438303
267863
20433
178282
540376
127195
359589
35594
1041155
686525
759569
582931
2466
825038
365082
2827
249258
347482
14814
684612
267366
626592
647797
477622
364616
470250
558111
371595
590890
35926
331558
324336
219974
178599
117199
834273
970910
488190
101468
406651
466700
412401
996069
738847
836032
365266
867209
1162029
110417
67726
157175
300745
618549
733495
204637
247256
253694
796648
259731
217704
133856
26591
101058
55120
467118
275308
713493
213480
694655
346194
381192
552358
948776
86779
29974
614381
383320
84654
689626
794562
768457
800018
177098
1069318
980637
220804
99305
416692
748057
20951
55562
470808
526920
143938
40311
157075
90560
198186
446947
194438
181338
245650
550222
11267
526551
444413
390956
68531
483068
288825
185750
102613
578813
291107
557343
484125
413498
471157
554911
1059455
225063
468737
99054
711854
775525
679061
148964
792477
201923
449521
149608
446983
32801
417066
2824
679980
31032
284869
214857
1072256
241072
609273
348931
366650
915212
490268
129772
378664
208135
201469
483496
369242
354582
792488
464144
143266
216181
972596
428411
19338
545500
468094
249942
486640
199604
605488
355071
289427
671694
473576
480857
921926
261394
86966
225593
411410
958155
482992
852665
103312
34724
123056
859321
637200
762386
569237
460179
194025
386793
457381
16845
45693
382408
662577
443868
172782
332363
296186
542598
405292
613862
2754
519643
280494
190031
137639
55603
814071
755187
32934
167715
90642
688044
984705
147187
366496
745253
33924
253154
123777
307315
766200
22468
51323
532109
832076
409225
953500
65647
699958
232475
64184
57224
727531
981901
204520
414881
40086
45662
116931
1046892
403584
11506
610152
282734
366459
173789
7381
187280
32468
544756
1075783
132930
543913
296434
533469
673293
630022
109310
391276
1097144
200869
932081
81149
629460
273650
233229
287864
101856
556197
89467
41246
747121
363859
489124
788934
519708
632393
797020
223680
83550
200192
295951
134536
446964
5456
551627
453901
40082
974512
18452
638944
796023
168974
463740
33903
141355
503661
213310
334714
4643
36114
384117
507689
140247
817414
258882
365933
60352
501207
952675
867826
15444
412562
717706
179709
642625
46581
82383
212800
178529
616760
218203
333259
366274
62337
223479
960208
350601
198495
676966
621492
171081
135479
245378
297238
52157
628115
225681
763887
864265
383772
714653
332481
83751
442877
36170
441163
169554
484016
404496
200186
176843
591753
531661
908746
897119
54823
366776
282791
163663
541968
243310
842643
431353
437842
36187
40694
568044
288488
266823
184042
381069
775508
90773
570407
69987
648688
14799
686954
178477
493627
118769
408445
853292
738497
355590
628876
62285
511202
402337
436026
550083
272870
101324
734409
149859
175480
359354
226321
399709
528499
368762
201492
712760
273936
268360
241404
306065
386019
154478
31121
784809
296363
133752
629041
119396
777621
798297
439288
535964
380144
612867
128160
58669
318353
695084
627703
162366
11121
730665
762601
749928
643628
341980
455466
3392
946888
186572
41044
95402
554813
741253
271216
348294
423269
121098
358674
242675
774464
558459
412730
609473
477298
813238
405700
257541
503524
549496
389274
264642
318352
372873
436670
1008385
738765
577094
254265
204370
355051
104670
400141
977491
31453
55002
310232
291795
95769
136839
453789
12128
339711
870122
308841
998889
449011
709632
154806
488024
357725
236481
681632
590431
505635
286728
234870
231413
90387
34532
58400
840397
89365
203769
322438
243035
18515
505739
18877
163706
705296
613149
667636
65681
677127
912089
387664
394819
32
713813
454155
690382
508998
986031
89528
195382
450541
291068
114645
154128
244451
126924
397006
33136
91072
964087
195127
356523
844080
90941
305856
310424
154123
62741
558382
70200
964346
130651
478852
350379
897479
880783
334500
274025
259005
1116338
860026
529258
363553
407802
402598
402492
816800
114704
704311
568423
461143
104521
72495
990679
499697
488950
33991
1042820
580081
307047
56422
445672
469855
263556
446130
633940
976706
460179
388630
63402
10772
21950
784196
158722
311426
335185
799445
228248
170001
827687
218468
679975
334899
533623
544092
67191
657108
379221
137666
181288
253159
573243
4926
100790
434769
583335
315669
373864
187785
407107
496536
216132
201599
55320
291211
818796
669006
177543
78937
64128
435267
470296
12664
687725
688865
1179843
648137
308016
89690
672425
808647
1304
556439
35067
217500
332416
95376
171600
520519
225319
697873
771251
403443
704172
10873
40216
76625
444634
176427
303809
267789
273
985499
1130842
215497
575395
99205
906829
6483
74251
135641
417973
803577
349832
236512
42843
962275
245204
168114
965450
703457
643415
24708
95938
457504
158447
881648
565929
6968
824964
275372
501704
129205
161347
772589
159969
194998
11740
297892
392914
141144
363042
470446
500833
116265
171145
67922
103455
431469
97525
290907
394876
438731
292608
253174
57855
195603
267114
740362
364144
595727
404649
21584
126817
574880
300010
1080814
1007729
622108
97648
250812
814772
49000
354589
245066
951756
611427
604629
226896
287273
869694
900313
504011
328203
198395
116029
786563
380668
110888
59465
78720
267973
389120
642605
214496
190646
130191
875341
609697
15419
74019
382354
434082
955260
194488
50432
239712
470873
521164
179170
778332
193127
750042
575916
700000
599339
165622
148167
329450
319633
469728
35727
484396
6139
326636
14855
1141771
625934
379580
202790
776957
818869
76379
626020
719514
198992
345275
24945
144583
243783
186457
524133
631033
256587
580549
485119
297504
29345
875681
445210
205571
275727
391102
138526
175853
35251
95091
290652
443962
233385
276778
623018
296235
320077
161637
493896
195297
793344
789522
753297
72772
399065
117604
851079
767478
336063
13891
1009521
266135
379802
19862
76092
379285
353179
791931
102506
145781
522426
389593
924767
275245
681053
878555
469103
888250
285565
385298
59307
129341
37417
116235
346316
61950
812062
166482
151922
314291
73286
515940
110229
151229
469162
120061
497585
363270
557993
130721
663062
165754
1125062
42472
130700
469453
180583
351761
191963
391293
448081
389034
949208
114491
1086596
243013
364535
521559
279767
347629
498074
580231
168825
586072
303512
205414
277060
266338
336667
1133598
419039
107236
142072
123216
837936
4140
627504
142132
241542
72255
144524
13946
661996
464713
863777
370730
695300
77141
777453
669124
188447
727956
128691
4924
721302
1605
577848
466699
207667
29156
478917
254768
333568
183446
108116
110369
331175
581733
561690
371108
250970
77841
108288
346446
97582
740739
314520
348476
139295
719615
538144
844974
583077
321754
471331
593993
51818
329445
751660
263906
726170
79191
257708
869536
935529
857168
305694
435654
115495
208439
702097
507669
10209
303046
1059361
375806
320887
6445
579471
70344
201141
439259
256698
5144
416329
42549
416857
181976
232123
473927
173206
300059
51369
1064097
639259
95096
547739
701376
287340
783122
177453
39761
139653
66291
422747
538849
327660
274753
453042
830773
110744
70998
513620
263421
505423
209434
854907
189286
88598
262993
667313
8129
480160
922931
715886
372555
338825
276437
917344
541391
211643
458838
106842
778845
612843
446546
679026
226991
308888
10303
13248
164887
1114993
124165
930563
649725
71701
42629
655573
378629
750814
586758
331565
48789
40806
957790
139563
301560
58181
44087
220923
221103
163568
216559
449410
148786
977949
302768
426365
586235
449103
677243
187689
839833
738164
507841
137817
769347
75371
127247
228828
409598
179067
679116
238082
408215
47158
161783
132816
852030
889172
421673
95641
266473
94507
405709
1133201
17419
843482
118470
609449
1006003
621191
345077
354292
37687
80237
866298
214621
198092
75421
624816
118373
463890
489886
810709
201621
666172
217350
242052
20048
1071944
35588
1092263
1025297
681558
147881
242411
31491
214848
509813
726712
1010839
212789
462850
611586
1015867
459253
530179
320707
653801
227132
353462
84524
680805
344495
114736
125693
338924
113460
834093
598928
715486
315509
114958
411901
279141
222553
491320
492853
751747
510622
226814
300452
91246
613381
968833
543475
196366
652497
53468
920430
354364
91145
325313
631367
666309
485840
12928
44161
506188
253680
388151
185698
507407
464747
200625
699227
593413
247980
223203
24282
423431
254243
615635
94760
499299
163800
669936
342843
69176
91874
778536
274534
268016
356941
617931
138969
100778
68144
294582
330020
328896
655457
364867
444113
866307
653855
175187
552267
694713
9465
143021
357353
75283
141841
1136324
64850
497651
345786
767707
207674
706340
4620
1163826
58028
358489
339628
662072
556146
794577
6816
189749
106457
424174
418045
28967
957025
65544
632632
375362
112714
706975
287673
889761
562586
242210
133354
474494
1040343
465406
106085
129938
134358
59203
140828
982066
86270
153518
46237
298438
472349
33885
630341
657808
413978
475518
3917
418566
190037
579125
127946
399354
37339
433593
70966
188259
786979
1247476
90718
636190
179640
430716
9929
255653
307548
847006
353093
93879
214303
457828
273278
441694
203718
125402
1001600
71710
15146
603837
202806
122731
587995
110222
283581
524076
426183
227546
59210
50500
63513
435606
336608
1087988
71357
320624
302033
211386
801633
449344
45436
742264
264285
352706
656784
417761
721735
482541
39039
719049
644889
164735
517997
455323
305507
174109
1002988
104849
37000
158450
627461
296638
544220
362336
263416
146037
965118
988395
544801
396431
382793
215102
467346
352428
114746
80530
425452
953433
368910
682375
52162
69508
472757
858099
380950
558693
1012776
517081
597042
135
77439
1184763
1050624
721155
833215
447609
907896
5182
13912
916187
59504
357168
312315
494219
202440
608307
606987
414691
624081
31961
72278
370318
350174
247519
373741
115441
284484
299665
144010
14103
30300
428157
122938
738240
271155
569924
375704
197921
279660
508894
485986
497401
190332
822435
995870
92195
1023413
129665
859806
393849
172467
203981
218782
138566
44197
221521
406683
247547
484015
119872
14921
821206
392416
276915
422076
322187
571343
255450
1129278
896968
758188
392249
168234
442522
282170
187777
28473
1132441
458973
161805
34568
307295
22142
188405
152566
95229
22763
128854
634288
225025
4845
940536
99782
47819
315463
91451
552418
352556
241550
54823
73653
357176
88937
44839
830729
920327
325575
327749
450866
529992
443100
153225
1400
1067453
145523
606578
370703
109601
706741
872341
139971
293637
285779
36139
559040
215610
342430
244181
51161
213747
500067
144666
82628
575786
140939
530360
320309
151847
29882
536001
230830
325375
897767
283738
172616
463078
493256
600026
881565
529784
432840
829361
83981
510435
22633
240655
261378
245575
62976
469435
258635
10501
112528
138596
320541
861720
25648
1273
313550
64837
833013
138318
468265
1556
333308
26652
919758
379952
443437
979721
371806
280410
424367
156176
804712
77285
491597
453394
57593
23896
570571
830396
64721
843877
659310
76023
390876
505967
1063177
241474
229389
1174052
306414
853573
216153
580752
118204
100803
265407
350953
433216
113520
672071
80631
695541
197705
166592
1111058
23969
479911
965143
574019
749368
490615
464806
766580
466370
346857
438574
307327
63681
241891
151328
130868
543497
39694
122810
683754
90355
185126
82733
1060418
319626
862665
294818
240117
599240
753392
296852
113744
391073
501569
682254
643912
1003968
363765
451605
187566
634973
220221
185759
803543
412605
37838
124811
308947
1114807
396526
529307
672950
1087834
924872
456801
571871
699910
769914
18129
786187
357154
124863
408348
686387
194497
7668
143022
103316
736988
432674
498923
248799
432011
59389
332793
473032
730713
106300
627944
314562
1167643
452820
317273
126606
94662
165727
251823
507036
98966
218663
489353
117519
556635
111150
84903
31806
456505
613886
23154
39500
74037
431279
679505
366410
824160
171016
441121
388579
19666
65810
21480
205239
460476
924105
805509
257598
842183
720822
359367
216090
1108022
335551
86197
343422
108148
987446
808682
178701
171575
243520
821639
702079
255799
28825
37716
1208295
824531
63944
105888
947913
787074
146353
276998
289658
311199
123568
344378
551717
486867
274840
115437
581434
440225
338341
337895
94069
172825
609187
153507
863922
321142
995226
420777
61823
590747
418800
527948
274006
447621
178823
625821
210925
317160
496860
219157
487149
8886
109555
357614
449217
79850
68484
651373
59347
813004
60229
368962
732124
423336
264053
335838
355486
229549
808862
40932
172493
610095
311867
372661
994208
605694
370476
531501
339132
1061334
219679
441307
510876
97759
1037154
55247
500533
270883
67684
705928
76143
512232
99216
185492
559144
1070617
397632
825999
86909
77343
824901
569373
299197
822777
208787
64251
687305
979416
266951
123885
256969
319481
164653
634945
155784
89703
580835
1127240
352035
176072
306145
318676
694913
102543
199612
630707
378382
58853
160116
61906
289149
311717
1008295
62712
48692
268637
147423
878976
407850
469137
730347
734916
34280
5026
118065
630406
85850
756190
562641
24544
2858
69948
522111
267379
408885
448272
689401
372316
734309
405007
41660
662911
618215
273976
629909
697502
271324
618663
454651
418756
366064
29210
196613
128857
456628
26923
350409
376313
985123
323226
391783
543352
635391
130560
464821
25119
575091
108442
719607
709319
453014
265108
493131
69681
690149
651062
439701
119995
5313
323715
337799
16192
429619
288557
33365
72716
617565
450758
10653
355725
644408
1005756
149468
392083
849649
168438
610746
661322
133971
394515
348003
770193
539997
421281
540093
852257
107619
426396
284200
31282
433244
107212
473222
61040
297090
245370
510541
545950
797723
691872
333014
933025
725262
186781
540824
204019
359864
241350
613913
231340
577581
271642
222739
25955
122642
808201
72213
486820
520891
20373
669663
600782
392959
454905
641566
279330
497605
477193
289573
136678
149175
936987
118823
992997
259965
319688
1020481
244784
61720
574088
142822
457878
97754
150037
50515
501999
204778
248666
666128
252652
136726
1022622
254352
1054593
387136
411073
446416
174942
368640
114593
459753
987149
661653
515198
265990
294486
759226
209793
187884
421518
410160
491102
900879
549538
357494
125709
68474
628425
87937
196501
371447
172851
261472
374172
584161
34557
231012
409443
208669
64776
573230
46839
714214
254217
490396
56814
375115
11403
1102087
617093
152018
148171
394814
881866
155010
269768
43543
16806
486407
12771
634613
633909
339706
16352
69455
527255
713825
686654
420301
491960
92891
83818
312075
343018
32660
209292
988803
121612
31435
276146
850099
618248
316162
130460
120008
84274
811252
699904
146330
491907
323637
627607
826154
77196
451580
130898
348483
631876
150419
620589
272290
508972
340780
64849
244039
520914
443001
240204
724743
792684
819460
32683
498343
615608
321370
213280
204295
43820
416774
602816
632973
538808
1052826
256570
692544
355093
944249
135103
229217
761225
871595
552879
659247
1016957
656479
955407
436917
191569
280486
229216
693946
323966
246833
137121
228266
773082
142332
529113
175603
31565
292465
59470
329147
336191
92788
43368
639296
1038547
85223
563561
489084
354792
800858
37824
326685
260068
561835
53046
546395
584932
291512
742732
923564
14624
905364
161617
210931
499847
136046
621147
418395
168580
93358
61284
478592
617542
564371
319705
87471
102663
512778
648141
43091
306804
1086078
458656
883668
945517
53559
498806
859470
61870
942224
349008
379771
85484
884247
566467
79188
575232
243511
210253
41150
83076
658566
282462
236250
523990
907259
531557
560643
734137
115915
3117
72415
446690
239436
346167
208589
351017
130520
582915
16352
276139
496163
540253
541860
892884
682534
22855
1075889
1036844
78803
279514
76851
366566
938669
553508
827675
393145
424710
10007
297565
1163557
192582
1021014
279617
527245
741014
233615
551388
252291
380913
411499
704106
302954
528143
219842
48800
412771
611621
677276
506526
57400
47986
250438
62408
153593
705215
188472
873222
147251
542091
256776
38810
314470
471282
686073
361184
126603
77741
510333
214285
618876
404677
451924
802434
856061
165596
236966
86310
813175
795125
805298
771540
810898
517444
688746
19361
237003
310464
288285
789734
90974
378254
166367
174270
442767
83362
1168636
713665
673415
429476
983861
101213
307751
551255
349194
7375
482988
557564
82582
475754
89628
666704
200388
524541
433221
271632
29907
108772
52663
903655
624120
1045113
73482
187876
672180
257369
837787
573274
939870
92074
125111
875638
357361
1010367
884690
327698
438255
710358
517697
109384
457517
234811
72298
556525
221720
229857
249356
600808
686443
17886
31764
481143
865204
848862
61720
834084
291893
15116
495866
4559
32744
683657
339313
558157
352582
42331
14203
347864
210683
171823
830325
346492
294895
89671
477022
85970
302005
1197476
821844
31252
393011
113798
422393
1065386
172034
49372
894059
483062
562010
1061659
838414
328455
908648
394693
94168
394086
182569
403444
517857
573280
45259
249576
52054
570990
122708
334574
426574
954613
850387
738251
421699
251040
603847
134841
239142
837878
146876
820861
617196
399658
427655
240482
29462
316343
588937
233437
398541
1074530
747411
412837
159667
5660
142146
200416
292510
592970
278917
475160
14295
162149
934385
150732
684885
29423
8558
82142
324771
490134
528469
313940
611223
515938
363603
67261
293937
665560
142054
758679
111313
232722
726365
56377
612965
943078
621292
916405
1061081
378090
367105
389151
1132453
54119
481978
784526
874591
36823
349032
1117859
436434
10522
429673
136993
1005595
620633
481229
153493
238718
127585
449189
27509
56889
322544
284621
180151
103739
585325
64990
307549
465342
586345
360515
760396
406491
37964
112340
84702
635928
267666
1060153
154240
730377
991101
45593
398382
512646
83658
527631
107601
82286
944427
808146
143404
135438
212548
309536
227363
244852
249091
103106
276571
958327
442960
754246
518750
574229
573173
651074
113990
654849
548705
516042
845021
667935
394371
287353
252240
401553
118323
220227
730159
577632
294553
127468
368072
92141
530663
38973
532096
976688
328015
520073
350060
86088
116870
75809
673078
420086
151037
938561
478925
288053
768383
62564
436627
202532
671793
533734
774120
150136
931102
8868
840873
855106
51035
510983
315799
94065
355277
152506
330421
254247
711587
220745
350316
137737
141084
3583
1000645
853690
181455
303795
167720
352023
396253
692718
426271
140876
589316
526804
752309
45449
11688
471496
486389
890263
348316
86801
128386
424314
145044
119254
263365
527210
767967
917483
554160
48975
802404
731550
70826
680517
877509
649616
811791
260576
431836
198370
296695
960336
236014
224602
1053995
88424
260051
608384
380670
353580
540622
839271
682767
113950
789683
236749
624155
681148
160313
376722
848492
870683
788211
360396
797319
15506
13381
269038
324546
791508
259689
185107
150862
46240
592551
759697
192414
319179
872883
268821
728080
75329
8216
227103
27893
504828
791325
29716
79295
134881
1031508
4163
834575
135886
314956
427223
584920
64896
557349
78745
109525
247414
79591
294342
204048
230303
865407
429546
124348
67449
232552
485946
725516
162021
201064
650694
12970
62402
782013
555762
125420
300445
255356
96172
135063
903265
753587
332592
816874
100435
482643
371249
427043
35574
451459
678788
631816
5788
1041524
28561
112819
388757
55843
1036410
160746
1140824
138954
315463
187072
550604
478147
575774
56282
497611
714344
863691
216232
1074936
271218
75196
210319
598279
250159
230578
502698
380279
230005
137345
99564
868296
387289
313467
99807
719367
460769
251400
599736
323734
16808
668819
489898
178020
244961
361881
920650
51934
91332
3330
576820
191156
660186
209962
1032413
117833
191179
13593
385705
77419
1100548
1056589
319616
851108
806203
157328
48407
542120
123898
106915
291426
133689
770889
811126
544627
323898
799878
281353
63732
482399
63215
124585
54699
726923
851404
628735
567402
313820
172805
164702
375677
216908
1075322
713720
54360
61011
77360
451441
53945
154259
4338
45842
617892
804509
312618
247543
72045
395954
890823
115275
170135
931791
957428
894121
631755
351720
430506
291964
249860
695758
82130
46019
91992
745753
7539
10581
484164
39687
13349
300838
387688
365526
199397
137382
111603
189214
410458
1010414
653340
914598
177334
92555
741942
31981
249271
886816
840920
481979
40333
272610
243967
433588
256134
488011
559714
383047
20039
573139
489709
318967
259173
241413
179527
118417
321487
446263
498915
171489
203724
556570
833730
315746
483859
222437
567070
742083
1008896
626545
423588
738283
153624
894682
89056
525145
19439
467488
737374
19855
729484
715894
362592
319773
377825
134407
173033
365660
918004
855816
135427
391506
13878
558478
303913
343390
375747
873412
81939
124566
150186
272109
320657
363197
383894
262796
34527
102693
792196
600637
100440
490187
849228
1166060
384511
273474
889831
724987
120040
671639
699864
547171
667822
570872
744015
516403
19420
180568
642247
286556
145625
324850
188462
882886
362209
92722
138882
407105
939174
193969
377937
202335
669861
230230
695953
418085
789419
756740
207712
566850
164802
341365
389318
376352
193697
483251
598444
419684
54779
189525
466690
12007
220297
207141
288705
157191
37410
719410
547314
520688
513081
361048
252388
874710
756726
643797
941690
762527
890446
39717
531251
335042
155431
42993
150636
11388
844748
732044
390962
233318
1019057
322045
738062
491277
267186
1163205
20333
1135591
546056
223522
144545
112333
211128
119835
44854
585248
447737
1034514
794746
24228
393333
647841
809588
38010
480064
376661
571605
512600
275051
65816
6259
601818
66854
634548
586261
322564
782847
941656
512430
845061
897829
219699
642460
884835
400347
327934
379398
138077
165016
630220
355913
505214
190074
846879
71542
685819
763579
62460
8849
305199
620599
400400
369743
307874
194767
547394
66956
694038
456158
217959
460366
34818
310608
368765
167045
265878
275812
984126
158454
686662
67190
686261
54949
885534
911772
459987
639898
106761
194445
493081
578779
1118355
584360
374482
405059
591521
808042
638433
165386
586287
205530
36980
516125
501608
257011
890745
1135753
477854
83841
811471
1054291
2566
572995
661354
390411
234449
1073334
233368
569441
79369
465223
165164
393472
640453
1193210
14132
314159
249861
16977
862276
727574
270822
585060
91495
206833
512152
324536
554961
190071
28995
1170934
833745
386676
468416
649124
194524
318240
416668
210120
312938
297100
372441
344411
579151
664736
993459
401532
56600
269245
669162
221493
1106997
105610
1095695
285494
33519
196540
619272
466364
313185
8374
909857
681432
941301
559813
426394
478171
317351
489850
1218594
114854
139492
313291
930516
766973
30792
514218
375881
248788
345107
628226
295659
177930
358572
230990
62769
848750
15873
432274
70329
256496
203094
807982
983571
480698
131250
989783
466335
304954
170505
135470
1167495
720221
928834
1043413
197001
521384
548298
456916
183846
25124
284581
518352
1022264
80305
127194
334459
311590
271367
502861
26798
591591
641182
209528
284523
490327
14337
1087893
496542
5854
450872
437138
287320
14112
171786
829074
31077
243903
251803
764018
258177
556610
932706
143509
677623
131963
350503
738628
835387
256027
605866
148959
960093
337242
631257
196426
41859
582448
624864
983267
214984
532055
234579
202743
167080
294133
1115499
249066
181378
232590
143917
518736
337065
695155
507276
269676
91531
245183
536968
610014
970766
827186
1091301
369032
910465
805645
758584
242941
216800
505611
823074
519378
186428
504736
1047211
366093
199823
184338
193957
776684
443840
457574
163071
382043
296272
111768
88009
645110
70266
576894
117692
344631
480147
74418
413761
370801
338256
851149
234538
408551
755318
554221
916756
766441
213615
620262
259157
50575
19936
530208
194771
685976
68832
581591
652
261014
297141
403336
45386
1051148
103329
734065
297550
81752
901791
406242
274764
192996
33601
128875
493595
5092
354493
759616
639015
172416
200478
502614
6251
230334
275226
458636
533914
124479
627025
638049
239832
210925
81728
127944
219654
1009323
145133
428337
144125
530152
268850
530310
491111
585626
212942
82143
516497
168309
826239
46615
448960
191613
60708
247841
908652
690101
863152
514070
321195
222283
189620
146551
356868
1129375
368438
31236
469506
390460
209157
125238
496809
460348
1021237
65585
130826
80682
595142
460518
417747
467852
205600
86529
594643
626938
399833
236881
561122
209172
302093
674481
114354
542956
496871
456066
21885
156423
243050
608058
1000930
302058
136725
355000
351328
437001
51734
272238
235214
606481
117860
875821
382635
159091
300385
745370
625579
368919
96874
239279
134545
181074
22542
480936
73684
486879
295656
505308
175662
994875
328771
168828
173847
377253
297077
262670
435455
730507
196751
194275
67326
171642
209995
604678
13529
809638
212759
151335
48416
25452
549506
479018
968424
75035
432923
625463
314216
643517
207373
663542
303888
197045
147995
693963
248461
325055
866185
405947
268579
440611
585472
691240
705847
188507
244702
113539
643494
954500
355040
110460
233931
89174
1036625
556402
7967
190906
163394
342034
323293
742454
1065833
158536
750606
321805
83449
29574
231887
692919
320005
45505
461557
14825
297669
600910
410191
125254
225394
209472
97731
1017121
1033619
315114
694203
189354
48610
17276
384814
121662
871381
344927
750860
409304
389281
624683
388375
81116
466591
19028
135906
571868
526418
374599
562559
55694
394666
736907
712994
254858
488634
3269
159682
457314
604884
109739
186430
483821
33028
481503
648402
301620
135927
669716
912823
400297
820830
372639
211458
951879
804463
131810
247571
470180
416424
63806
949981
475820
288374
326175
84048
469286
1035667
480136
345552
59120
1125246
213779
429232
287961
266645
233114
272003
200221
163991
950295
438193
240222
222390
674859
368901
537226
92260
367562
294701
354173
785465
576716
878813
538468
553839
68488
129521
566785
87515
441102
118963
193776
104998
670515
1035948
361484
306981
749295
287025
26493
647442
26855
451080
89123
299444
424877
939173
24757
190121
24588
462567
271414
95732
275403
292230
793698
154662
790119
722023
34392
176815
701606
160455
722171
726558
329880
170404
932834
624160
52127
319598
707304
584621
306072
251612
716674
84044
925306
9048
69718
292405
145173
109264
511302
235270
935313
416165
152927
842357
330826
1110837
313601
864855
459103
684338
514887
406629
141010
378435
259448
372414
382073
232684
335932
509385
118784
667593
530105
1006495
1157615
241711
539405
482186
481937
481518
859802
431641
308124
224376
545318
152449
547934
919626
362092
445800
551806
203332
770497
179773
590185
248876
566104
551030
261972
385330
711581
683393
574525
1076260
52536
774570
187601
1133865
34092
727306
92300
166629
194783
197294
37361
250822
140288
173408
519875
297611
475004
393850
555267
373787
459751
550001
269568
197552
9829
738442
949625
374555
512358
99662
786002
2546
821060
439944
213380
106694
16136
828523
663488
79041
822653
648768
1218675
354972
371550
233413
87263
1168331
795014
104176
984818
136640
15483
72516
331935
271236
12609
357163
594440
65171
207041
839518
393182
154105
56772
248295
1134143
91196
42824
669943
74547
274297
30147
1111069
285775
652936
789147
604375
416712
306731
292221
762182
416359
91876
2069
533831
225628
148339
1178445
371190
686005
201022
484225
595403
190512
1101698
270418
43379
860462
324717
583601
732100
298371
748682
813496
60019
777660
371571
575779
186800
780084
413360
670866
489945
879718
945682
751601
19790
76394
680823
99551
638306
402080
574230
61895
629995
13100
31446
383414
63475
870784
140591
137213
457988
3429
51682
521018
795331
601010
180001
448119
656760
519588
836716
1018228
310347
160358
460577
143499
20079
310045
92463
517167
757816
1006628
618907
294311
148888
522959
278923
885616
76399
241790
114403
620948
626256
13896
554371
245590
417115
203007
145911
217556
112479
1027115
774478
221954
44599
908446
895024
124001
301230
238226
745147
298051
421839
3950
408725
170714
293876
99813
383750
966001
46419
179877
699000
127047
83146
58162
371519
927180
703488
464484
1017682
391858
721936
897617
13784
742128
419844
631426
377893
33279
237133
607790
1258202
172336
270767
317390
127325
229460
448064
454817
845221
712039
42309
382131
896829
956249
247128
531917
181259
602624
83280
923595
163135
586763
989283
438016
216027
55016
73736
538275
205926
41866
682156
75105
159095
474707
585615
465288
675861
275643
224507
162773
387463
247375
447449
462583
1036351
93610
162038
248185
428738
24873
310360
143214
497367
138514
201246
548072
223708
1065659
161398
249228
150975
748010
18479
237116
381002
108515
5193
831314
1020400
533437
475405
199553
816008
221565
50171
270565
195655
343983
122657
359843
461752
318424
299787
275856
608943
311252
145487
337605
447151
501126
128864
753474
509083
698722
733238
230435
677608
752217
660335
64706
509816
230595
9800
502495
930972
643586
101626
994107
363282
177383
762229
34508
817006
147038
761537
877632
738070
472323
164141
851599
1058
841384
257005
99758
1132119
392464
370817
901119
282508
763663
543718
544490
810471
106248
1165
43193
451023
508908
555410
502077
562356
2781
195411
788928
62625
325884
241923
673717
305500
62744
66170
465298
380996
613981
261156
380566
185757
399559
957958
1001590
531773
294093
440340
88713
255333
767893
157274
47323
883512
1040430
577817
177275
173159
399124
521734
432055
457905
47343
303298
186860
824389
42534
940398
293359
394350
464964
538691
666066
592065
809461
54861
590923
839248
655897
164380
711570
680234
157888
353722
766413
1011912
936017
592482
538876
256880
326149
611470
233069
219095
191037
498703
270677
568148
24087
107903
491847
330055
335071
219928
627143
83469
83583
53971
732357
449136
237365
1178789
19139
990681
125362
410236
112457
18864
1016418
762070
847979
811388
996490
542757
500660
254469
819970
778687
379904
155307
649134
981709
173275
787341
291314
39453
122350
196083
893309
216373
344353
482592
124882
416198
480510
600502
24130
700438
42974
710975
41594
118525
122910
131302
43924
9445
359914
163909
465981
497710
839146
569280
693256
476468
104185
523399
631704
500177
320111
521746
644096
112298
109599
317415
97881
256198
383715
744086
41286
39782
65944
681400
55796
27185
1026778
509778
77032
489793
133355
117568
181492
502329
840075
444443
572951
1053592
112958
239732
392112
1046770
225301
381288
78610
1196303
182506
207664
653017
607799
446506
688133
204787
374562
9347
850895
19781
609477
86952
159504
300950
367742
49156
724088
101573
209774
219713
854541
10373
158545
716255
793972
285300
330712
115736
285630
683422
1112568
922199
364850
147076
1025966
123888
353643
70392
70109
674037
875708
26593
446806
20684
93038
605871
921784
281831
325587
692657
79280
366487
150915
380352
61223
714546
400823
463108
702458
435517
823859
246622
1063744
297494
736009
25697
760779
938363
467089
716023
355357
862894
437005
606834
899117
242999
122324
679455
957073
105559
719415
621905
478333
109622
492832
487738
37036
171737
524805
496235
187521
686168
330425
451512
557714
1038053
275257
586996
785650
80204
23091
637840
55923
412522
491902
255373
674426
133827
493344
246228
750899
200838
173898
548986
139565
979683
14680
692723
541841
687436
1084310
759341
152210
145395
385499
343193
47527
426315
401215
282234
4568
381396
162350
446887
881331
485422
472551
309047
781360
919947
34601
32890
42334
565146
914246
45404
726630
209854
185078
389302
282566
293616
311094
219345
74557
922895
170902
426759
675033
311038
769311
998532
522954
525317
404197
380275
35435
71393
557373
185873
537063
206019
104725
1120822
6286
443668
645702
446458
361405
516009
53808
186747
126659
529303
20491
154296
560500
5689
388730
95867
442393
286227
121261
63350
298517
673661
882743
119083
862385
510722
178066
557725
1037384
537211
309343
875893
237841
750385
12715
283546
280222
121258
539133
156401
472845
546676
469235
739065
578636
31640
1185166
940921
40385
35370
491029
795849
990938
499772
304320
51016
618893
188723
642508
715484
35011
938770
976751
565204
118978
45746
174124
70913
632136
1057778
296746
325816
397323
173013
74474
953869
224455
27510
402431
149705
75605
826574
414453
448094
985783
118066
177984
456317
642686
274533
381920
184149
214680
379610
628811
372833
290805
647758
577144
59017
231159
548548
487320
403347
315682
476628
934115
225410
388424
1214571
1073941
477096
749965
462571
120619
741243
496801
297179
357396
141667
419591
1155435
222537
448716
346952
306511
176472
444793
685868
27736
1115753
449408
26421
510798
39914
236805
128482
560451
116234
20862
707136
752994
498231
58939
41695
106382
3495
241013
201381
58159
626292
168646
55281
471982
585265
643241
886654
459521
1018411
96192
498088
649365
587251
67204
40508
112697
250181
763515
342523
501848
549324
1327906
