55325
842
4335
7735
26381
28135
2127
1359
25516
19007
4052
52663
64905
37925
28396
1794
8272
46414
7574
15478
10507
62006
8368
11344
16309
58174
24614
6018
1932
34798
45444
44542
18491
4905
28124
23840
28855
5583
5770
21418
9400
15990
25648
3434
31376
27168
41242
1605
11439
8258
4940
47953
23399
35491
12501
23549
40141
50248
20420
25595
8499
36947
4014
47716
11005
44490
5531
8521
48283
3818
28808
2982
6210
24189
3585
33703
27030
17498
9112
29348
30428
47981
20773
20197
28268
31493
4858
1833
48222
63338
15935
37738
2053
13278
7401
26419
14441
53287
40286
35302
2000
22938
15526
10307
25368
16637
23790
17285
3821
17844
448
34287
19732
20639
50384
18622
27939
5801
25917
35653
59305
50094
19661
38140
12444
54042
2806
36102
10211
11949
1486
2637
47472
26845
5030
16010
22302
8468
6559
30979
38868
41992
25665
8311
45193
2819
41419
6323
5008
36514
15343
12637
15542
23307
31071
15833
43520
14321
31630
9037
12766
38104
35115
8268
36467
30751
17863
10547
12529
15264
11539
31783
21053
54887
7306
25804
54789
29474
563
38178
55674
29115
4693
64730
49632
15433
1528
57363
51942
44302
9493
32061
33419
16154
23014
9559
53015
12592
9207
28179
2561
58716
6339
3267
33874
48873
43148
36494
11678
29970
42870
55997
32541
62102
62158
8702
33222
24059
23634
49026
50634
39850
20720
37847
45001
26139
9543
67712
59401
17997
26853
64580
7819
38184
29075
18339
10112
28457
14842
30330
29983
55764
34313
1787
29220
15132
28270
5974
51482
61771
69906
34982
13560
596
47426
20992
25604
60230
30191
13599
46811
10032
19325
35418
28004
11439
57484
850
18322
11296
15997
12314
20201
37632
9638
15573
27655
9866
1279
32036
12703
13355
12338
50231
22531
8240
26726
15484
3455
11251
24517
27967
17120
6858
23795
9641
20847
66296
31656
1337
307
16755
23187
3208
28877
50839
59330
11759
16189
12584
19148
17582
32757
30912
41131
9700
35114
28983
5958
42207
28225
13932
31709
35834
45843
19757
2074
22349
25532
4127
7886
55491
10356
15769
29247
38454
8731
29379
55006
57288
14854
2466
20067
13842
19607
6321
31779
65272
9686
28659
22114
32301
6108
12533
17272
16590
16414
42398
15053
22845
1034
13618
39735
4257
3886
3385
33899
9270
35387
50432
64680
30324
15739
55503
5118
27987
13956
1040
39668
10299
9307
15423
20601
35873
60494
4431
29854
36865
9401
29120
5402
15369
39598
8888
920
36613
21304
12404
2520
10956
357
27989
10780
38641
15516
29068
25496
18563
20466
42275
40783
18749
37131
30960
19829
26192
951
23245
58905
16466
1657
24979
17864
20099
43795
13206
13766
7865
11053
787
3955
9930
4994
344
18625
58032
17289
46219
10703
17310
8946
5410
25914
17178
28362
2560
21108
30555
59502
31171
64210
5122
16457
2550
32312
39824
37449
28743
40765
21353
38087
39778
6654
17509
7653
12247
16811
39260
10848
16990
30317
6968
639
37161
39246
21184
5201
1036
38402
15262
39979
33801
13483
29905
65879
4192
30076
22768
27171
3720
15506
30491
28449
56295
26929
51057
32604
28785
61459
16795
21036
56735
50668
24156
11592
30034
33862
14212
10742
746
56348
11336
11159
35478
5168
49576
16905
9064
32412
42681
26474
9043
53751
9558
50066
4560
40652
12879
220
48990
25728
40480
35164
18684
61625
1367
27747
20009
1637
24724
17425
18498
2471
2385
46995
13329
10267
50531
26003
3412
18682
19084
11746
43054
38598
70681
22390
19851
20635
7541
14722
8374
161
11708
36426
14216
11700
34865
6840
36731
39111
49017
27414
17581
28290
59401
5682
20473
37849
32933
51470
14668
43716
37704
39332
23232
11805
17483
27589
64145
67354
40389
60791
24368
22530
1529
23786
51219
59873
34451
18583
11338
15547
6192
30359
54988
51083
20881
5695
27518
66832
23888
17778
16953
25828
10510
72294
43652
34177
9467
46960
46980
11123
5371
9338
1972
10476
24788
20674
21914
15845
7019
21660
19454
25622
39150
4685
65099
51417
22942
14482
10901
38331
20764
22418
12575
35856
6958
10721
4678
39620
10612
32875
9718
9138
3385
6353
52272
10000
22295
4308
50483
8311
32492
15081
3291
9052
9897
21310
33392
22229
35311
25022
25821
36735
5519
17285
16359
20075
12235
51253
23147
10823
39167
2119
25071
53219
22430
11841
34420
17362
13100
2597
10646
865
3696
10981
17877
13362
18191
34937
33112
15161
28835
6522
10626
27338
5901
41921
42399
23245
4143
27840
18458
12789
38313
4891
972
4645
14111
63923
6861
441
35165
11299
51311
34313
32866
3316
43395
47559
48615
20190
10494
11783
6196
17881
6112
51366
19197
26772
26158
2231
14233
31302
19012
4814
28374
40432
2726
22138
10333
10197
14326
36431
23248
32567
13531
40775
7658
22509
9285
10121
6590
37158
25588
11079
45374
31026
2862
5045
34274
29108
312
21215
21602
11796
6108
66451
43199
9683
24409
14983
46275
8788
54165
24106
19175
26349
1766
69275
7486
11654
10873
36443
10909
25503
13010
20380
18193
5082
8675
59241
38368
13623
39907
14653
9034
23525
9747
15928
37336
31380
43870
14208
1790
9346
50957
13846
3830
24298
33686
33917
15530
13841
20040
45888
38748
57705
46049
46915
16317
34618
7403
8492
42809
32553
39119
14572
63687
6849
11731
16909
28671
8467
39370
36536
26730
8827
1642
13168
243
7789
20720
20112
15936
21369
13835
5558
19210
44785
2315
11028
17759
39766
36759
32696
60259
38671
64522
8982
579
4591
9557
2456
25222
22201
54122
41793
61966
30419
35220
47767
21215
22070
56732
16588
46782
13144
15772
32677
35033
14756
37405
53147
36661
44665
27433
26230
8417
12485
44436
30295
6848
960
9795
24555
36593
958
23276
10803
4621
32213
951
34702
4889
645
8521
33551
732
322
33473
37362
5937
22913
23523
2982
29759
46264
7831
46622
7552
66747
51892
9340
10024
18187
36494
63236
8496
6771
20533
11245
14
28241
16925
24323
11399
41985
1351
45158
2091
29433
39115
19547
25263
8090
46493
23082
15756
20287
24177
18878
37813
12277
22802
48995
13179
4882
10474
9051
49926
49678
30189
34321
22611
53632
6175
35315
63788
40284
11788
68240
48917
16962
39568
18874
44466
14366
912
26008
35605
5040
3020
17913
801
36985
2416
21467
11018
28178
19013
802
42340
23676
16590
3547
8930
30864
11854
22640
20899
12763
38374
23622
12075
3828
15290
15767
35526
10405
25853
1460
5497
26379
11056
26200
46552
54936
7649
40730
40046
65913
65288
240
1360
43483
53631
4519
7626
2314
42347
57682
14068
1617
55528
65724
15883
20596
50309
27477
485
19686
15764
19788
48009
1556
22413
65580
39998
25075
28933
1639
17898
5771
24248
34492
64915
29289
6405
53030
8060
22112
11069
19079
1707
40558
2637
40100
2915
42849
8442
37068
42505
27489
32268
53529
10525
3294
38693
59981
38637
18172
2042
8205
2506
39906
8650
18893
66564
12978
26338
33404
13834
402
51977
19864
5793
33332
19490
5110
15577
22841
11140
56420
16060
26596
12105
53170
24014
30106
4609
39994
24943
60137
18490
8113
1444
53093
35930
33334
13391
2551
42227
20358
20853
62498
33191
27875
19717
6943
48230
20053
896
2627
11459
24930
3725
26094
28940
48883
47135
52427
31195
27353
36943
5870
32103
28599
43995
38902
45125
39606
51520
20725
6321
46536
19959
5304
48999
1602
10860
8482
22996
27145
9174
44496
22091
38759
21430
58261
14311
26647
2009
36970
12940
61762
32123
44851
35602
45666
248
13040
2012
2455
29117
45539
4572
66571
30929
52636
12630
33126
23465
5878
42122
8474
28222
17987
22481
33137
14925
32302
1070
14371
36679
3304
450
14086
15596
11448
20899
5401
19557
26754
29194
41445
70675
1126
14664
11425
14110
28261
64975
40352
28159
25048
16385
5227
6791
8598
46640
6264
19645
35683
17745
2403
5
46146
29067
21580
6860
55026
63336
11799
41629
38384
15034
47613
6878
4050
5867
26580
11810
24746
8145
19963
21742
5197
49771
28329
32502
18992
93
37413
22663
45181
26602
36444
18832
9907
25832
29785
10486
26647
62132
18575
29037
24033
5658
17182
36479
68359
12085
26861
45237
3184
16269
46286
7832
30817
11242
3576
57773
18338
37440
5458
42215
44352
26103
44050
37402
72935
37389
44149
69154
3736
35011
2156
62384
3884
27379
6935
5946
59812
18072
40995
30295
7502
19248
49580
24398
7074
42570
24967
31233
48620
7074
45389
63926
24134
21787
35381
7488
69810
3088
3135
5208
5967
17569
34002
29592
8033
351
5679
17888
13491
52537
55197
10972
6539
3462
24139
13072
15626
26559
23791
41714
43335
12735
37900
40260
47115
60276
14186
14782
6921
17858
10196
5580
55654
1173
6385
24001
29749
46635
9118
16205
9989
13791
25525
42204
9483
48411
35282
70812
11302
31558
5106
41654
21236
34935
22211
15202
23017
26234
10639
27746
3460
8407
47069
44058
24089
43542
49776
61894
11020
27541
21392
11454
2274
50833
6169
32453
35619
6570
34923
30250
24945
26988
2171
56344
26857
36568
50080
1860
16501
23491
54214
62267
19783
12146
14403
13408
8239
4662
46323
21839
3949
672
13474
982
25807
19970
21068
9045
60902
31631
20628
4421
13155
19831
64961
5372
11576
45673
28624
23227
33248
45678
50266
46252
7155
15946
60776
14518
42733
8348
47585
238
56560
43807
10527
7125
38429
47614
9198
63048
63883
54689
24618
6926
15677
33071
3902
2722
31688
14585
61769
37002
35982
13045
3912
2648
21638
14000
12704
38333
28791
56275
2225
15895
48840
37134
17390
49514
17630
37924
42641
8342
17252
55215
22227
10681
21187
13534
55112
13399
31424
48309
46272
6125
9187
35204
45831
5479
2092
17052
39497
7554
47869
61125
15036
1350
32089
8209
34014
12051
1947
9101
17746
45356
34443
4548
45961
30069
16149
42093
10837
10436
30
42056
30348
27152
15380
7472
7320
27724
38560
4617
32792
52848
38160
23054
66978
42548
23900
11170
20427
17842
37885
22379
19771
41023
2438
24223
20783
11638
11021
9227
26691
8251
37400
45882
16235
253
1092
53279
58664
4184
12558
21388
51591
13351
176
4543
28206
8490
35668
3382
30543
31444
23152
16185
14794
1429
8717
16104
65473
19192
14097
4222
4783
60552
9452
35955
17944
54160
4835
15990
31855
25948
37276
59458
16964
64546
30872
27212
226
4874
22504
65916
15219
40558
38655
52912
16074
61760
34987
34806
15433
25761
24149
41841
57544
4305
2446
20360
15633
48179
32615
49133
4912
23866
51888
39583
35765
19813
43257
25395
4345
43612
11741
36227
9808
22271
15857
33054
22963
10405
5312
26689
18584
6140
44694
40284
33833
27135
19665
17144
44453
50504
21511
51571
24608
14028
53884
19882
5563
7638
57543
56049
27508
24438
53850
27533
17707
39284
10527
1114
23808
48640
40935
42393
48627
23331
6495
41510
36806
19607
54512
32792
10690
39754
2087
6834
17511
15551
11833
67018
8951
17566
1909
32554
6660
7301
23694
43621
11663
52013
6525
2336
47736
51599
41875
15299
30438
16155
366
6802
6964
224
63001
25726
10752
34932
28668
31982
13712
46779
13232
37116
19587
13095
10663
41267
8480
6731
58846
11724
48266
9991
56995
6850
23460
9653
22490
14098
28398
8545
9469
4523
5679
42356
32488
2706
55041
20845
10061
27872
16980
11961
8525
43281
1312
11806
1379
42111
32428
1716
16383
39521
187
25663
52844
3522
40535
32679
18324
20431
25503
62412
29931
3724
14324
46320
46444
68598
20244
14371
47900
14857
52443
56763
18213
48081
29094
1882
17241
21085
46033
66188
2317
8903
909
21344
18843
22119
29256
7290
15909
37586
45098
151
6433
6410
28046
243
15689
1602
20320
29065
37503
5839
12805
17009
21111
44596
42606
51991
19133
7144
15291
52035
47279
9347
46828
9163
34011
10371
40459
17603
39780
37577
23631
15440
57896
11764
7098
63496
21698
56895
42157
1707
5748
26641
6562
4952
13453
46820
1018
32744
18003
50059
5368
17954
19177
9451
2194
13141
25220
24782
17098
18535
33290
33325
18809
33906
28188
8347
29501
48731
18378
45179
49545
24162
816
39267
21446
12603
7294
23117
10103
8666
9492
13349
62405
36225
10717
46308
26770
23117
14098
11791
4801
3882
25280
1071
9961
18464
9865
11759
1350
35122
38634
43206
27457
31404
14962
8337
51120
3799
2857
3840
27359
20956
42733
11602
15317
15442
59332
36708
546
29464
20
27514
32887
13369
1393
7685
49932
52984
24807
25082
9686
17190
57638
4078
37667
18157
44051
32256
36323
47897
1385
13938
136
18813
25102
372
58155
15413
3578
3882
1636
16740
12699
28758
23726
5485
2888
1418
32061
4696
22865
33828
26499
1979
50555
18018
31078
45229
8852
55035
9745
29211
43445
2131
24862
53807
8669
40143
384
1629
13460
16730
15403
19131
23771
35450
14166
7231
13085
19805
26900
6967
53204
17205
42693
48343
45655
53411
17871
63072
25222
10855
29290
52937
14770
40834
8817
47128
17263
54734
25326
26161
59235
38050
41327
54002
5053
26495
18486
7479
15895
24111
21871
9271
12758
33066
43673
3945
59891
47286
57184
24815
40080
17122
48230
23739
667
20089
41695
25615
10531
7591
46869
25578
28759
25398
20968
8025
30430
27195
62240
19488
16726
7044
14134
36566
12745
4613
27686
47847
71048
24229
7811
21744
41018
18566
9863
8232
65496
11068
17074
17980
21705
15332
39901
4594
29489
48641
51275
1585
13409
22017
21012
31683
35834
340
32487
2700
21938
35257
15275
71044
40005
66673
27089
8969
13083
29462
37597
5619
5282
24523
4181
33141
10080
1540
40881
31551
13103
39142
6058
38146
60095
51809
15680
27835
13108
53317
65637
25487
2478
61468
14342
8787
25116
36041
9119
2005
57722
14486
47641
8239
52691
16804
11926
13687
37017
35205
21347
557
69002
32701
5555
42144
11154
17052
41545
8409
37337
1623
11772
27632
57404
19589
538
21624
622
23865
53699
22406
51427
43312
32259
59548
42355
16020
44414
33739
11549
44495
17617
46663
8742
45676
24488
19751
27524
10141
55631
25513
12500
59246
5677
15183
40400
54922
28633
4323
8426
14738
207
53777
66272
7643
31721
5996
29859
30349
27051
24853
21069
8266
53116
25474
12765
13329
8700
27795
46759
22918
60164
35763
5174
51635
17554
6441
71087
25074
137
36068
16979
9741
47958
30450
34498
33353
29038
53575
14031
11644
19148
60654
37783
5288
37533
30316
27806
15165
53880
12031
21958
4589
52098
5646
57890
42095
809
67975
25192
44101
8176
421
20320
10429
114
29930
26289
30654
7201
32057
19355
68896
12706
22424
2724
11223
27573
42141
6560
23096
56019
12274
37779
18867
58253
17330
41938
11074
32575
27911
10832
8201
29193
7021
63854
55325
20982
49455
2537
3311
41660
5336
8232
1263
1016
16027
20728
25520
7933
13597
9612
24463
28868
41222
55418
9459
61978
46292
3322
28504
46564
6386
56652
61439
9117
36995
7386
21375
31451
26431
48233
30245
49903
23002
17855
13887
31143
3121
10060
837
17999
29502
4254
1560
47508
2038
3972
2133
23176
3210
6242
20723
24524
6039
27233
4271
2699
14636
29289
29220
10599
2046
27790
21693
45304
37024
65320
20737
9034
8956
39983
49534
1583
13547
22202
37098
4952
12268
37678
41928
43848
8414
56996
59613
5245
40550
25875
5394
29052
14705
34612
26729
17384
3503
10160
19329
45742
38895
16334
10175
19883
30892
19011
26780
1626
7781
46132
28810
3382
4609
47572
34226
8933
29927
59514
6140
16779
45609
10193
56233
24424
24495
55539
19413
19396
32740
26161
21512
4021
20119
46703
12919
20711
4755
60768
27220
4628
51330
33344
17240
22955
4784
8035
18729
52952
6063
14019
21411
24542
9626
17513
24937
9767
0
28051
31533
13010
45610
7416
8240
25216
38671
42415
26274
28455
23841
59292
21431
16607
6410
61828
33106
28742
24708
3886
2375
53084
24206
2439
1197
30127
2766
7218
26525
57087
31634
3777
18123
7981
26987
20875
27739
18137
50186
6828
15051
40054
11165
6422
2013
45631
56360
41844
51953
10697
25666
29153
14415
5807
16706
7219
37702
11094
57627
13153
25611
35874
21112
27452
865
21606
17737
207
5682
19323
1448
35354
42726
18206
29473
24837
8471
24641
59912
11066
39334
59007
6912
11851
24127
41861
18899
45662
20221
9896
49131
52024
18943
1555
43948
7156
7839
21320
21559
14430
20236
59993
28406
46358
40858
58239
49528
37556
33606
56984
17856
22021
21348
5657
15871
36496
10422
3578
32706
28099
9971
2970
18389
13179
3139
19017
47047
12553
27698
14590
807
4524
52407
11126
19040
56116
47417
15672
2295
37601
378
31471
16806
5028
38134
48773
6485
43460
9326
1564
25302
26724
16504
17125
15207
15322
41350
18046
19298
49235
36505
68015
53946
40337
2623
18276
21207
41581
9466
3432
840
59034
61237
4576
46430
20732
4018
46153
14355
51285
3141
59485
3079
48321
30940
11414
6760
7389
66052
8041
22824
32117
30495
29194
56806
11219
45863
35527
15471
27373
45537
30169
26982
16189
5104
26579
28579
7295
8394
15248
60911
43373
12024
5734
12447
28891
11023
30432
33087
20107
12724
39435
47338
64717
37692
4301
37089
18323
55705
47688
26774
33482
54261
12659
59170
41864
42880
15770
43144
22319
16469
29023
27872
54846
29633
27527
39172
37408
12245
55323
20224
67945
43593
694
13639
1301
8544
8535
35712
29009
37086
7910
1979
19793
38753
37298
10754
35593
7288
9256
24954
28054
10600
875
5092
7327
1376
51859
13569
43776
1398
5171
507
60341
56292
4877
38111
6972
28434
23695
18398
27738
9265
14143
3353
33565
22862
14508
4961
19470
8067
1814
8937
27775
27579
16477
35792
279
2198
30338
30639
12482
7448
26446
41082
37826
4324
8489
17134
19392
57939
4319
1723
57593
32346
18871
13413
31946
52749
7107
3303
12669
23442
22510
51095
17776
9414
7976
6358
53261
41391
48824
40726
14333
28182
53229
122
6277
19228
9776
59556
14356
44491
56761
20573
22063
9667
55489
15640
6377
153
19140
1737
22679
29395
3762
14334
5017
1801
15201
56132
22914
44765
39874
3289
10308
37953
18334
341
31166
340
23591
17677
59046
38173
40898
39058
60552
36301
14886
10211
1794
36979
3198
19087
9458
2047
7497
57841
13331
35432
34005
26105
2424
48372
30721
32374
2017
51346
27877
5616
13067
18715
13667
10456
10600
19510
25979
42577
7604
29061
13855
7688
12959
39925
11111
19101
18672
26400
3164
36348
36637
30395
38052
10865
888
44091
2294
5809
3211
26582
27896
8393
25857
18938
14189
20727
10717
1620
40664
14040
17770
18258
39305
46153
8048
65559
11763
63937
18894
17145
14296
21188
11889
5608
15489
18284
39662
17813
19793
3698
25793
13027
33343
12692
19618
24900
42977
549
33641
55684
22333
12127
34126
33457
6876
8851
12127
14428
31067
12068
18704
22715
10377
59285
1120
9829
10976
23438
12073
6489
36742
21775
32777
3390
19856
18214
10880
6900
55257
44444
6452
50630
15787
34172
20407
8298
4660
33461
13676
13412
13259
8204
8482
34302
21500
9206
37888
400
19819
24323
39533
48948
2899
13426
22418
8335
55910
47499
51935
3427
45453
4643
22720
22434
35625
16031
11297
29131
17941
32006
14027
29026
2172
15918
17224
40477
51434
2514
53416
37442
19476
30325
42588
16306
578
55054
9278
11359
56569
25751
44920
28276
35875
27519
55405
51657
25387
29602
31399
10130
17161
8960
28215
41172
34286
8273
25463
55414
53710
4283
42545
68635
47672
37648
28229
16809
25646
27332
31570
8824
56644
30451
38883
17322
34185
26327
2138
18270
11225
4492
6254
5552
44238
36073
9442
4153
17589
30425
22654
6894
1768
22896
5384
50139
19570
61907
33290
51647
62900
9819
54734
37014
2712
24439
4751
31382
27175
31970
29181
18086
11795
26038
17824
2103
11431
34279
59723
39202
5346
13078
54169
30940
18701
13794
6798
21322
24840
9670
1584
22996
58563
44440
8126
7580
18105
5959
6099
20580
54235
33453
59888
40384
54115
19476
42925
26194
70757
39720
18297
12898
30744
1979
1065
3249
48853
43320
49683
145
19283
6487
1901
34462
20346
37453
27384
10891
24552
10206
20165
44772
25054
37741
473
37681
16428
8378
2530
19844
18976
7932
9045
23272
44743
18410
13878
14547
36007
32746
204
7279
72452
9295
4699
21328
12866
2146
3597
337
54812
25222
1397
52286
44555
22230
12113
50215
9483
12319
40081
21722
10005
21579
44064
52439
60215
30200
15022
19770
22304
22827
3897
59303
31671
4034
20545
52199
17730
52492
45238
10863
7913
32665
43473
16527
22089
1295
3209
46663
34109
22423
54015
7634
30412
6071
2495
15985
41502
19378
1
23299
43547
32090
1602
45365
19204
11331
30824
37860
4264
56555
17156
3594
69334
27334
17730
27214
17247
21313
33537
19737
20822
30917
11425
18109
18031
26458
1161
1614
50197
11301
22448
13984
27916
24889
6080
14334
16274
408
12498
5437
48060
20155
5096
52745
20521
44220
30814
51252
953
47521
1931
2148
588
8751
23394
19402
10368
38887
58093
4627
15918
33505
12572
5904
15042
25982
12256
5255
62419
11425
5964
4997
33654
9060
8821
9526
7666
17422
15044
569
10693
23111
4533
15188
2843
48396
49919
40880
22943
49040
37559
2936
63617
39979
18854
40041
20023
35505
15818
4370
35447
49757
3029
29647
21057
27342
23725
34218
7697
5085
23603
382
3974
27384
4005
31306
3866
26227
43352
50914
42413
14869
55186
48390
35561
28750
25262
56322
32179
18615
1451
12692
27704
21638
34680
10328
19597
44385
6744
63410
44988
36984
22122
9306
40544
6962
56751
57198
18662
15721
44288
21266
7853
28034
41326
26147
3062
15357
54228
51705
7907
5752
45016
25327
45197
51999
36728
6365
58219
15234
39872
7648
15704
39040
44995
54955
47378
24132
49241
65577
35545
19542
25807
28285
28230
8606
42534
44142
19802
42981
5560
22471
5025
16887
56109
33877
51233
35817
24308
56495
34566
7828
30874
24980
40605
28567
9981
10232
5004
46285
35862
48777
49665
853
11143
63343
15815
540
8047
19107
1761
49367
38429
28830
57035
25050
20077
14502
49784
3401
51955
21890
7013
10712
848
14252
23280
35503
4118
22562
20711
31692
21274
4809
17029
9294
5198
23822
4977
40109
3258
44073
46040
23250
22443
32572
20838
33035
49582
66399
27974
3071
44630
31708
2251
5262
18430
11531
17207
25350
26281
3802
30775
46736
17833
18482
19944
16481
37562
12437
22274
11198
32015
18416
23817
25018
22134
4813
30678
15538
484
31349
49020
50057
7802
32998
14158
10954
43699
47637
24382
21687
7124
25559
24624
20964
18414
23947
4674
5035
66556
4706
50423
18812
40084
2292
3769
37544
25167
21281
64628
35693
12344
16492
22727
2131
4335
7409
4731
56127
12685
1934
55400
6307
62343
17123
41153
10591
33987
39410
53986
57719
6332
51651
39678
2433
7305
191
11908
22592
67223
48826
7935
45605
28849
31679
35504
6039
42190
5260
23682
53395
25390
14175
26888
23690
47525
25380
36662
50744
1647
31054
41727
2255
44972
2893
64455
55326
26687
18905
18781
24419
37994
38574
72442
56086
58589
10058
1469
43057
5287
56186
27210
35775
18278
29823
31761
22368
15268
769
2968
44987
12112
6511
43148
858
42464
1138
56133
574
43753
21473
35811
52244
2471
10118
5401
27364
28189
570
2456
52450
8981
25494
22322
56133
5338
53936
36329
53935
6325
33276
19893
28747
10011
32087
47566
1492
55713
72664
16796
23187
19828
24854
41351
10404
20989
17801
57770
10361
22477
6538
23568
12275
13202
211
15310
10669
34347
24794
18983
13178
6269
18406
30557
8859
11510
31185
16136
7680
37274
43054
31557
21150
24178
36799
42036
19678
43967
39905
23652
40853
56278
65249
36971
45753
64892
7378
2718
3184
37871
35158
827
35951
16159
44121
40386
13828
24561
43190
19115
18669
29864
48040
9449
20115
25323
4762
38396
15658
5446
12283
5157
44757
9400
2244
22083
16030
50082
44914
21340
16507
14715
1242
58357
3276
35054
19080
21281
31351
16480
13928
30103
58264
5599
26778
29671
29097
7644
666
49245
11322
29812
18693
11767
15653
33796
23723
2952
22863
25007
12011
16881
7667
31480
42504
54144
9635
4486
41561
44811
46124
2612
24186
373
46494
48611
66361
2697
11711
9619
6858
28808
4131
408
25864
31650
18465
28652
56889
15133
52317
11152
25626
16593
2464
12875
40595
19050
4871
24315
29161
33140
7074
47638
1830
31679
11393
32706
27710
58387
28058
29424
27798
16463
49906
9343
26680
10075
7454
26916
53259
61187
31039
8285
1400
3858
16997
1743
38571
27351
14555
46180
65560
39852
50752
36207
53688
20406
25486
3118
40738
40591
33540
1219
22807
13009
5873
49810
10013
37464
5621
34745
38609
16700
12031
15653
15243
50406
34583
50252
26047
5604
30887
26556
13572
679
21357
7349
27538
25087
27751
51230
17040
42210
11407
2627
7733
51587
53599
61286
25515
19546
163
2467
24799
17391
8358
19536
43729
21619
3865
38172
68311
27584
6081
11192
32793
2187
12329
29931
4170
7689
4525
50905
2746
36205
21465
29312
48504
234
37213
24661
55057
43510
31713
13279
43677
14412
42640
5279
1368
10682
4789
15670
26398
8948
5884
33697
36847
13958
27580
20698
29118
8732
15911
18657
25040
4497
27526
28538
25021
18122
3577
11432
25468
24436
31690
5399
19541
26838
31700
51827
18898
21261
28030
50889
6394
34283
52795
63864
13267
47601
47951
14492
6652
52812
2254
11165
15359
19994
7349
35698
10678
6945
41501
45294
2705
18021
10186
1396
14821
37431
320
9923
1124
3263
7629
40670
919
29753
11162
665
5812
6697
17643
37879
15757
18834
20791
29623
30855
5987
9208
18324
7217
7910
64277
21523
47555
14184
1905
47235
34826
27396
34703
35446
9650
37885
5810
2130
15710
12690
31051
41795
37043
23563
33668
20926
3945
18334
9828
51916
34153
22882
3556
44332
25887
9524
39128
36057
3237
24066
56022
16646
9646
14855
22470
49224
24988
4160
28118
35359
44072
23409
45973
34348
48003
59002
6949
53305
11684
15391
58446
27599
29764
40959
60396
604
25060
1067
4468
9157
4732
12741
32868
26692
12018
27369
35666
13762
11516
24665
10270
51217
18849
10677
12352
53934
34603
15416
6294
17344
26516
2051
44552
24171
14466
1341
7121
45443
21394
18430
7097
55047
33049
32316
933
42430
29189
15937
39713
22801
11992
34212
21315
20266
51671
15177
19730
21515
8185
35565
14672
26021
16569
32991
38182
51313
8195
30393
36270
34707
31426
12419
34309
3863
33789
67483
32694
4425
33407
9248
23578
15377
49872
47716
18337
9512
43933
3267
26936
37122
28844
35718
37380
38064
8198
24368
42076
8213
48826
12474
16490
14168
4811
12561
7523
24314
35208
69899
44117
13462
10805
11633
29614
5268
27488
30210
17407
39128
5180
15374
9406
22203
24694
5596
16203
26326
9160
11843
21179
16292
18532
30775
22411
10095
21726
6924
8548
12376
40070
7534
54747
21089
6115
35814
19763
14495
13443
3340
24704
34253
2386
11389
16099
5190
43824
21405
11434
1428
3224
25495
44626
3914
10070
47201
10558
21127
45589
21411
47730
11084
8953
9050
17698
8879
48038
1112
23459
53235
7310
40052
32899
49928
1469
29254
9311
6856
9154
38007
516
19753
4445
17833
31717
31509
20045
965
54696
12097
6210
40258
24864
4961
38897
16087
21827
14011
36126
13959
23697
11411
2516
7138
46638
12722
16601
21681
53482
36532
37437
16553
23899
22803
29311
51007
30131
10116
49932
31302
12502
9231
1367
8432
2002
33248
23860
46164
13648
2038
46441
28829
28283
19791
52524
22031
28874
36607
15924
17156
20669
11127
3751
5319
36529
40913
4284
26856
69534
32788
56686
15788
10022
1827
22751
21273
15805
4119
22871
23054
18701
22826
35228
20834
41968
4381
42857
5671
597
4462
17950
29763
2012
18110
30773
23482
59618
25881
24178
33668
21502
38890
18133
55579
16805
175
6092
1938
16500
16503
11951
62494
25225
33261
18389
20531
27172
10169
1146
9094
11057
950
24075
29226
26321
7493
24348
14570
33535
20402
14247
9599
63873
7593
21004
19438
41558
34666
710
45941
24661
19769
36284
49768
29189
8379
917
28491
22415
28998
32481
265
37342
68167
46022
5966
221
35736
18690
13159
4486
6652
4063
4830
12133
30322
2964
24042
28039
55113
20224
52846
19424
10125
11559
13434
8653
12827
55920
1335
37333
15475
31686
21055
17148
25088
1579
21006
66893
56611
18666
5111
2518
30606
12185
29446
26329
46388
22461
27929
16056
19475
3843
19411
6212
11844
17510
60924
7499
13180
50793
4105
16237
43537
5644
6294
34714
60506
52454
6494
6719
7246
13538
9505
60589
2239
26403
36818
2091
50285
53065
13546
13029
51598
26430
47119
14752
2499
6774
48727
25655
19222
35982
37021
12718
28988
33140
15913
32812
1381
37318
44890
7234
29373
15414
5642
7195
8688
32508
30921
34445
13765
10471
22235
3591
18283
43273
4671
25061
45727
33256
21818
919
33874
14006
24975
757
62973
54681
46838
34142
40381
55348
19155
15943
29113
5796
37282
36537
18688
52550
39945
7708
9622
4779
8890
51445
65062
3166
18797
11484
57532
5213
41476
25799
30926
44072
18830
65638
30656
32450
8737
37531
45995
19654
61434
12639
20429
26021
25689
53385
2384
21675
45309
22239
20434
19464
60825
28309
22683
8424
13386
49222
50607
3555
22067
31974
13365
21221
53545
30437
14591
46260
11100
6949
9205
7781
3112
4044
49685
8436
13592
69984
31813
10196
23554
284
38544
25750
13481
6951
17926
17282
36488
20832
22740
44308
27831
16409
2580
55145
19475
41448
27233
48996
6903
38438
51364
3498
20906
35146
32416
2140
17224
37124
2757
12296
2057
43840
9766
18632
7491
7575
15603
51714
3609
21926
17971
58091
2463
3067
5929
6506
11488
3562
53972
8690
11632
7371
192
41893
11204
7422
21251
1789
7387
47281
28968
950
34833
20722
20073
8879
45154
25159
7552
32443
7704
13238
20201
23702
29532
37724
9049
8085
18479
39980
29580
11677
41611
13774
3218
14248
18416
45986
51925
48997
19402
45008
30761
17793
34422
26589
17804
25824
1486
7642
34711
38593
16825
49395
10365
27221
30230
7738
26046
24807
37102
58106
11216
12905
25202
55904
25173
2207
2174
37824
53381
38372
23995
39519
33758
26825
37623
34164
17197
40751
24684
14543
47959
3336
9884
19249
2294
27406
15128
20678
18626
24256
32028
39967
8830
42545
39333
37940
17738
45397
27343
5243
18593
5105
30489
40893
8080
14064
44594
9862
25676
24318
38681
17189
23866
28658
34926
10238
10794
12653
4900
10926
3403
9999
6581
6235
28065
67426
21895
27038
31141
7376
32376
19159
11049
12607
29464
43389
21773
3996
11482
22912
48017
9530
23681
3499
49400
15351
1852
35576
43352
72478
70806
33146
17571
12978
58807
33848
10448
47527
20141
10601
18525
57426
11873
33282
43250
16993
52438
11415
791
6763
46516
1321
984
20494
16687
24674
8555
25999
6621
43340
19678
55747
12133
9390
24065
47997
42311
8795
67602
21265
11639
28372
43544
23332
40226
12645
38575
30201
48959
51711
60920
57060
1603
60554
2602
59094
7048
72154
2943
47053
9417
23699
17260
6861
19128
10710
17305
3542
45334
36017
12943
15875
34690
32411
8990
25486
15235
35889
1866
1222
4025
7982
41936
25920
966
23911
28064
12509
34468
30525
8336
7993
15747
23982
4521
30418
8509
1079
13785
67893
29990
17047
37121
36941
5435
26591
23118
46227
42129
25200
33988
22858
4290
25667
18662
54436
22599
28901
40352
1753
10945
43380
31041
25614
7885
53646
23624
10719
4519
26756
23355
473
8526
45322
2781
24621
33280
38244
31390
21625
52546
17415
4216
28374
14400
45941
8896
43671
15244
51676
48631
39362
40810
23920
22856
62759
5183
4635
30519
12443
40926
1744
12458
14552
11867
31315
61611
12213
14169
43106
11914
10459
29004
32992
30874
64958
5482
11605
19654
48447
22740
37740
10651
38031
70365
31115
4841
36399
27521
23642
50646
3294
22769
59394
41333
10736
43053
30919
46675
3400
9206
45057
16394
1567
50375
22875
52207
15079
42953
41794
9365
5899
41475
2542
8718
8174
45999
40494
20683
34647
38600
9831
46627
25353
2079
8966
13997
68426
63803
14489
2659
29656
63117
16360
19843
15600
51789
47875
60182
44998
43373
15767
40355
55521
2504
510
11931
18200
8523
709
43350
37827
29968
10292
19625
11689
17345
31799
13404
39684
23978
45104
3897
35319
2994
35111
29050
57244
10916
20213
18472
16105
10944
51314
50671
46895
31819
21117
28455
32479
3638
15985
45652
16838
997
32857
39624
27142
20447
35592
52970
36531
21901
31073
16786
32259
56430
30125
36878
48804
3827
39509
49459
32068
14352
14271
2238
1716
55209
22353
100
32595
23100
12841
25550
26112
19257
50929
27113
30452
1115
58315
14401
65928
35372
27338
52865
15593
1499
36176
16447
42456
44176
10075
16681
68436
52699
13294
28318
13913
14097
28121
5114
5409
52487
26783
8823
3595
11285
16808
2462
757
12707
54798
16944
15179
22389
16661
14592
3582
20507
21331
23708
264
14999
27226
5015
13754
5324
39797
35596
8949
32357
777
8076
5149
32603
8129
57759
15104
26172
57051
32876
40316
45532
21218
23312
6382
37359
5047
14016
65950
34666
38356
12087
454
25984
10834
20601
39012
21178
29665
16802
621
49502
22577
11915
8258
54048
30923
32571
26369
11253
67190
56268
14402
60137
47536
8345
21693
53948
54164
3439
19117
6386
22904
20126
19826
3402
41775
35494
9998
45416
41994
1614
9113
43404
57762
41437
9965
34636
15861
5565
52028
30815
14155
58049
34295
9367
9562
33983
32640
42081
53053
57954
17435
7943
376
21685
471
7756
60972
17279
46972
22568
10379
4886
8430
34724
32407
5087
6379
27284
4250
37775
3298
4828
32362
9082
18509
1902
23320
43963
24423
4681
24115
1739
44159
24058
51004
47239
2417
8847
4490
60487
27347
52259
47756
20366
13461
6095
18136
12796
41591
15821
2299
47096
132
37449
3028
37430
1510
6294
16917
33495
35396
1155
55865
15930
8505
24642
48179
8588
22759
22276
27182
10944
8223
64809
14957
65323
19481
17143
8470
20625
8163
4597
16135
61673
14417
48851
2356
5828
19930
10698
31266
38519
21450
30393
1335
49108
40672
240
3236
58223
47357
24556
11434
61325
29707
11847
24959
45639
55216
16930
14445
22174
32788
35287
3425
6148
54882
14866
48246
13903
32915
19652
2281
4547
34896
2433
4644
5621
43428
12518
2440
7966
4460
36892
58387
28688
9348
35137
46912
9391
17471
23958
57190
22443
5632
49626
13157
24751
18014
17307
7818
15238
16911
38941
53032
10326
13920
7168
4020
33068
52953
17442
15473
2609
29932
25477
6975
1139
3612
9402
16240
25512
8585
41372
56480
26653
13183
9151
18004
3500
21110
38641
44441
5665
35416
25112
21478
52905
13412
21631
22296
40291
1571
22576
6605
12697
33492
15580
19137
20518
69778
34599
69304
27821
27720
4797
28062
25761
26423
27926
51044
38031
37689
62987
25311
39568
13875
51768
16491
7776
41182
16487
48925
7309
465
22427
47479
18348
14564
28274
2688
11084
15612
4351
31267
40261
1204
2711
33365
40268
50665
26462
51199
10119
2885
35046
3567
3207
50341
51387
58845
28218
22779
27904
14388
29251
48266
5793
48641
1625
24864
16244
3819
3633
46231
55102
12335
9353
66450
51564
24395
16899
33299
8001
51005
16770
16036
22743
21107
4727
40752
31084
39320
442
10706
12005
32105
11714
19915
37880
51728
29226
58070
49392
36922
15557
23518
3230
29280
23560
36103
3415
17131
47480
48741
50461
46250
19533
1923
23869
24431
23377
5497
15477
55739
15425
33655
42483
13957
15351
18685
32477
31578
39898
57367
1952
8120
60573
31930
31959
24846
1662
19069
36202
20830
17706
3481
27084
56001
26862
14376
14820
44
32219
14406
5838
27862
12640
55917
4622
7865
7799
63598
11791
29198
56722
6988
16139
40212
11323
12120
4979
27156
13426
20002
56987
17264
22567
15498
20706
31828
50740
14484
25535
10665
53123
18225
32907
50129
28516
27080
53373
17567
61253
16251
32497
23474
16734
6414
41609
31222
5739
32967
23823
25241
15824
5831
12860
39719
17138
23629
31703
23996
53400
31852
20545
9675
1207
35150
4988
20336
44817
47174
68260
11290
21081
51068
5899
7348
27358
33808
37802
17210
36531
59279
53543
63812
19189
3601
29228
11321
16280
47984
21628
20894
17490
10254
8118
5449
3539
31161
8236
29982
34359
10498
38468
3636
10063
28530
38949
6797
19822
14966
13038
69605
45270
47738
51260
7565
2412
23507
28269
51331
19114
1862
25500
41611
24285
30486
31416
8879
18419
53779
14957
20403
21352
38556
21576
35523
18327
7097
15002
26252
30558
2391
12781
7283
44053
32572
60620
870
18740
24734
11691
61267
52818
49158
43497
38288
18777
10831
23861
36404
16937
22455
11619
7101
34906
35908
518
54566
35748
65290
10033
34301
26128
1051
34271
46683
46628
15064
28975
20021
49247
2469
13969
20491
15207
48482
17561
8282
7497
58865
8643
50287
8783
13578
51887
38250
26451
32544
27953
20559
26300
58829
25091
53384
8990
39049
21433
35195
17306
34777
37332
31935
3947
25391
16897
35965
7808
5445
51495
13525
2076
35927
27633
36361
3535
70822
15278
10595
19254
29081
29301
9560
16553
14007
18226
9044
16698
10748
38365
16770
1808
3232
6211
32695
10173
56432
53063
12577
926
30948
38001
1771
58801
55507
6337
26798
615
11173
7155
29545
4844
12277
1926
46840
14310
5828
675
19467
26656
30765
5352
20209
2538
592
42858
4564
4153
35167
28966
33885
20277
55923
44131
44545
2984
20746
8366
10474
22148
49869
21506
6392
10699
51571
9980
4759
54307
14614
45803
10584
42378
15029
21320
5139
42011
28174
14439
9492
22666
21294
42142
48478
19175
49109
45642
21342
19142
20468
50959
16581
43381
10825
9317
1838
1380
48882
1542
46325
39209
2058
15086
62964
25771
42314
14297
11921
14262
35852
11206
4249
46987
55984
12339
57037
2843
35605
35696
13160
33295
47179
62826
4193
11471
56453
1618
44458
19259
6815
9514
52119
16804
17688
24475
19192
2806
17253
40597
980
29188
24063
35544
39206
1199
30087
22226
7955
44533
27696
42594
16550
6006
61490
7868
7176
15448
5814
35210
20143
15721
3531
49703
43548
12443
29108
51944
16377
58364
18711
22279
15575
19243
8744
9956
7688
4337
11807
34140
53421
17351
33707
51546
7014
26011
18154
12553
892
58447
25180
15457
19476
18238
14532
17242
28840
21630
36388
20400
7619
17580
4042
3923
22608
9504
1797
10524
14562
55186
5561
6655
24024
7680
5754
37986
7518
45206
2251
13321
48363
19642
41794
13560
11049
19080
10930
7307
12642
34654
3124
45530
18081
750
18205
47656
34428
32445
15056
25422
11673
20980
35952
17033
24407
997
29977
51449
27563
31144
625
27589
24849
18790
38581
32850
9920
1512
6880
45914
17099
35968
4313
3104
41676
11011
45592
46228
33346
21294
12541
27608
38361
8190
48500
52709
1539
4750
23714
15152
34807
5289
50684
18153
31539
5002
12965
4773
1171
61488
32151
22333
43188
17705
30116
12878
18642
43403
25947
17468
50392
13506
17162
1467
30748
15121
47602
48284
24415
67566
17326
3135
11176
54087
109
14010
843
13883
17051
51327
11060
27033
19738
39967
29476
17157
38726
10353
30128
2425
30190
21927
30550
22783
44075
4322
15954
7716
7610
24914
33545
8302
41641
16308
54674
42055
54363
4409
53706
4433
37452
21443
45956
65384
63259
38743
16209
33892
35635
51335
18229
13757
41135
54315
28478
21845
26806
67802
9731
5960
20668
2897
7927
36869
20726
70024
24283
19110
13867
8442
20045
8053
16709
8469
4774
34767
55816
37311
36608
20247
1044
30068
1874
29376
10149
33059
19849
5649
25385
62510
4902
45674
41418
55668
2082
36859
48365
23821
21675
48542
27404
22575
12012
9569
41000
16180
5137
51378
8018
45881
700
23050
34534
35877
1631
45266
15936
55526
1935
50992
33338
14006
1461
42855
23091
17996
53121
5801
45351
22912
709
5139
60416
171
39128
31967
26982
55791
14204
26156
11934
26498
5923
4111
121
44913
19879
379
36745
10719
36044
3121
43093
54150
32022
14750
19687
14811
1670
18521
18678
15187
58225
2232
24439
53625
52459
35290
1015
31031
23155
17971
21488
4633
4437
4237
33291
31565
42313
14052
4204
27972
55263
22084
25295
485
3374
45614
62391
39565
2104
23109
40564
45233
10651
51327
16171
57398
47224
19541
40559
52906
24482
1523
1849
20390
36339
8584
21403
40601
4333
39543
11980
31360
3224
29550
37708
33810
28301
5232
27922
6564
35059
36860
23140
8507
5062
49630
16534
11207
34410
16657
32447
36041
52695
54819
3388
5012
15302
9463
5650
12258
492
55773
21896
31854
34134
43370
18032
63126
5621
795
22724
17744
46440
7259
3135
28248
66086
25296
714
33753
3266
1024
29456
26530
35127
14787
8557
22946
4915
15999
34315
893
2729
40322
28854
11231
13644
37332
5400
537
10680
29494
2382
28402
24057
11070
36760
22716
44481
19566
7579
14245
9004
41703
30592
11199
7546
3465
8768
21264
38316
4525
51798
18044
2258
43339
6974
7215
14458
26261
47653
50770
17793
5820
20775
12270
18886
3525
16901
661
12391
28944
18377
7426
54417
31977
317
37344
63001
28488
25538
15915
28143
35257
52259
23142
56097
44876
1305
26421
38796
3022
12427
19269
25555
4331
31703
4008
4149
58943
53284
16857
18217
42874
22723
12051
59940
34498
18812
42724
4530
41881
43121
61673
60251
2389
62842
27805
46240
14179
57037
6785
13080
60804
23922
6000
56819
37762
36904
5556
25988
36098
5841
20879
15174
41915
23819
46478
12438
53077
28868
7370
14836
39877
12614
36085
11592
38736
2312
8893
2831
42564
12757
33949
62766
32125
23758
57332
27802
2453
1127
32029
46775
35294
10760
4722
10588
35798
9880
9767
53991
11373
46634
23579
29719
5858
25848
30922
4784
59493
6954
30278
18201
2643
5957
2628
8881
8581
39517
7170
22029
13638
20584
11714
28470
7944
19152
25104
2773
23253
13586
1177
17382
27631
50224
5856
47902
14756
1256
15755
21152
10109
44568
7313
21691
25263
6201
58320
5672
1781
60256
4599
9255
11088
7929
4559
2465
43636
39348
34116
25730
14091
15321
58
37947
27079
14592
50426
40305
12212
44971
45955
18268
60839
10832
68521
6537
49036
7699
30855
16695
50125
16483
17784
20785
5963
3382
45024
43504
539
12030
64403
1174
23722
17044
29656
3161
3159
1155
1044
714
1925
15720
33704
20894
17915
23680
51596
46995
17455
4346
22803
21585
1910
31658
34706
39902
13227
40329
19993
7950
40806
49819
40090
13827
10742
40825
31561
31649
5935
31821
14646
52073
4527
8325
30154
8314
5320
63273
3495
33217
934
7927
35921
20949
17709
26263
31461
25399
40856
54281
39064
61953
36348
11781
5422
13398
13930
27943
11603
21028
6412
11209
14381
63035
25860
19263
42705
13568
1138
4067
17390
18798
33690
31015
8057
34811
17716
38397
25124
33545
17896
12941
24810
5737
65605
44535
27471
27126
5529
3622
5412
29543
2782
35789
38796
32052
20603
19242
15989
11450
20506
30125
54898
16694
21464
47679
40258
21463
7780
20134
39653
50252
15742
54786
2703
22347
52732
8174
14300
31717
35340
23817
24440
18123
30626
24870
24826
4584
7850
6742
55148
15625
51093
30675
1569
15306
20381
21799
3951
52383
7982
8641
5897
21537
32072
33734
40913
49652
24310
21505
13326
24967
3636
10234
62238
12835
9015
9921
5044
8593
4536
28100
20434
41047
19190
19789
49946
27108
64032
31838
14927
51917
43654
15534
7182
6427
25092
44167
15640
63786
23453
67620
29890
17517
15401
4996
2005
7153
66469
58569
24822
21995
28686
9126
36998
9919
13162
11612
57678
21070
33563
16491
13526
13672
55187
64066
31203
39529
50395
61638
8486
11667
3033
45077
8646
6550
22286
19918
4720
5793
19203
30080
23232
3320
48556
29884
19249
5138
13959
45104
22668
53965
18474
17435
21590
14331
7313
5994
25260
8204
7709
42582
28601
35159
2091
52052
57520
39592
43018
11543
11634
61988
5305
11235
7322
7558
7717
34781
12650
26966
20554
15990
17134
48075
43104
12416
22843
11954
25598
54916
41381
42075
25714
7120
30838
21762
53948
22973
12728
7266
36316
61590
5731
52969
66420
7853
24173
23999
22405
4620
24480
10933
57991
35185
54576
48401
56651
65580
56428
6492
2370
9561
2208
148
42030
6066
18405
45201
9035
7166
28080
25495
21657
13845
39187
8515
21236
3753
21771
13373
17137
6899
9828
1083
18976
3175
15591
11128
7658
19154
29157
32698
64597
24049
22639
4612
782
16007
19009
17784
24341
28616
34975
10898
12470
4393
10693
16633
37590
17406
23501
20989
47416
395
13632
2564
16421
11875
34447
7462
2829
18173
33823
44893
4236
54414
13627
25028
25229
29817
48243
6186
54294
48270
41451
60655
14539
27451
36908
13169
16
9530
370
32188
24498
21245
64213
50617
42185
26061
61417
52950
29877
41650
1780
57094
38089
12338
47809
52365
38888
47244
47758
49683
14021
27265
13755
5308
66822
8528
8107
54269
26066
38400
13376
49168
31130
10392
30608
4993
24522
18913
41454
14276
11184
7606
46358
19933
31324
2042
13150
1422
17654
6010
41130
8552
17529
47276
66449
18375
66882
52935
7700
3523
33183
36001
45526
65596
1689
18520
37897
3327
48083
29559
14741
17808
12806
34513
2597
15234
15201
16230
14320
6946
37431
3970
27793
33243
9503
16603
31416
5721
28367
6816
5767
6216
57298
22958
30748
53076
39970
59828
28232
66946
38541
6819
1260
54557
40453
22495
17446
48577
556
23934
18666
17590
14226
14821
51087
32389
41934
3771
3887
60468
1437
23152
11580
31101
43067
15374
32840
25329
21776
164
27514
55520
39785
27393
9587
6371
9083
6790
31532
5539
25789
20392
2567
47774
43790
11341
16527
31642
30404
28501
54826
27722
4486
4615
15927
49790
39693
34364
30800
26553
24862
20615
13475
29633
40088
58132
20294
21198
31347
53423
11397
39057
15478
33935
7599
31878
62610
17110
15111
31257
28590
46711
65
61326
66941
40703
2686
6284
44279
15852
3249
45276
7695
25955
25282
8969
13584
45166
18423
8792
4076
4148
25301
10367
4649
11533
11332
6681
19635
24011
35693
48208
23296
13897
50872
9590
17687
16280
7241
40296
8331
24596
41583
30249
13899
14912
43393
17732
1696
30682
24781
49449
9018
360
57710
3311
26437
27597
32494
11851
52063
28591
37713
34970
34680
17940
27169
7237
9212
25000
27098
13530
2592
155
28150
53959
30912
27176
26095
15777
21886
6699
45759
10685
58444
8155
8607
18153
28759
8532
50293
23653
16907
19067
40336
7963
3319
26196
35435
30331
18741
14434
12897
25317
53094
26963
9330
16016
16190
49516
11784
7076
25711
16605
25416
9328
31663
8456
10927
11324
15130
15054
944
54854
5704
21031
3866
35811
15511
46636
46463
35690
2210
18461
12332
16117
20139
10086
23688
37506
3988
21894
10983
2120
2984
18789
36349
13672
47819
14469
14609
33321
35465
13753
4213
2041
18762
25149
118
16746
48976
2799
2165
33985
32835
3115
51870
31187
54415
42014
5579
204
26367
16455
37763
17376
38748
27852
19879
14104
12067
46413
2053
53437
6249
44815
777
2746
59604
45908
33964
33549
42737
35184
1985
6998
25634
72385
10292
36081
11518
47698
18247
10462
17327
21579
31156
51232
20601
21654
51610
3826
35684
356
32995
28852
48848
29154
6263
21068
38473
53286
23188
55021
7297
22498
17132
26511
8270
29345
38218
38618
45409
14401
13587
31051
16996
11743
21447
39044
24007
54005
4910
15327
36898
12572
37239
50689
65410
18571
24819
16274
39377
22844
2297
47339
19521
34386
8248
41364
1656
24342
9607
15535
32310
5729
12205
27519
62669
5160
5119
20370
32368
5400
31779
16521
45502
33972
11547
10663
58877
11592
6131
23933
51021
22004
47251
36157
6266
61659
3260
17158
4136
50939
44156
11063
24381
5292
17296
1475
39017
4837
302
6774
14830
11527
26590
8860
55699
30509
621
41268
24551
11668
12770
41741
6714
39006
30217
48184
10414
15558
6367
6900
47494
11828
9510
28468
46145
33654
33711
24450
1544
15980
3504
3651
3082
10671
26653
2894
1558
32969
58495
8836
18068
51827
33626
12994
38227
38383
37422
12174
20797
41850
17344
9369
53709
36496
16992
36516
35323
33887
18734
51952
48760
57039
37738
58708
16414
12107
15672
12366
10725
41037
23239
44675
3304
25057
22139
11949
16600
2638
710
14024
28856
45776
19130
15897
23343
20704
28978
23808
8031
13898
8491
264
4081
25710
36975
26955
6327
40728
16571
16544
39829
47663
46286
6333
11731
17092
19257
21132
3467
4936
47466
32424
49809
64040
18764
15113
43983
9321
9239
17300
8410
18987
64330
64056
47804
18898
4975
26149
19426
47485
15294
2024
36728
18699
40573
32109
46225
47116
35899
44537
54157
1951
20756
48296
12142
65119
5117
37137
59401
34241
20937
16002
8089
38124
54840
22470
36360
15377
3999
444
4096
40624
8891
31219
60849
4041
22198
61219
9345
21622
8695
12455
1508
36273
20928
20428
23044
30962
8887
22542
15792
11896
7580
9827
12515
8086
48970
9902
29711
53132
8678
23933
18893
17172
47233
28325
21437
4850
31916
34421
15658
21476
19754
30064
5110
39583
50169
24094
1271
18499
13799
31419
40093
41278
63892
12838
70014
13096
54239
20652
17318
30127
40317
11228
48249
7312
5559
48163
850
9176
5805
5741
47795
10566
11562
8959
14330
44383
43561
12509
5213
40696
32549
47031
8830
63855
29385
22882
15905
54995
8901
937
32110
21307
50466
13600
421
29403
5453
32723
6236
15979
13527
47328
26772
8196
36563
57444
50648
8987
11768
28108
16121
16528
50201
57384
38099
7741
32662
10599
51717
43097
41241
8744
60684
61498
17967
42060
11028
10243
20630
24432
23286
13786
10344
31786
1164
18163
49360
1720
47280
67714
52305
16403
8050
17735
43121
2719
32517
30976
13728
37583
16633
56154
10699
3191
14422
28612
47207
5204
23341
24032
3527
38802
45483
44545
28525
30499
15616
8237
25885
24468
41371
28190
11920
2470
1976
15111
6400
26239
32318
57184
4609
4644
17556
28885
1072
3500
29628
43749
43699
34079
27353
27172
16817
2161
57982
13604
14915
1267
3753
5049
621
20723
35276
16205
44794
40606
628
34039
1842
9518
3022
30997
52293
30236
60901
43946
11821
3674
9996
39917
18299
7439
44169
31933
37787
9026
4353
20705
2168
22406
13668
8027
27270
1319
34594
24328
16528
15913
16909
1908
3492
482
38744
46786
7299
42778
12262
49886
25822
11696
40562
9820
11159
25985
2935
21875
7428
52186
28691
11751
22206
1267
7675
55643
38961
9591
67585
116
13042
40021
3675
12604
5970
8527
8207
22797
39752
69298
16361
15230
12106
8992
8249
56653
40859
17446
30914
13045
59095
14650
11499
3372
27397
61204
31158
12095
54574
8039
4457
5420
39269
8433
28642
29312
16711
2629
25658
26109
56179
10079
18488
43369
30062
42332
11331
29724
32593
39078
8299
2214
37542
11247
21251
23281
9310
29218
36963
27452
2695
28838
1057
54574
36618
12456
13052
23725
28329
44590
5139
53519
42522
14664
57459
5086
16287
39705
11038
2424
22109
10672
42341
15358
70754
7560
14529
57562
14149
16705
15627
1835
3725
4965
32320
27677
47452
53006
16232
30298
19588
2783
25602
43620
29285
41178
520
26695
36319
6634
27014
9209
37005
22096
41969
45640
16131
51414
15131
51775
50722
14722
16925
28614
17890
7785
764
24635
9848
33175
59023
2067
38017
39729
2462
30043
6724
38658
39096
10740
10905
16233
33719
50806
11642
26578
43101
4234
19511
39149
17977
41212
32147
1872
12496
15009
38730
43296
23907
51391
16839
23669
15669
53167
37721
31405
19319
35586
32326
3087
10510
32491
48418
42248
23484
29266
28639
26957
29653
15284
42213
35303
1847
36879
42838
19294
30889
7152
141
26061
27626
15354
17193
249
11628
57623
32564
26546
15649
31176
31374
35150
10064
2480
31790
3174
6831
18128
24068
19930
59088
1274
1069
21357
8697
64938
45881
39213
16427
21379
13353
18975
33765
49994
15823
22758
10797
17388
6594
23336
50721
3113
60306
35309
6005
46944
23470
10453
8733
43358
57276
35701
4412
30215
862
18822
30924
14733
12682
9153
57625
28351
26446
41105
32036
17307
3900
21459
20624
18092
6753
18962
13033
339
49817
19025
8016
13530
1334
35430
57004
8669
28410
24775
20009
146
24624
15877
40886
40389
42212
14375
10897
10271
25040
68994
42777
7716
30167
47351
51592
41240
16490
513
22316
427
3865
26391
18019
21151
18583
18605
34718
27708
45728
8633
18698
22924
27836
10298
17279
48627
40228
4193
16681
30482
59965
10689
22854
36445
5234
47120
13020
28150
36490
55222
54178
18074
35694
14552
53803
1442
2662
9700
22400
15144
23753
5827
2109
44463
11365
20812
51041
36076
16701
18863
17669
4451
13514
30217
18434
43601
50410
12292
59558
24013
16632
3853
32060
41363
987
22929
48431
9923
35367
23044
19941
5326
12835
20218
18717
969
48006
6772
291
7037
5040
3464
606
1609
21735
29699
1752
11498
23523
11859
52795
44656
17292
12050
23527
50264
23007
21030
7220
6037
21382
1653
52944
57076
25457
24581
4733
12443
2830
21038
28295
56265
1643
21004
34937
35175
12534
52546
11956
59965
8081
44915
10012
11271
41254
50929
9114
16363
26447
55937
10775
28657
14891
30533
4935
24003
2176
46106
22303
2147
6009
23519
14166
53745
15855
4376
6216
18881
45151
41236
3238
6617
5444
13813
26443
21674
34334
4754
68649
786
29090
27728
32040
43326
23429
23470
15106
9541
800
42497
13480
39934
16577
12
34024
42636
63042
20774
37459
29125
7200
11669
5125
38577
48380
31946
19284
3586
23593
33004
13573
22302
14080
26456
23145
14098
4432
20544
65477
15015
37344
26517
13136
32495
31660
35139
53127
9514
53488
31480
38683
29139
14897
25023
28591
2044
4500
31913
39111
42617
4204
29897
49452
15008
16237
8145
35418
11072
24450
40779
53538
1601
41437
61395
10308
58291
11044
50809
8200
24149
16563
39007
37161
16341
16613
9346
941
8620
49196
1407
20716
7583
68562
64634
22912
25253
19377
6605
1427
34937
28311
8624
5632
22688
19276
50188
10393
6051
45418
12970
13885
27743
42659
3536
5179
19253
3323
12440
10940
10630
36647
11723
3264
9693
19061
15122
17074
4502
35742
48565
13263
20213
11795
10460
33572
17730
15153
11315
23213
17086
47471
27309
36404
43622
5803
2781
6798
13333
32641
47488
34787
32997
51148
24172
17481
45814
9953
60043
20073
2177
16406
22573
7638
15322
16732
12469
834
54705
22457
21127
35279
6303
46531
53684
38873
26496
2111
19734
60482
26738
23223
41591
12667
49703
9769
28718
29402
8816
50174
25447
4622
26630
9747
40479
25923
15991
30179
10806
44172
23201
10921
4605
9511
7149
49144
2651
18126
29147
19809
47976
55936
57578
30181
63457
35819
16054
53886
7846
40
62528
11017
26694
43850
13048
3512
12089
35010
67618
5446
7157
17152
43486
44635
20509
19123
33879
36814
32606
3783
6342
18438
711
19426
28041
19935
27693
47586
33898
59897
13113
8490
22406
19191
15032
35509
39471
12333
23349
48716
7469
26906
10944
48586
10782
62610
12674
14048
31280
372
42968
7475
9884
1759
45095
47787
37584
13589
62770
16702
13712
22339
19023
10263
7696
48759
31279
27792
40352
1616
27996
697
2326
23741
50467
18303
44264
581
556
6084
39123
48989
20310
11600
34886
12511
15442
15023
15508
56393
464
4436
37943
25973
17345
38055
42424
6619
53896
3837
49572
10320
11729
7573
28588
31499
11016
44056
53957
10686
13183
39536
6467
3901
3673
23977
8520
21839
8778
47144
34305
46034
20891
18127
26050
52486
3953
16409
22658
1657
12286
23662
9425
13001
1060
14561
51684
27218
24613
47428
58797
29327
32761
22249
33628
18341
41297
38184
9369
28075
17812
26707
8174
17286
9276
10745
7781
31964
25487
28290
15445
32443
15823
19198
50779
240
24930
7433
51023
29592
38658
21570
23256
22964
7250
33939
675
13191
39650
9855
36997
11642
60928
4724
36435
40034
26704
39861
20069
11149
8914
18404
31986
32728
15528
58764
3197
4375
6421
43807
22394
6921
43583
43227
51606
1876
9694
15806
8639
19359
9114
62268
20960
54520
43689
37816
37704
44356
125
19277
814
20061
52564
25011
62688
13919
4261
34101
41500
10431
39542
6759
11633
7681
21080
31418
6068
38832
4959
12806
5908
32336
67403
25641
29567
2042
15972
26691
12172
11229
11950
21341
51219
29403
41336
66957
27716
45646
3417
18495
27210
31497
50429
54224
30086
53385
3058
13693
5437
86
831
14434
1300
47519
49525
32617
10470
59528
6292
32360
21272
28868
22805
54866
12379
2367
42736
653
33885
39561
11929
49583
34921
25951
8752
9549
9716
59134
5630
26925
42833
24511
15477
54723
7332
51915
57516
53702
27002
15407
6448
24738
48233
33805
32130
4048
14378
14272
26035
65747
6865
36116
59843
23279
26276
754
39066
50572
14030
54231
19071
7052
16029
532
4871
35692
31004
13087
21693
59035
10197
34264
39600
32793
33725
2164
51425
252
52169
874
18031
3302
38897
32750
31274
31128
47638
7817
44320
28957
18436
49069
50386
41259
10789
9229
904
1836
6586
57041
52379
24033
26369
12289
5487
10804
55316
34081
10797
28035
25184
9512
55340
9656
6464
40886
4574
3189
47057
19178
20914
25832
7012
1561
39065
9558
10820
2436
57647
25618
7574
3611
1920
32350
58661
25883
9923
32504
12697
50360
3179
19441
27982
6703
56454
7450
9463
55600
34887
24601
39077
10087
14120
2853
58494
4166
6214
35531
17607
19230
14899
23552
52277
34697
47487
577
33971
4495
17540
15512
32579
26644
19441
44646
12791
56474
13936
41527
14828
24605
38339
36498
53822
6241
26318
42686
3972
16023
36387
51692
19216
10549
20275
8992
17415
14827
27554
3034
39716
52307
48212
46549
7401
2509
983
46416
18097
20337
2053
47217
21006
17801
52572
16228
9797
34861
16090
2933
6034
42777
7942
52375
21587
3045
23497
9163
10510
20274
13067
15197
11651
33001
13614
6001
29337
540
47804
61117
53136
10663
51647
26161
22694
21631
697
56203
8290
66235
17983
9108
27608
24742
20755
18781
20709
457
8895
15544
3176
49119
45399
1308
1302
19281
65608
13886
38056
7560
14315
57444
8599
33281
243
49103
18426
27486
15968
40142
36442
60226
27820
3663
30700
20505
10879
30836
14748
24035
2567
31619
17223
4500
54236
19889
10522
6349
23119
66631
6577
3862
1703
51554
29263
6883
24072
15505
26366
11699
52413
46487
59437
9028
52818
35544
19038
15080
24697
10825
31610
34601
30321
15387
1766
5126
1156
30963
38976
27119
52837
51058
39553
7746
44424
14082
6208
20431
41742
48644
39026
53539
65443
3587
21569
36665
46838
16489
53800
36310
16138
12572
14731
4217
343
15174
60945
3425
2963
47822
12467
30398
1718
21464
40867
902
14049
1319
27888
36690
14267
12371
32160
14836
14418
9307
16900
14901
16910
24422
24066
3865
7831
9804
32475
35450
41424
35347
37948
28762
3060
42476
17805
18240
12811
1283
29384
4156
45170
51567
17651
45958
31657
27821
4803
14419
41953
8466
5401
3092
14263
348
32603
41180
6734
53378
7882
7083
18071
30306
22425
16327
28527
56507
22465
7514
68773
17380
28912
19427
16000
14275
52314
7553
10413
14226
37652
908
65402
30635
1578
2716
22265
4197
36287
14999
4915
9358
26260
27822
10924
16246
24264
19443
15012
14068
19911
4137
19757
29744
20568
2965
11637
8081
3564
51295
21654
33881
35731
28746
195
7299
5038
22901
32911
25654
50320
32117
6119
27718
55360
25092
40204
6875
23873
12789
2174
34599
21762
66005
36345
61068
25060
38775
56827
63749
57768
1571
13365
50571
31244
9245
11513
38107
55887
45769
7859
7850
22349
7907
3817
45434
33843
40553
5171
24345
33794
21678
46176
21147
36064
10225
33171
60272
10664
31217
58366
31730
18604
17665
1138
56832
38511
50206
5604
2731
20292
17718
7645
14515
2189
65515
13675
18212
26776
49628
2555
22321
34935
42621
21628
53679
42572
49979
4898
35477
28830
14347
17064
27714
15996
31764
16099
23361
5878
4845
1063
29853
54341
3837
27037
19740
43940
21495
14635
38137
23081
10655
42603
38099
10936
57662
24237
37543
42917
33065
28974
31936
37113
1580
12212
48500
50671
52175
8566
16098
14078
12837
24771
25599
42481
24884
25393
5742
36402
27593
57148
52967
28049
34784
46676
17464
21128
16793
29910
18250
26476
3974
43407
8893
15872
51211
237
17474
53207
42134
4854
5709
3629
3495
17709
23124
45143
19852
11700
44627
28183
2960
708
48027
33765
32930
23569
21213
1162
20623
14508
16654
1323
3816
6245
57492
133
10760
4489
27183
3274
16772
2324
30526
10131
2857
32846
2407
2543
33206
1096
11987
65428
4353
45326
2681
41958
55271
10167
17589
13727
21416
9271
38883
31035
17564
22039
26002
17853
33667
63878
20453
33019
14458
7308
5421
18834
19794
46952
66194
26446
6315
19483
44067
44908
41307
27975
18628
11208
7724
25984
15159
21795
12989
46280
16206
28263
15343
13930
10303
6338
2149
40427
14342
27495
8748
60116
9442
20404
38220
25448
48384
25386
30276
59919
5024
46851
12557
45370
37252
8994
35870
13027
40743
32938
30240
346
5472
5680
50205
36247
20455
9995
54665
5144
20284
35309
3984
2103
37110
48110
39448
158
14190
10953
24185
30766
15436
41983
40008
35422
65228
47558
18969
26905
22821
655
32493
31521
12373
21237
44661
24403
1125
20198
18065
11543
35035
3554
54945
33345
56387
10043
2896
16368
9238
32439
38263
9151
36951
83
4880
47984
23081
23295
40756
51529
18274
12737
59370
8538
29120
1319
12488
1341
40885
38841
7057
39088
14083
34955
57456
60708
68836
9349
14228
6730
46389
22708
56060
49425
11181
3145
15772
45833
51557
35876
39525
23785
15339
21936
40779
5858
35328
43147
28975
1540
27269
14610
21133
20227
3526
26139
24114
2444
26799
1972
26303
55274
9842
15262
13435
6604
42332
4288
32932
38648
53756
17086
50254
376
20037
25362
2761
25141
14380
27680
29569
26426
4149
36628
19790
28607
63648
14284
16323
35380
17072
7697
20425
507
25652
21751
2839
22151
28501
35566
26226
3256
7453
51155
64093
46083
36443
33069
6300
58495
39822
39716
8883
3160
41156
22757
55399
16300
22560
7190
33170
66434
13352
39277
9973
14736
23789
52346
9437
11777
1097
48530
22100
12674
19307
21243
27931
53354
41759
24620
21663
31071
16793
6364
44510
44536
30974
1203
17246
19569
1023
33061
10027
3212
27589
17405
15859
19358
45231
4754
59778
38800
19567
16035
19411
26598
54573
7771
6953
11660
52520
18501
11651
29182
33877
46850
16665
49548
23510
25200
25965
6756
15429
18898
19780
1133
5191
37682
26420
15732
16248
2821
12105
33183
3193
65971
20005
1079
8204
27650
36415
20622
11396
2283
47661
33223
45327
36044
56492
26641
16324
43731
11727
11540
24177
35158
2632
46723
10473
7908
36657
2450
30335
45782
497
50986
19671
30279
3368
69959
55113
11510
55647
30783
6217
28490
26542
5637
53542
18218
42343
21009
26897
37435
9960
24562
3663
25224
24689
18693
46107
49272
42337
39967
5530
30680
15231
24414
56698
37018
16127
1782
7104
9985
22900
11125
23624
20497
20565
31249
50219
4919
18712
1306
26300
30525
41956
27282
7107
50938
8535
16719
27759
67558
6001
33174
6284
35407
42574
27800
3776
2587
40279
23344
57065
7488
27821
1306
52976
32328
50615
4440
15666
37073
6470
16598
2749
65419
15787
28754
52432
4632
13615
51532
67953
29039
61559
66303
25326
55829
51762
29130
2627
16960
7128
13406
7937
3418
4894
17282
33416
22302
15646
18052
37747
18801
7700
19896
52731
55247
56379
42338
41350
14647
20035
29430
23470
14277
1674
14460
23700
40635
38587
3131
38588
3637
45534
7268
21775
6446
29388
21319
11949
8651
49992
734
4738
6759
3968
68169
5528
11754
14336
18417
26773
2338
51998
20813
17886
1912
7884
8808
38471
18863
16185
18460
17119
12216
8029
5810
22465
11675
31554
15780
32512
38850
48176
41543
3839
12271
12834
5936
13514
19281
29142
22764
27417
39169
32635
12834
24078
49376
13357
24328
16776
69215
39830
36683
25538
9171
6524
30275
10677
53057
36918
19958
13198
9513
25911
32562
54346
34660
17288
47287
4087
18960
34344
7362
5468
25314
9950
16980
52219
36250
8517
16824
30818
15570
47145
5264
35772
3033
17664
43993
34414
7461
11289
2611
30225
6939
2805
18258
15181
47055
15938
31369
1156
48824
62574
12267
28355
41663
20182
48350
41481
38271
8305
12894
44434
23410
40654
58717
53546
58584
30213
13873
23095
18674
46995
21610
2465
17480
29418
48733
960
36774
63370
3457
17562
1497
58137
11464
29595
46448
51978
496
51652
42717
4629
7331
54129
9812
24193
31473
26536
13398
12545
29283
27226
33536
62114
12688
18124
20452
11093
33373
21345
20281
34422
6780
19149
27589
7220
27545
36787
36733
13380
45091
41245
2956
11087
16514
21145
2806
9816
20876
20122
11052
20426
9705
37366
48289
3174
58921
6772
42484
41648
7824
29043
21687
41439
38091
11088
32745
38011
30983
1832
50811
3837
21577
16225
25141
5369
3726
5837
8315
440
48095
49477
12892
14484
6002
2932
29985
10783
43704
52674
42789
21786
48
37130
8791
790
12502
52848
984
211
18358
11881
35818
30366
18278
27974
637
36632
48093
48150
26521
44006
37225
27293
19141
6172
43058
6982
25153
14116
50888
32602
25859
16052
13248
33911
25072
2550
11212
4299
49363
32007
66259
192
30748
6321
10761
1414
41411
51582
38365
20869
12789
37978
30255
64030
19628
1384
27371
60653
37848
4690
11504
34785
17240
30334
35314
21844
7328
26625
13861
30924
16640
51502
51235
61224
13289
14125
40355
29260
6798
49751
36143
39679
12100
35490
34438
29367
6727
18878
17174
13104
59615
20794
836
23661
29273
487
1268
6351
7137
54190
6762
6903
2117
17082
36882
38559
60790
24373
5791
6298
41694
14150
34343
10135
2434
16435
31161
42983
1385
18570
20849
24861
24812
8718
2925
13708
2427
60988
10109
22961
17787
8506
28878
11661
34860
34696
7595
5024
39153
13993
21296
19721
5602
48074
8389
11405
14011
10987
14353
38885
42808
36019
69805
2095
29995
25235
62382
25878
18564
47962
61891
57371
50462
35673
15716
4078
30008
6813
18161
17233
11715
38403
55184
41819
43439
47713
19025
8754
8273
48970
51789
47576
39686
12403
9219
28599
31145
10268
24119
44393
63338
37275
19120
25525
15295
31850
3278
33664
22947
6730
61633
2577
42673
39456
19907
35497
8558
3819
24688
9537
44649
34662
4709
59433
22783
57879
12795
39742
3381
38008
16255
8135
14247
50714
8264
30847
21449
39776
52574
5612
56222
18347
42715
17812
46635
9779
24359
66171
8639
7000
16972
30794
774
2195
13708
37985
2943
1770
31239
12825
59754
6689
14489
42441
3546
31852
54579
54303
1359
12857
21488
4401
12764
11144
59723
278
40550
19465
26167
15064
5590
13841
24526
14848
23535
20906
55762
30458
26597
18301
182
20598
21526
43846
281
21764
29673
15312
48500
49483
44813
18480
28841
31744
9154
38703
30506
56679
8359
20
39021
10117
27100
24259
1732
57340
13795
32749
45036
27088
45383
35934
37950
22918
19996
30595
10370
61555
5346
26555
14030
24688
19036
30915
10571
22335
17976
21216
2635
35923
21356
4897
15795
5073
20866
36576
47095
43066
4744
26193
35698
39418
12199
35990
22151
26821
46523
1270
16359
273
12991
6101
13201
15829
51362
29863
42263
18486
60307
2976
52597
736
39275
24407
35394
30917
10188
8894
14193
43520
38841
46780
60307
4997
28311
11105
6877
4227
16259
23093
39539
1833
2112
33351
31746
18356
18493
28793
16068
10819
20047
18675
9843
22967
2746
22302
27184
5899
8813
39548
15428
47631
5700
32976
41003
31216
43648
39285
28
20757
37518
6469
39442
7458
10742
21948
22180
43966
29647
20467
9957
25975
26950
16046
3952
18954
5615
53093
10594
57113
41834
46216
19782
16258
13196
7011
21141
28720
58830
32698
20602
32412
48777
3634
35181
37946
255
23324
38105
4283
8841
27661
19093
58795
51200
6885
17498
43
8665
55600
55764
4711
13019
5695
5510
15973
9174
5345
4571
27195
20300
17574
16691
35991
12009
4733
3394
4340
34221
63351
25604
25341
16673
29572
24291
9259
4898
44443
7279
38415
30043
24255
27880
6452
34066
6034
7938
16197
27114
4099
36773
33372
62835
36107
7552
29119
15891
34888
8111
44843
11863
15764
43675
12096
3228
19457
37367
43797
27219
47328
1107
20091
4388
4770
47720
36269
12609
32548
32235
8267
1447
67049
4170
36485
11437
46905
28633
15993
39340
13033
44931
46248
9698
9569
22858
30646
32142
34845
20377
35281
45090
8150
21573
2334
27752
4305
35903
2426
1361
18548
13800
22373
14912
10912
65437
32074
37555
27016
37883
6641
22694
19299
4962
24311
53542
5624
18995
23404
49423
44839
62372
66746
49679
46176
12208
10178
22527
25738
43100
13896
14419
1277
21525
63062
5413
31253
51785
21861
56427
30579
26648
7334
66435
21154
48062
34213
57015
43363
16066
3596
27652
10021
57064
15224
26045
8117
58357
10093
11937
20343
10192
14383
50064
15459
40750
17641
19900
20652
35838
33574
5717
21837
53253
46775
6240
39272
7270
50780
28443
67700
20299
8285
729
34194
43551
31082
19255
3445
2416
56249
10545
62784
30850
3610
870
1886
49786
11686
19138
13726
35779
472
48526
9048
38385
32022
23529
9658
37396
4080
38224
5351
42449
11927
34988
52179
1376
13359
5044
14897
6538
22621
5195
12296
31480
39965
40626
11760
8932
15012
56879
29995
18984
8880
25319
41891
13673
46396
45952
47267
24466
34558
43308
2317
25276
25944
17233
15871
8260
35692
34702
31845
2295
26180
1957
118
5225
6500
64332
43727
54467
16741
877
8114
14610
21352
25958
30887
40786
10087
50168
27078
18937
28765
54533
57025
20770
28056
33060
32513
42862
1904
28323
37067
3320
3385
24427
44446
5126
26860
48569
48372
19314
40997
35711
16289
56665
55475
13333
17866
11626
15749
320
56120
53107
15709
17003
24178
1723
17882
10426
351
918
4812
41358
47741
15586
5806
36258
16167
35374
58496
26280
35989
23014
37019
56311
7603
9947
28048
52657
18568
17152
47472
17093
51043
28083
24651
39189
56868
2087
22183
31591
22001
29946
26212
61150
56421
22440
30028
18877
10021
27453
16529
6189
27490
42377
10664
3678
30643
39430
6674
35484
15164
21579
30276
66197
53595
37143
38629
17595
32886
32763
46252
19707
13755
46303
47201
58615
17273
10686
23968
18196
14193
25159
18675
50338
37314
12353
34434
41348
29530
34729
329
3511
23692
5742
6506
13370
49738
6068
8593
4717
18219
30540
34154
57397
18001
18417
19296
11100
24987
19855
536
1112
41436
3033
18181
21657
30396
64165
3219
40861
15968
32297
3024
12634
5594
17612
13496
6797
58892
39518
13843
23295
49197
12934
34214
4906
43066
39477
38169
44779
6769
33634
47784
1134
42724
58418
8953
42824
32057
20900
26241
35985
13484
21170
2309
22554
29033
23095
28703
6190
25717
42602
15556
27223
8761
65448
60471
12630
1470
34982
39556
4270
35990
55344
41209
24060
30413
23709
46351
20731
37975
35587
1946
36448
938
366
61026
17517
790
6482
10240
17444
12415
19726
2592
4200
10096
41788
9433
33294
61369
16208
1612
35356
2594
40695
32251
12632
1271
41803
28352
67285
63889
16612
13504
11354
50043
61529
30991
3653
6435
3350
726
62412
27068
11092
29435
35524
42911
3692
11909
40028
31540
17201
35065
41862
19075
29520
11298
20302
7969
12663
17587
15200
13900
9725
6475
33486
21719
6844
3423
14921
48718
6783
7400
37062
6422
12174
13364
21593
25127
12667
14344
68943
29305
25078
17120
947
32800
10202
44414
60250
10568
11954
37376
64
28371
10267
23055
29005
40534
22060
33617
3797
24497
17831
4557
14296
11941
43179
2160
6957
702
10805
18030
19981
14194
9911
56928
44036
12461
4904
55627
3238
46129
22262
11868
61151
11615
38236
2299
65453
32640
32075
52773
20229
7768
34858
42012
3061
36958
41296
27933
6311
22170
3580
59832
22287
37398
34781
629
32157
33935
33494
9683
21770
34051
33859
17210
23363
1571
2022
10527
2626
21732
33284
8299
13987
29403
15430
475
22684
20967
8728
56916
59639
2502
53046
15817
17661
63583
38360
10181
44213
15277
13813
20331
47936
10069
60522
32397
29720
3235
3137
50378
8181
22047
21653
32310
35886
13632
8132
16460
54548
8548
25289
8929
44978
20970
8148
44874
12629
9726
5672
9326
7943
33311
1548
25026
33776
19716
35407
29477
48707
646
23103
5828
55775
25808
24393
14951
16384
8498
43178
43316
20945
15352
60550
6103
9352
64143
18879
32452
40562
17002
9661
4626
10377
22401
9847
21347
58589
15140
12142
21110
34580
38190
9793
4731
24194
28213
50634
1080
45287
33318
20196
33137
14037
11623
62836
27036
10730
21948
13657
7526
28260
35702
23130
16844
34021
29790
3263
65047
8789
3836
25720
29783
321
50390
2629
19240
7499
18864
3697
36642
20431
39960
9019
9813
25181
57359
749
22612
12628
25990
7381
14655
4996
32385
7794
9810
7923
4942
9916
18312
11848
15612
22329
40548
1992
462
5407
785
64076
19506
3379
31358
34799
11736
38071
28627
16287
1142
46215
758
16313
9227
13067
1315
5134
20834
40474
7681
12273
17384
785
21520
58152
28869
3711
45264
57619
22402
7211
60978
60471
819
38148
15389
16856
20119
13065
23413
38677
21079
29747
35567
2868
59878
26559
9812
39376
66081
12294
13356
12998
4867
20203
65793
60355
35535
6391
29409
19907
19100
7849
32383
9472
42376
44542
46403
1810
30164
34469
45636
3829
38079
15077
11050
28080
8504
20223
34465
30062
37207
14718
6110
27844
64237
6474
24563
14762
27490
15418
1522
4073
1626
3450
44
16077
21371
12986
16773
16668
20593
42144
24811
15460
21233
14174
13679
1318
31205
15249
4363
6518
23749
3591
23423
55592
21633
59090
4712
4989
46449
19016
44188
31719
5736
28607
5661
5052
21499
16184
18486
51206
10835
58034
35931
30763
10521
11535
11845
39305
29551
13544
35359
17387
63757
28217
43780
48055
11197
7267
12169
3468
50592
9504
4079
35970
3574
758
16133
40376
4278
35199
17429
9375
26365
34132
19286
40841
43379
11017
3852
23719
34453
3289
48064
41231
1975
8461
21088
59315
6439
17899
28315
31074
3222
13399
3290
396
6812
4569
10741
6652
19313
33841
42655
16372
28798
48534
15430
58919
34967
10490
60781
38077
30071
37183
32491
45843
28673
11468
15569
12939
44961
12354
52479
25295
12346
35519
15291
30166
18247
32647
2490
57861
3023
19642
27799
47422
32280
3430
25370
18961
47723
61253
44101
11289
1400
34629
1504
67783
7028
2850
16123
1756
32795
29112
19011
4579
20251
32612
4716
26058
50007
35981
62494
7661
15805
15285
24858
22372
21673
1977
17437
10305
61452
264
36171
45466
9491
17528
15458
15439
31223
28827
23964
2288
5835
27337
45665
5886
22957
19052
16864
3325
12055
43464
3211
36577
36408
716
21246
29013
41499
24821
54871
15048
44890
27838
25014
6674
31974
32119
61429
36377
38957
8832
40516
51262
8873
18574
34371
65785
19685
19777
47180
15784
26590
1734
5803
634
20815
38219
26939
24311
19459
57372
38543
53007
56321
29658
14963
22927
22527
10502
12392
65333
22216
23687
14196
44571
32489
22518
5628
12909
21268
48909
3577
7284
7453
15714
11385
9345
25220
9010
24903
32703
31236
15639
38954
34184
11318
26741
5827
5843
2784
22050
21093
41880
5383
38456
9628
5010
3116
9209
32145
13218
17763
11616
54802
53885
12213
48792
8668
32065
1921
12284
50309
3814
12762
17263
9942
10782
11688
9226
36692
51737
17965
5661
1314
36905
16112
7726
7929
8295
5434
22039
13808
27796
3661
35506
15884
40623
41028
42553
36437
66612
2811
10795
8277
2529
35105
13210
16537
3002
37705
4163
558
4044
24958
5752
43307
54836
12986
33351
22214
26201
13673
29002
8172
8577
26925
15157
23727
18360
44712
56958
33685
7579
25975
67580
21388
43090
15540
29439
53905
11726
48488
38139
4129
57533
18944
60344
12644
41116
19014
19002
22327
21195
11121
10044
20358
8973
8167
438
25515
26986
53979
8253
56189
14498
45056
38933
41243
11620
53112
7756
29173
24462
10539
25762
17037
26073
289
29791
38252
3
1091
18813
8201
31414
26775
3765
19947
13762
26418
9373
37294
5387
9461
13843
6243
8957
41750
17067
10984
19014
9130
6284
809
16141
15511
27870
13037
32695
15042
35485
29859
9025
19951
36791
7965
18841
32656
23547
5003
30469
5855
18528
11354
2473
34052
25455
25406
32113
18928
783
3426
34834
24861
24309
67127
64255
20866
52357
5223
29059
9901
8658
36402
7905
10143
32637
9032
8435
3441
14007
389
32839
23154
22105
5387
51905
24369
28891
49679
19264
51633
60080
17830
29459
7808
15512
29978
11104
31334
6282
28366
55842
40972
11501
30559
27978
4700
9931
15
15107
29495
24613
7383
58909
10837
9817
45844
20020
5342
52996
2873
46672
742
12772
4596
15196
12692
6635
9632
6763
35996
43577
7051
34825
1637
6674
35798
42519
33828
23257
44591
40070
9724
4829
32624
391
1762
28860
33562
26634
68556
50711
34074
22811
50745
1002
13553
8349
55929
39709
25607
40650
31446
42074
30
11097
4961
35316
28560
25288
19049
9259
38354
50473
8927
37325
46098
42287
46483
7976
14198
202
33261
5095
1225
53829
4513
34645
33006
53205
26805
28225
56256
10845
21377
18727
37012
50673
27721
64733
26317
584
37550
8693
6060
8412
62932
10621
57790
34872
9273
5628
43459
41039
38745
39855
7800
9283
5033
23449
3801
51068
2810
14620
15982
45021
31402
3070
33563
2980
22680
5163
14089
22014
66154
8018
2770
16584
950
2834
7893
28562
32505
12901
1122
45639
45232
5532
25992
2452
20808
17706
21626
1456
44348
31875
13004
40499
29561
35260
67640
25246
8648
59585
14155
29417
46608
20282
39252
5393
50459
10480
32906
19998
40766
12748
9866
35359
57640
12082
24498
16280
9945
28559
1991
18017
30475
481
42488
22087
57512
28568
58152
2579
5766
36465
40485
31566
34919
36385
3686
32447
22850
40262
35702
22270
25968
25911
11318
11917
47112
48140
551
26033
3401
48494
11754
26417
50791
46094
48596
38689
41781
14144
38209
4329
11310
65280
16987
31209
14152
34703
12517
50285
40090
22251
38024
33831
17528
15496
34239
18862
3418
51079
34063
37579
50670
9038
30324
29708
5991
13912
22426
7255
49328
28262
47857
30058
40613
44659
1282
28343
10602
6061
9701
9017
13619
1672
20387
15083
37316
36532
49206
49975
26312
21854
27387
58019
12078
11893
0
17003
141
50871
6352
11858
45840
23121
3230
61608
2135
5133
48801
11353
15150
31897
47435
40269
25247
9760
35525
18169
42125
11068
10804
36782
33588
32162
15013
24080
18611
35333
17997
16799
52607
41552
14659
3708
3832
44257
28434
8031
3962
11582
1113
10691
12872
8481
48079
33501
21995
2113
114
5978
35059
54843
19450
11496
18230
318
3385
47660
36591
25614
19635
31477
28555
25126
30822
13433
28097
18604
10829
40800
1941
61625
5200
8326
24857
34672
2648
24614
38886
28549
44577
59625
7674
2435
24377
53005
24678
17910
12621
14679
30861
6307
6301
8238
21423
7804
10016
33080
56281
3292
49538
18512
36968
20616
40053
38247
22431
5417
3259
29112
45953
41587
1153
59749
65440
46934
3291
37277
5231
14288
28562
28223
32083
604
35842
46989
13187
7705
29820
31133
11468
20671
36230
1869
35184
57112
20258
10804
5894
1114
8671
25218
14536
9125
534
28771
20779
20596
46561
32327
8356
7989
53075
20878
86
34501
63324
4832
22642
47497
5987
54024
23336
6154
37317
7145
55038
3715
33858
11413
10824
41551
38097
12790
38821
61050
39677
17137
12032
6704
55336
10276
31195
15781
43528
28902
43442
30806
56257
19595
5621
16247
43416
274
33742
68772
7945
3577
64438
18099
16752
7621
25221
28165
14632
50130
124
19005
14647
15552
2908
3294
28189
9184
15690
20129
15904
1683
33484
11803
17792
19993
56668
4353
49940
49562
65768
42313
19826
6162
21961
6375
2516
3812
19611
49559
40708
14637
514
5377
19701
37630
8197
53566
26346
52016
11003
12093
30609
43720
17172
31209
22155
24330
9424
60136
18549
28696
26317
9720
3128
9598
21643
28438
10914
54879
44592
40211
14247
36000
4978
4384
22452
13619
11588
60348
31181
31400
43644
40475
12359
16394
28080
1168
6376
31840
12324
58647
48847
27616
64041
5656
13031
28235
50146
13030
40281
34485
23488
43123
67096
57920
27607
67007
11402
17981
43542
31116
12003
55718
11174
14239
12779
8000
1332
26567
68820
6213
22649
12910
8286
30288
51199
38651
33969
19340
1462
6381
54849
20292
15030
9427
56446
33982
34383
40387
20767
21947
30084
18168
27371
28770
7264
52437
35270
40284
45204
12334
15414
12731
322
2247
21544
19653
18545
9509
58701
11328
2690
8624
15911
17752
42285
2606
50170
36420
63281
44711
62957
9296
31519
6271
26625
70847
35844
46145
20859
16980
40298
19549
12581
13569
33384
29188
9991
47306
59621
57715
50887
19253
17964
22715
58480
57074
20066
29261
21572
49178
24493
37980
6702
44345
8985
33397
54903
30864
2043
6765
4727
4385
8539
25608
61559
9219
24004
36376
16615
700
28239
56750
886
21410
67378
3026
40704
12586
19903
2187
10409
15356
54618
52656
13020
31210
46927
30866
41974
30338
4969
11751
69171
33467
29189
37250
1881
44531
12747
53387
31025
27060
16992
34601
33431
12033
38479
47334
39932
9166
22136
39413
18742
25104
25011
15339
70070
15979
23143
22995
34367
32241
13518
13187
15145
951
21201
31189
10929
53993
6127
15129
54640
16622
6673
11054
12815
5431
66616
18374
8613
32396
59299
56154
25673
18052
22043
48553
46748
29891
22523
36577
15539
36842
1825
46754
19296
11417
30156
3506
54863
9064
29633
30746
31607
11291
44495
25809
13337
51970
9889
61537
48299
41852
14244
42142
33858
72537
