5216
18275
6367
36773
17217
26410
14211
24345
9854
11519
10356
7040
7051
7094
23334
12336
21690
23159
15867
4708
9813
5857
32679
16305
35556
8382
18759
26171
40128
25773
19036
15991
19850
20630
12689
28041
36884
30677
19321
11449
32803
3088
18391
42956
10657
3002
21355
1909
12042
10798
1018
43890
32708
6288
35928
1013
30160
5279
20793
12092
35439
1975
8592
6117
7089
15860
40864
24167
12621
27166
21545
20557
17810
21245
29512
13644
44680
3217
14693
27848
4960
7835
14439
29643
2182
17265
43675
16997
32017
36335
19586
480
2230
14480
4388
20733
26423
1646
10977
3404
19179
10333
13372
4851
28730
34578
7652
41765
13732
6339
25152
19301
40507
41655
29187
35029
8948
7910
18532
17388
6084
16357
4441
2201
30575
12877
17214
20411
19661
4540
3500
9780
31402
13246
5507
38899
28307
16102
15025
12959
17264
28308
12067
24751
22903
24884
31231
40164
24724
20276
3555
12997
12637
7996
26560
14106
218
16207
756
1563
6230
11322
14983
5527
369
15415
14058
4519
2918
16691
11175
22268
3488
28009
6290
17087
7680
31750
10006
17495
8599
38783
32529
6960
19315
3213
281
813
16018
15023
22241
105
19448
5275
22018
10834
13136
1847
10982
38278
13621
25018
13577
42469
2127
28914
15754
10059
45184
274
28904
2855
31864
24289
5954
36385
25553
25569
18694
23886
1751
16834
31941
5824
8878
15012
11301
15924
19610
5024
18925
23567
15405
2166
9346
22317
6814
10621
10539
9132
4164
31592
17957
1077
26246
5095
24904
38281
11054
21942
10514
38231
5256
32622
13819
29292
7368
36725
2651
18318
28067
2425
27371
43670
12052
40959
12557
15143
43145
10468
29023
23513
4463
24011
7486
28467
14596
13088
43788
14148
4892
6833
35653
22750
27740
5503
20395
4599
11994
29149
39983
19641
43365
20725
14192
14456
23465
459
39547
28054
2818
3437
43348
11102
22581
24527
4906
25807
46575
18034
4337
25624
27996
8919
8004
3849
20625
11295
11892
38170
1327
28443
4059
41657
20066
9707
10146
27197
16656
23401
1032
8804
20594
13894
24025
6237
14588
45723
13189
7382
21826
19918
14530
17933
24650
4230
22883
6341
8213
34170
12017
11082
7811
20625
14705
3815
13599
11307
27391
5480
11162
29852
17434
9112
25683
8173
8663
11184
5776
4915
24443
26330
25243
8166
14680
41679
20060
5783
6282
13231
2962
13723
1979
27011
3197
14238
12469
7109
44916
18039
27687
1950
30001
31577
40504
21254
22910
1728
7231
23344
13936
3302
31382
15688
27143
4947
10615
3598
36165
6895
14302
5808
3816
2315
7703
134
20160
363
5125
23692
31258
3819
7201
902
29819
15115
23362
17039
7757
23022
15792
5772
29671
10366
17212
12485
16219
8219
27771
10035
21462
39201
2297
11353
28053
3597
8781
348
14045
15263
11343
29797
36787
26760
3682
26747
20044
3957
13764
33105
31781
26588
4052
11216
7397
34265
32600
6316
4937
25323
5095
17534
6385
1975
43568
30949
2889
28604
4107
23338
9849
29255
29863
20545
5289
34894
1718
23944
2520
11769
14573
20552
12273
18533
17614
11742
14072
19102
29102
19403
32884
2083
19369
29669
48306
26569
10673
11310
18115
3410
16882
29314
5712
10557
5003
3957
7129
16039
8826
18943
3403
27785
2819
36228
5523
8144
5398
2571
20416
11940
1189
5111
18896
846
4521
15638
634
11102
3838
19350
34919
13562
38652
10562
21182
35382
14152
27521
29198
19440
20723
15847
5759
1476
21261
11339
40039
1320
310
22997
4205
7555
12224
8222
27149
3133
6612
10027
21463
5932
10218
3274
3704
8458
14545
1745
6933
4621
41582
40515
5280
12089
18740
4677
11070
33292
3179
41860
23739
25263
24607
11143
674
42073
33084
29105
9210
30482
24749
14778
1581
14059
2118
12051
20107
699
9922
11437
3864
27822
81
6199
16687
39688
26154
782
20980
7134
12593
13730
5053
3355
14642
4599
3668
17799
24659
13113
16886
6771
13013
30064
14637
18472
1750
26479
13630
3405
0
17928
14839
9211
18450
7027
12094
4822
6362
42088
37624
1706
23543
25452
2059
15158
23549
14960
4595
28123
421
21772
16841
26532
11624
33920
7246
12180
35450
5
15175
4158
13285
17412
5245
6718
12707
14281
16173
2701
30765
12074
19207
10302
2680
21087
8179
9734
6317
10449
11722
2368
14501
17245
35180
2076
21974
2508
18490
42615
17257
24691
12874
9972
31217
225
1915
5897
5654
7479
19365
2696
10637
40651
26411
12858
37
17559
9617
9536
10006
17842
709
3172
28077
5091
26977
16010
30286
41042
31645
14881
46496
32541
27488
4406
4165
7520
32363
9753
19850
18753
10566
10855
8843
37060
27426
4409
34395
16626
29342
951
4521
4104
27015
240
28300
11059
819
34576
17042
6852
4193
21879
8207
23166
34122
12349
22119
41924
602
17013
27659
22029
4147
7969
3220
32325
11864
31968
2828
19801
25053
27192
27634
6764
11244
37010
16044
31925
21065
13396
10362
1748
28555
14622
3272
11751
5311
8176
1660
4733
31696
7278
17984
1577
33224
7783
10352
1970
7295
34649
25901
11067
411
20911
35840
2086
8933
6496
30832
19765
16051
2800
19950
2582
5316
6677
21239
17639
29320
7359
19780
18191
16842
25856
44539
1666
4401
44308
33828
9092
16514
29048
11087
31669
16020
11473
35195
15516
25657
11818
4067
8397
44981
19369
14011
4098
19844
20458
6974
1715
46844
29834
24461
22568
22418
7310
27776
33557
22524
26196
15511
2513
11241
23863
4600
1930
17699
20395
14989
2376
7507
5455
14281
15390
1593
877
24260
10235
14774
21591
5042
11460
46617
35814
35436
24500
4452
9039
10681
34416
2543
12134
2551
4378
30244
8140
20477
20452
8389
6170
21160
28721
2590
14909
8779
41749
2400
14337
8934
894
9617
19850
9686
21065
39369
13986
23724
34337
14388
3470
6520
9468
18464
3387
8904
13410
4297
9864
7043
3267
13648
5023
923
12678
19754
15554
25932
11325
7458
2911
18345
17943
28348
7143
9174
4811
27302
8410
15371
25631
9166
5426
13698
35669
38125
9837
38534
31170
21590
7993
29404
18494
17991
44848
26068
14712
20369
19725
2631
25343
1872
31783
1884
26201
17171
2476
11344
13964
28719
14495
644
8685
29679
11531
3081
15502
2561
5137
27008
34883
2860
36597
10277
6560
10954
24016
39755
34731
5688
1790
21156
220
1972
8351
19581
26654
42315
37677
1577
4783
11423
11355
8092
1812
41373
297
3628
5336
3502
23717
5670
10982
17339
6544
31640
31577
23080
6102
38806
12880
5499
3804
15798
10582
6119
19094
20803
35721
8888
24795
38271
32715
17894
20889
40156
2701
5086
17308
30789
29117
3000
17172
18042
31918
19219
15470
2997
1973
4984
16293
32306
9390
17601
9479
5376
30563
34461
19550
20408
25549
28029
5143
27765
18557
4687
12133
18774
17908
12240
39398
19174
30399
18079
15319
943
13261
7909
30802
7727
23917
35669
16657
8073
26052
34349
4155
5907
23110
2977
661
12010
40377
14882
41570
27521
11735
12269
29702
6646
29250
4067
21027
21865
24648
21020
3558
8859
34456
2057
8534
17519
13232
11711
3766
33356
13370
27540
5595
21305
19903
2369
25568
3653
15868
3980
31006
40110
18115
9808
13142
37775
1431
25644
1649
27768
30004
15185
21194
7901
8285
14002
29694
9945
22670
22616
7756
15387
4983
3326
3186
34209
24731
3312
3880
21148
14067
14199
24875
29497
1088
12423
30335
28898
23740
15338
14022
12672
483
8022
3092
10840
20635
25316
23601
8012
32126
7580
2595
12313
28891
23357
30026
1691
27146
13528
4987
6964
28336
23550
3322
43841
23354
4898
31616
16689
25463
3661
18469
22998
13378
20608
3993
24570
16312
15364
11998
20247
6947
22013
26331
39605
7361
32506
34564
24762
16496
5793
25442
10639
15828
27288
11900
16116
22164
15891
7518
1691
7373
16624
4373
29727
3444
9129
6403
13459
12492
17062
9489
11836
16142
14730
10569
2747
10521
18787
41750
27009
5436
5403
2307
5914
4021
41954
11162
14676
2719
14002
12258
3065
26969
23487
8988
17800
31959
27793
3633
10061
33093
27101
34909
13660
25864
26071
6838
7423
9445
1446
37232
28628
10621
4877
8539
2086
15260
7245
844
3542
8869
13237
24334
22700
38608
9021
4523
22130
37190
16473
10330
23925
17733
2610
8500
6204
9125
17131
34659
9752
33110
23997
19667
13993
6471
11400
15430
18743
7487
7755
38733
9778
24712
1407
20304
5337
11442
228
2764
9077
344
46213
4435
31326
19813
5056
19275
32848
5629
9369
1766
18302
6227
7477
31610
10446
40201
11208
26077
9596
22505
2505
15610
9993
8199
24294
20530
10125
5252
28032
2632
21949
16828
36091
34564
4890
17389
15166
9338
8159
20502
24577
28917
38894
13416
8581
5625
45054
9844
23336
17133
1939
21306
39761
29377
41264
29275
1871
4972
22880
3696
14016
11946
5146
23923
5532
35496
922
12661
2755
3019
6709
21612
2979
17601
26180
15268
18592
32370
35891
34660
19257
12060
31418
7349
44755
1084
14559
13873
34233
8156
19230
11092
13637
10386
31121
20176
11555
14444
11471
9226
2555
28205
12918
29217
31290
6850
7252
6485
8746
5473
3163
29966
37339
31924
33638
2467
30628
7695
35521
18157
5266
260
27677
12202
1445
29355
7327
19526
10952
4469
33590
3897
7564
12962
46023
2881
15960
20536
19456
12695
1515
8442
14071
457
18182
14883
20227
17533
10670
8222
2147
22274
18253
13928
11487
11656
24054
25887
31837
8211
7676
4333
1892
5687
44354
2048
15265
19779
2732
3352
19586
40641
23586
44008
19980
44066
24140
2500
3101
19652
1535
749
26829
3212
10680
25161
15977
30460
1757
14485
3193
1393
11204
22888
6975
40629
6223
7231
6430
7154
8311
29389
5894
15912
4260
21205
32033
2980
14233
34151
36336
21763
6682
26041
5596
40716
4917
8149
7470
22323
25698
11216
10756
2992
7783
1459
20647
6269
44512
32075
41097
27966
29988
13893
19535
2873
4062
39130
39471
32104
4083
25238
6522
12952
7568
8790
20605
22437
29715
7568
5128
10129
19260
3308
687
55
22585
8178
44294
19838
33513
14113
10622
3426
8900
15336
3213
13668
35121
6444
31244
6874
5226
21307
25764
31107
17545
4965
33675
30496
37442
34320
47043
3050
19840
35846
11885
5158
4647
32866
42139
7616
16668
28281
5861
11666
18104
1317
25015
293
14070
4793
25539
9866
542
11242
12919
11836
13658
6983
19898
13064
1745
15039
7297
8728
10288
10641
3786
16415
14108
12251
21087
4727
26281
589
23254
29062
16906
48703
1817
18220
4457
9961
5818
3015
3650
6692
6375
2407
41299
34289
22330
938
12813
9086
6864
25874
4522
7247
31223
37648
8058
38265
9004
25047
4374
6420
14629
2160
9835
8994
32571
3777
19633
15560
24139
11808
9542
25188
9553
26564
3790
31719
8777
31474
16059
38606
33765
14587
22544
20741
2832
20398
24783
1818
30834
3953
3083
4852
6242
7451
12193
20621
5790
20992
12278
23904
13785
5251
31060
27932
2950
26609
13850
37652
3560
23745
21678
3279
18930
6685
25255
12537
9451
6559
30832
20621
2702
6268
28369
6531
28450
12567
25871
359
33160
14295
33385
6754
654
16703
2678
26965
35455
5708
25401
12913
18064
7913
14588
1364
25516
35042
10783
37956
32541
25938
27017
1947
16437
6146
7847
45967
20931
3194
20449
17977
565
12631
28938
27219
663
19227
17477
3102
9222
2169
24996
13936
22562
20211
10076
11488
13907
1041
11386
11226
9867
8366
40741
24475
32123
15350
3868
15946
1533
30513
23778
8235
10881
30516
21734
30846
19338
1856
9190
18159
216
17837
1429
783
20520
2623
33500
7079
18867
41752
10003
22849
12903
10599
23078
11211
29045
6917
15283
6596
9592
6816
31642
2956
16262
23049
4165
843
9466
19282
11425
29285
14283
28934
9532
5359
15906
7135
15194
8424
1423
2113
21254
33361
11425
4361
38255
9789
35815
13618
12734
39268
1
11956
5451
8895
15433
21973
15566
42680
11133
9931
10117
7141
2200
26330
18857
33288
13817
2222
32621
2132
4642
29835
4041
23225
15150
15683
12746
24484
458
14466
16004
30528
9321
11434
2009
6782
30680
36137
14470
14662
8957
10036
597
40166
9122
7677
35573
8079
18801
25343
9053
2248
41115
29511
3246
7338
3141
18779
25898
11064
14629
15970
11427
6104
29211
1063
33216
25340
24285
5880
6428
33174
12295
13602
10976
10566
21190
14822
14619
26881
22046
25742
3402
6406
23173
6697
14162
17225
33219
15091
23966
21945
26852
2515
3024
22880
10648
1986
22296
15449
5400
11
21789
7512
5254
17270
28965
38904
7478
6194
19889
10080
28562
14101
17557
13813
13721
10696
723
689
21210
15078
38857
15792
17835
17066
19944
18078
17055
42956
26829
15064
13436
8784
17648
194
18860
24478
15939
6225
21493
6914
6432
38832
5055
3142
2685
9387
5081
27525
10860
5323
670
38809
2729
13373
28236
5203
9817
6056
2539
21369
8996
4753
14075
17513
11982
15459
24957
6822
33698
6546
17126
8069
6296
3545
7603
6345
28723
17796
13179
2503
11157
32401
3217
11348
45966
12269
33957
28382
29685
9080
8591
17501
3811
29463
27544
87
18498
7855
2740
12328
1402
19014
28922
4692
5087
5905
10925
11861
7634
866
5079
35458
13065
13428
16342
23028
32126
3890
18856
11712
2215
14717
43965
32945
15755
10500
18300
3573
12320
32828
16523
32721
7629
3985
23859
5601
5404
10798
22979
28068
9882
36528
18640
4966
28892
33503
21310
17639
34770
26652
733
2634
17050
24155
17649
38639
10945
8175
2259
272
2919
15284
27062
7215
4135
16842
7150
19938
25986
17101
19016
171
29354
2466
23603
16272
19189
32417
20303
41694
2505
6179
25799
8251
35788
2534
2852
6300
34979
27851
3873
13754
12540
5337
1983
29506
2952
32043
23941
24742
23746
23771
18165
5450
28981
9423
37782
2384
4094
13310
8622
6169
3845
1414
27431
18717
17162
6629
12393
27561
2357
4940
6161
17815
35613
33984
21699
9425
23595
10099
10965
13127
15068
40162
47422
5076
21417
26341
5902
44359
5136
8659
37499
33797
11167
13751
9051
33348
2569
3648
1046
15532
34775
20632
27790
28100
41406
7164
27333
10937
3329
23723
29511
11457
23236
18108
7950
6186
28094
18837
16889
27114
21421
5513
17996
13277
21897
4399
33649
7289
5607
11364
13979
5369
36904
13264
24431
28916
4070
11685
10173
469
29901
4838
14177
26877
9840
9126
16647
6574
10804
23158
1743
7088
1476
32062
9299
22732
33771
32949
13332
5505
20256
42017
33713
3829
9657
1598
20132
1244
35043
45305
7009
6497
32105
12678
12675
2758
27201
31031
8625
5085
4293
4727
8549
30721
35012
13735
20058
11463
14330
16257
10392
23589
4533
7475
11897
38537
36538
19077
18392
2170
19580
11772
23294
17852
7101
9714
39443
5679
3222
14662
23596
4921
6742
7715
15291
8210
32420
3430
5309
163
32961
2279
11572
7661
2013
1330
14033
15762
4586
960
33593
18930
1829
12403
357
8813
24420
27293
8695
7675
19775
1979
25643
24835
18814
1553
1727
28207
172
38704
3449
20956
7680
8797
987
23834
19655
2931
8286
14468
82
17691
35584
39523
6295
13505
27018
7963
16360
18660
12682
13431
32640
9276
39014
25762
5305
13321
12623
46600
25845
47824
13674
10339
1522
29178
5311
25234
27457
21140
30942
11290
34664
30685
16823
20767
11076
5839
6276
12379
13263
25612
15678
17811
3433
27245
6642
3137
17034
4530
4371
14299
137
3685
10344
32665
5298
19131
41417
12207
5921
16203
6369
19915
4519
7054
11875
24318
22149
7634
3186
12314
18278
33683
10668
15330
25555
9735
3119
24489
36207
18563
7328
28235
872
18935
2987
3019
44119
4430
193
24157
13714
17699
12304
33317
20098
17462
28014
15913
13464
45267
32537
23167
35041
20682
27686
10160
13710
41272
8087
17712
4597
2346
4237
2358
19822
27208
19830
33087
1680
382
5589
20285
7955
38866
6013
24556
11867
1906
4810
31158
10566
20457
2205
35984
30548
3111
45420
19758
28657
5772
26488
29725
28134
27202
10511
26026
18101
30546
309
25562
3492
30268
3600
3856
13103
18487
28931
28677
26700
21498
5540
16626
18992
40551
12184
29605
4581
6356
44879
14973
17374
4079
2859
2350
26116
814
12935
56
6495
35542
13961
5819
27918
15812
18783
5308
29411
24199
28552
30778
32343
15635
16737
17517
42672
1073
9925
18753
29985
10489
24072
10793
19066
1070
4772
212
11220
19613
48813
969
35993
6069
31879
14471
4274
23033
105
15250
6902
4418
5676
36500
31546
3172
20515
5822
14042
502
13273
8271
23769
6717
39885
9667
12486
23090
28519
27246
875
40952
34974
482
36749
19174
40615
35745
29698
6348
13560
45277
11634
18042
17488
22441
3412
40397
20347
18593
27589
13550
27898
1399
16426
19579
6567
19221
9201
36717
1471
12172
12014
17579
34787
12042
4544
10250
1684
2807
24152
5265
18739
44181
13058
7930
24199
11212
2701
17772
15869
292
8899
5355
28605
36470
30862
2675
33892
4525
2005
15954
19870
2245
1518
5190
2784
6931
26472
39427
47490
41892
38695
10686
14508
1194
904
3308
15334
12595
13349
6065
12287
10573
36579
36213
11108
565
19361
6174
27414
6821
10219
18810
24760
15694
20698
36224
438
30065
4723
12462
33986
1890
850
8997
33873
19977
2855
21543
6623
13621
25358
32957
9790
5139
3055
13287
7061
3171
14444
34931
7558
10922
29011
40158
16695
1544
22789
13046
23642
12103
9563
14904
3338
31416
13023
28448
19203
1805
26292
16500
6967
1135
13406
26090
8905
3897
32252
14329
14772
21419
1277
20241
21720
7503
17491
19096
33877
4309
5840
5343
18693
12447
14236
1621
8379
34667
16236
18756
31282
10265
6800
11909
35952
10947
5285
12713
19691
2570
28242
20462
20032
8631
11210
8647
20426
30462
14087
18630
8623
16797
882
32183
22080
32261
25729
15234
8384
12336
15499
13809
14368
39745
20064
487
20101
7052
10726
8036
4503
6807
2933
18648
15525
33705
19533
31713
10692
11231
15965
7050
13647
36715
27834
5097
15254
10289
39066
9830
35280
9494
5907
17008
2872
31822
46402
22660
16972
3878
35785
7627
19977
10252
8657
9281
35520
28033
342
3117
3522
3676
26432
18989
6983
20193
21434
39360
11976
15976
22732
20575
19467
30098
25081
1325
19236
9841
2167
40082
20502
1511
17532
13087
36205
25523
9494
17246
141
29130
22221
17961
1870
12605
6174
10753
7757
31874
11774
2161
27672
1609
23527
13332
9595
44661
36249
6095
10593
8871
509
34652
38529
41583
6290
4716
15213
17415
13781
1791
11164
6636
3973
16265
22616
7903
14665
11020
4837
13668
20716
37627
9659
5091
26282
164
4302
7570
19230
962
18403
46348
36493
3563
45868
1143
8330
4644
27248
11290
3434
15469
13251
16817
27133
46863
39019
12912
16971
14200
5533
13388
5886
16788
30511
11706
17275
7783
23620
22075
27733
15849
17
7887
7333
7955
6608
41814
4029
11930
11628
11463
5737
8279
2067
21827
3424
2067
17551
1325
24976
4891
16059
13369
22869
15745
34985
42842
6839
33408
26171
3801
25805
23002
31012
28665
4488
12226
16775
41291
20635
16105
7889
31190
21537
2048
15709
18509
13796
16315
2313
34264
14386
31825
31125
33196
38384
2248
41838
17667
1844
3998
5706
28389
27312
4727
29318
10700
7895
16949
6224
16902
8364
9542
11148
17676
8463
3334
12998
4598
27098
28997
1738
5555
11899
15844
6514
36065
18935
10066
2875
24054
2166
45041
11232
7013
20926
2983
7741
19218
11481
36325
3258
7123
43704
27559
436
9782
13664
46513
26005
46395
15132
43559
33754
45378
7802
10021
16127
4234
36764
27879
5699
20885
6913
339
7360
39160
4842
437
29458
17501
14401
15889
28484
1557
27659
14832
663
24378
37329
3570
36353
22427
6872
3694
46336
1347
20528
28623
39076
9177
25248
20393
40455
40283
17251
6892
44969
21909
33670
17674
26029
13131
6265
4163
15237
1042
34722
34754
5197
6594
2796
8089
16384
21804
4043
3401
11347
6381
3823
402
25087
1282
8817
3622
3074
15767
33853
24360
24338
4666
255
9056
27107
7084
16311
25490
2551
24717
30557
30345
18815
6556
12550
13903
1237
7091
6049
11163
35345
3612
6268
43185
712
42962
8861
27602
14157
9029
9522
8639
30058
6399
5305
3864
6288
12830
9404
26029
9926
19518
15299
5083
9700
24384
12736
25655
20569
15954
37911
20659
20209
939
15703
16289
10624
42911
16207
11010
35577
24330
22582
15310
2876
2863
8212
13411
12272
41302
17051
27135
9843
37178
14308
20658
27987
25264
17477
20826
4980
16295
17449
8623
21603
17134
46007
30239
33871
28532
905
1418
6278
8983
11666
18913
13784
1895
17513
5190
29003
26578
18132
29528
14308
5855
14175
1852
15046
42973
8201
31256
3732
27724
14942
7667
3210
31764
10260
15826
3191
1791
12849
4939
27343
7329
11754
11034
4868
5841
2583
15743
28163
8072
19506
22461
1377
7891
1076
14963
34748
4676
5952
5902
34058
361
689
8547
37341
13062
27680
30526
11185
9305
9995
22875
9500
13412
45616
24019
22974
18625
2540
4869
14378
9913
23512
27513
33337
16014
7599
27137
35171
27034
6955
18789
8176
13145
5363
29884
37944
43707
15192
8869
5918
10203
29157
5038
7963
7261
11893
40750
10023
2982
121
5911
17125
11691
13866
12762
310
25072
4490
18421
35668
3249
16638
16612
13905
8696
2829
33557
41334
24290
27283
24903
7432
792
31668
21847
4533
12506
8318
30134
7007
7676
28962
17774
6782
7311
19107
9792
6791
7808
48
29710
12898
18591
21717
6567
46495
23836
10313
29849
24825
25999
6479
2154
6849
6058
21249
21624
25962
21098
11919
21896
29395
36738
10123
17630
20977
427
9508
43143
27572
16824
13010
7167
22830
7069
5007
2210
1873
188
43917
20903
12076
22092
19709
24190
22839
17439
33122
43617
19419
10654
16042
15696
44742
39640
10499
27478
36762
31872
3064
14131
2704
16617
6179
41131
13600
4157
17334
2545
7054
1752
39121
10988
12130
30969
14106
20534
4753
38269
4112
42413
11524
6167
39049
22888
2654
9552
18142
5292
26684
27192
9936
58
26215
9792
28719
4870
9752
4795
10708
4486
46674
15970
3910
2305
6286
10771
22582
2663
17653
21881
7497
20026
3352
13261
6283
19630
14392
312
20514
21819
16252
26957
6969
18685
20571
48603
297
18735
9013
12109
17992
23279
12104
44259
1113
9621
15466
22664
3755
34994
8907
17323
26537
27867
8872
40822
9723
10887
1162
3896
40747
16376
24708
11918
28817
8610
2509
6137
18174
4675
7129
13305
1296
2143
13222
15059
5954
11474
39244
6391
4836
14354
1065
18650
3781
21907
3136
1620
9501
12416
25707
9276
13998
20361
22234
3797
35644
5028
8731
18615
19234
27158
43958
21282
9807
2138
15826
15619
23237
18262
28334
11023
11831
7491
799
16722
41434
13568
131
18423
23591
17257
8020
23306
29478
10924
8261
25405
26829
18350
293
10952
1078
6338
922
34136
10329
14771
10203
15026
7867
13243
20827
367
13261
13467
22487
22412
39854
21694
9698
11447
25338
1087
380
4788
1841
3289
11025
26067
9699
35817
313
27864
1582
14897
29927
17041
24674
622
8354
21725
16041
512
2982
6030
33315
33664
2634
350
708
3936
26531
19170
10021
592
5422
5099
20678
16107
33236
14588
7498
14781
5573
30112
16211
6999
43114
9375
3210
11216
21224
20246
11368
26292
30357
12898
7745
42392
25643
2145
779
17346
34304
48030
20490
10164
32668
12348
3856
18763
23465
13113
19558
11580
14149
13258
28730
2219
14622
3676
32540
21510
5092
14748
14025
12326
7387
20315
11648
28014
20998
2992
14213
35783
3017
84
20341
27264
5525
10477
38719
22361
29620
12568
3181
955
7227
11297
18416
15565
7300
28602
42144
12913
6664
15392
1727
2267
9431
19657
26783
14852
5541
43133
33758
29589
13821
14999
6846
34305
11279
17187
4469
20658
13342
31460
5926
19020
13373
5068
4770
18956
6399
4713
4138
3576
23789
6653
25465
2296
12565
8235
9105
28218
26627
37564
38131
4729
1278
3743
20549
25069
4364
41113
7708
11946
26545
23484
19290
9004
22882
28762
32611
29208
37389
34377
17494
14340
18846
14969
2431
1485
660
14827
6632
2303
15730
17258
951
1515
4004
12462
28168
22137
19337
37548
4049
4004
20819
28774
5577
11629
12325
19745
18600
18600
20336
27262
26933
11996
22826
34468
23765
13307
4628
38860
2065
26883
40782
2771
11915
23131
14219
39854
28478
14022
22241
540
3163
2877
21711
12116
1358
17867
761
32010
1994
45625
48952
8887
4860
25644
18545
13515
6979
44840
28389
29035
1987
26686
1471
33473
6836
48824
29113
28893
8125
29569
24319
40583
40859
45816
4294
24818
8195
15594
11084
29360
28364
40909
21738
5120
37964
21283
30859
10394
0
45189
20997
15943
4821
17004
4943
24403
17986
1411
7081
19132
28125
27269
29695
13061
23194
40205
20318
15410
16823
3723
5154
41364
6857
23723
16655
13905
46347
21955
15709
22556
11449
30510
3538
3081
16927
18924
30261
36559
4874
16335
35526
26965
23532
16664
4678
15479
129
33006
24011
21195
14567
24987
3009
10134
2004
10800
1176
15331
30244
3013
9593
11381
14279
7781
23772
15653
8659
18301
22862
93
21806
21951
8083
16303
4519
35
21274
16552
20347
24895
18594
31381
27777
1180
27329
28725
7763
6757
27913
33375
29689
4879
39669
4116
518
18055
7673
344
560
19190
6118
20882
1038
1429
15431
27955
12807
6019
10937
36236
38738
2987
19211
24325
11501
25000
5081
33630
45371
17681
22595
621
44367
41139
14731
5545
21044
38174
26536
23712
1548
7050
10169
10616
38432
4368
30154
6302
1259
4580
39580
31683
12250
2105
11240
21099
4399
13054
14783
11960
5811
9020
227
2945
2929
2109
28320
41415
1138
23723
158
61
47804
26431
19848
12094
2447
5399
10765
2874
16748
6253
2420
21181
15555
35825
16415
4561
19478
33938
20396
3375
37272
4289
11901
7809
401
23389
2455
7131
6099
13229
79
2139
869
31395
29880
12553
245
24087
7235
667
6527
42993
358
22724
28711
26265
19171
19966
168
18496
565
12534
5237
3733
12460
3825
537
11449
11974
6680
45053
1565
8624
27584
3870
38379
30289
12107
28168
12717
37080
10746
4837
9866
10463
38566
5008
29196
6919
25374
37069
37111
31262
6829
9510
23997
4906
5416
3346
30384
3992
6904
11356
28273
294
6019
4662
14070
6766
8138
25741
34261
4269
20697
25917
7453
6327
5354
28240
8007
7557
15811
24383
32602
14155
10943
10623
32263
5536
24871
35121
16628
40752
20370
29531
10804
3470
29489
10887
21745
7353
14503
6073
6001
2213
10181
30545
2270
37643
2074
8717
3144
6932
6874
16171
14735
19574
34192
19679
31237
4584
19984
16371
25103
34747
2825
36996
28190
21919
14586
10037
584
2993
2311
30819
2661
8294
30124
19318
38148
5597
1029
14747
35958
35432
18297
3391
8862
33983
11668
21651
3992
4347
35987
7429
1536
10716
11401
18477
6576
232
28146
21492
29091
1807
13394
2709
2896
28600
30121
3966
23459
38185
7609
7971
8309
8758
10939
9215
14778
5425
13829
27367
24298
4140
6702
38156
26034
5788
20771
24178
1528
8272
22441
16879
45179
13108
2917
29131
48421
6226
14388
19061
26067
29229
5933
9512
20583
13785
826
12397
4910
18193
9918
35851
21825
19742
90
20320
6684
4743
44645
6701
30875
8506
3528
25916
13730
30768
8988
10906
5105
11575
2887
1737
11114
28239
23236
18020
6770
330
19177
2111
18675
34752
15360
3332
10410
24206
17727
10831
46799
7507
19089
4209
9558
4434
43406
3587
1898
24781
15298
6932
19511
23098
3213
34963
10063
46349
16077
804
14
24252
5711
24055
16907
969
12410
29746
47133
10381
40970
26566
1840
17036
11152
21289
1679
30479
15977
34686
45771
16567
18043
37301
38807
16640
10480
5184
33521
28449
2534
5827
775
11966
18886
32010
6264
39337
3632
3889
2257
12054
10475
3561
22518
2100
1983
8301
29222
25403
14074
403
23157
16636
10204
38229
16672
18047
31144
4656
22125
21946
5129
10621
15147
1587
38432
10165
9770
6296
31851
4952
8184
9558
13661
69
15579
34443
23259
23244
3187
226
35385
11253
4795
9154
2988
19195
1650
13389
3352
20765
8064
9053
36926
20246
14711
39166
16331
16642
3513
24412
26893
41837
19830
48082
20448
5342
4627
4353
6307
6307
5849
12904
33731
10918
41823
19400
22423
6688
27224
35025
16382
8670
21395
4196
7779
13672
1343
13912
15060
13757
37742
7861
39252
1579
6968
668
8935
3106
39554
42591
24588
18115
11715
18740
8329
1711
14255
6633
160
9596
1269
4057
24401
36962
19200
17661
28036
20789
8029
20101
35240
2050
30902
5083
8538
1752
23242
30807
20126
25411
6104
4160
14215
14581
10554
17178
17750
14155
7944
48659
28731
17654
8883
26633
15732
14747
2509
42184
43813
16311
9028
20736
36958
3949
15097
12524
11433
9334
1721
26413
11089
14461
8441
15516
35774
9702
11392
3209
12140
2508
4372
17728
37550
8080
15443
24697
11814
13186
4906
4509
24655
9140
24197
2795
45267
19917
1924
14458
2263
40124
31530
39225
8972
23458
3557
44664
3695
2955
5255
14437
1226
34600
21236
18644
27365
21949
43854
27129
28998
17149
8955
10761
10350
13670
23503
5619
22390
1057
5772
38952
10398
10195
26555
11159
3181
14933
10767
19171
40858
20382
2625
42311
9031
13041
45600
34711
26276
34264
32592
31188
3228
7564
43456
21505
20805
23643
22063
14708
45366
21148
14931
509
17500
7311
19630
16391
8237
35709
10089
6699
12955
27925
4604
24652
21809
18608
12808
30240
16509
3949
25033
6619
30220
30060
932
7285
17626
6684
14957
17131
32769
4458
47209
8977
34416
96
31198
9506
3916
29355
12600
7029
38609
16037
6228
13286
43435
12534
18999
17836
18387
27836
15486
12749
9837
2843
3099
6537
1375
1912
2778
4384
12753
48060
12240
5227
21403
41748
7696
10553
20451
8369
13188
42337
4110
22229
9867
32400
6745
1148
41192
17034
38195
18400
21877
293
695
18106
16098
20056
25204
41595
10339
6445
21239
14445
15193
2149
7880
34488
7368
9089
1875
34908
9678
15827
358
40285
29891
12575
7851
24427
46764
19528
4541
13675
14999
17902
5541
10027
35269
2843
16412
37365
43733
13909
32818
21417
17923
1531
32505
25033
22083
3770
865
45376
21765
25058
20023
38274
35137
16244
26522
19205
23661
12231
35028
17382
16049
9998
31259
34135
8199
5117
12150
41907
11615
29497
8121
4824
35539
6665
22044
8802
39835
4253
24815
35401
10200
13510
1679
22225
5765
22138
18045
32175
28438
7734
10165
26300
2277
13291
20162
7939
19748
4629
20754
7614
14056
5323
5885
23765
23655
34662
30576
2227
23625
14185
33339
24392
29359
4299
12451
35586
27238
18392
23117
3132
7885
17996
2190
19267
13928
9773
12036
1256
7919
2566
11868
7263
13423
21877
28563
19196
36572
38746
36961
10732
20924
6582
32452
16564
21112
13201
34726
16314
3731
9432
20831
13317
9636
33259
16799
39910
2683
28503
29210
38941
18586
40944
7245
27188
3045
671
7238
4093
4168
5176
12963
25383
2425
26580
31692
29691
7346
16410
37054
2368
9683
3206
5645
13727
46374
38199
28883
35885
19775
13304
7062
8589
33767
9406
311
14764
8311
13038
7922
19223
19873
1752
15179
12134
32608
38029
6754
34953
27268
20892
8696
15487
33914
27596
31793
22991
9244
16936
15789
34686
29320
1360
25067
1511
15031
28013
11181
30009
5105
13778
826
7962
68
10482
31501
20494
43858
11259
25903
22938
8145
15801
11585
56
35412
220
31399
13674
4593
7858
14949
25859
580
33346
14405
4438
24896
31833
8609
38365
16957
26225
38949
11458
7492
11249
22298
12291
4934
39474
933
1515
8447
19644
36411
7532
36799
1224
13902
26499
14878
24128
3213
33284
3039
29606
26048
18201
26228
14437
1128
8944
35048
10975
6210
23352
25188
11370
21015
9271
7348
16458
3125
37553
46505
37304
20398
19479
33465
19813
23156
10846
16626
26263
6698
14955
415
6441
9739
8988
10489
29264
11768
3749
31173
6612
7690
21486
23188
25614
7941
11539
12651
22960
8651
23
13126
43478
5096
9531
29582
28395
33275
41962
5210
38422
3272
197
7761
20462
12008
14662
29719
10864
21113
31317
13887
18147
21271
8080
7905
33094
21163
6370
2288
32142
13646
9428
31584
38767
17687
35218
10229
695
23341
27454
4991
26303
16300
26098
12100
8773
16624
6125
1192
21430
503
14420
35547
13421
29854
1335
97
19540
38942
2042
3307
25682
15646
11215
24396
158
11419
33006
18057
184
23012
1579
11514
2389
16482
28275
6840
12312
22037
3039
12506
14638
15785
29317
8513
12298
4040
34766
44087
27208
7245
26649
28208
17660
34691
11756
25002
6892
19388
1155
17688
37694
7616
10199
6138
6730
2695
14266
3989
21884
34272
8809
30927
28634
6386
19057
14605
17722
6237
39520
5800
7719
19766
4413
43147
735
31763
9637
29030
4426
14319
3537
22062
17239
2178
26965
21212
27929
7948
12812
36402
39807
19281
38848
2713
8354
34770
11252
6508
6656
2648
15055
28610
9948
35233
10850
7278
18024
3483
17322
9072
16223
14390
11958
24442
9356
8147
4196
1423
1355
13570
24550
1872
14430
31218
9651
33507
21403
3298
8148
1540
16732
10199
12538
19822
30301
5703
29231
18552
37233
1471
3424
46082
17843
4449
17895
28702
39657
17988
32831
9238
6217
31386
12994
10369
19352
20834
31684
15601
8472
10536
290
32307
21223
14719
18796
25539
6807
41631
23395
16062
1166
23862
38552
5358
15397
20321
7479
10807
12348
27251
21339
12943
29758
213
14386
7114
9644
1162
13733
23662
36796
24011
1399
5457
19972
9717
23166
32826
3458
21602
9592
16001
7259
20495
18583
12925
2716
41009
8099
8439
3808
37811
7675
22747
38882
15233
605
3879
39467
9441
103
23871
48685
21657
32627
5820
13345
9955
5702
4664
6024
7292
14791
14529
17762
1804
14084
13714
9270
11064
561
27918
9058
11671
17714
25088
12242
8905
7913
18150
1634
2389
23182
44352
6532
12839
15553
30342
31759
422
13208
10
5431
20952
18868
38872
9470
12494
12217
5237
5834
44062
40094
21417
16061
1438
34282
28600
36985
20315
36688
10875
15581
8307
28493
24102
8782
30200
14191
21176
31691
23801
6012
6015
28802
12401
21152
13025
24968
179
605
1957
10975
12134
22772
24556
4372
26305
12754
18820
9497
19325
8137
4627
29431
28777
367
12408
11788
4615
7316
9039
2276
34315
5885
14258
25421
7130
9068
7287
27197
25348
12760
9541
14828
2821
425
31186
34494
3829
19652
3488
29215
37087
43238
30811
16778
3047
451
17929
10692
7456
367
13732
1810
38569
21079
8359
45664
11524
21547
13513
28218
3283
32579
22868
28381
40676
37963
10374
11488
23302
6368
8990
11554
5084
16727
6466
4027
19864
18757
33403
29531
7836
16625
20066
2070
37873
2308
27293
579
43152
4700
1043
32016
5217
3202
6877
17058
7484
14579
11084
41814
2118
2136
15089
11236
14077
33749
25403
25005
19063
3602
6840
15720
12086
31871
6612
25732
8651
11228
22296
5147
21283
31114
12404
3860
23020
40316
12346
32707
13714
15968
13190
24627
5651
12421
7389
23749
20899
13411
12772
4830
18045
11530
28879
39134
27098
31316
8340
15755
30623
28333
36146
47355
19959
12172
36271
2943
16528
14051
27629
22277
20876
15816
28125
8294
39532
24445
3714
1777
12886
21554
17633
17272
23516
25521
13624
37795
19685
16600
768
1969
19752
4453
3719
2105
32584
4830
10815
37548
3466
12235
14985
3632
26692
25264
14420
16027
14568
15560
1901
22456
10488
6702
37050
20124
1563
7790
29148
5209
33635
2642
25407
7216
9435
17474
26322
37526
11502
30666
27367
39510
15683
4018
18318
11091
15983
11845
17639
4846
22173
1988
15423
5769
19397
15987
18446
19200
27294
15156
29479
2806
9966
1602
14932
11660
30215
6724
9203
26583
15508
26354
11121
10575
4776
8691
9841
7161
3397
25767
43634
9244
8250
25822
788
6056
10994
20519
9232
27014
25202
35766
6733
11748
31704
37667
32706
8273
7182
17546
13915
33799
12960
8134
15547
46861
15815
658
4773
4421
26118
31962
34819
19523
32989
23255
11042
19160
12426
44681
2933
6145
6461
9063
21600
28064
21303
42240
630
25956
25555
11074
5935
36654
25214
639
16915
611
8667
18988
14502
33309
4050
17037
1352
40733
10567
23222
23960
11945
6064
3899
26850
1684
4946
9789
20228
8853
33536
24470
1869
6762
14921
1591
37555
13264
33238
37314
12374
9006
10725
4060
379
29250
15675
11242
22312
16438
9320
1358
13620
17644
4015
14600
43055
733
3048
17966
13363
18612
1732
13948
8288
1556
4506
8310
37699
9448
9225
32278
3986
14176
20365
23009
16688
42619
25946
39332
588
16471
2944
9561
25955
23173
7535
5783
35987
27206
4025
7678
26637
4086
9652
38046
16772
39871
4298
35888
29525
9161
19067
4585
7243
13964
3335
19198
17069
6592
7179
28971
11355
18579
7282
5775
1436
11079
2408
21482
28373
37043
32825
10403
21976
4235
9603
331
17128
2679
27038
21710
10092
25204
29794
18964
1499
3046
16130
13823
13853
4111
20965
9275
29814
22860
14188
12359
23839
34968
11692
28310
9631
7912
38728
13665
8855
32062
35289
17752
20230
2478
9067
9334
6107
17562
11106
3193
7886
2860
2438
22056
6440
33711
9335
995
18878
2886
2821
15049
21599
6339
1179
2409
13349
12119
9385
14925
47293
9406
10459
34223
2625
606
14015
4682
6540
41848
28635
9504
279
10521
12785
5905
5415
10809
6894
20186
42073
20523
29211
13743
142
7865
857
14482
17992
13209
2899
14490
20888
18816
25944
26486
28720
35964
43460
41269
6059
2590
6421
30172
15348
4417
16017
29547
34829
25038
25606
28061
33781
22000
3044
5199
27314
12239
25409
4539
27095
15746
5232
10521
3599
6289
37588
4023
13802
684
3452
10446
14422
16618
6081
14436
28025
9918
40552
5255
10913
18662
5011
6285
25014
5037
10653
21492
10048
12723
2190
22638
20607
12939
8526
2767
10590
13100
1320
2648
2860
28211
28448
29017
9285
63
14437
7879
22195
5865
10776
33250
3261
26976
7303
546
17314
39
40338
18266
14071
24525
18510
36827
589
16070
35
7365
22773
25610
42732
14056
23586
41987
12235
3076
8954
16482
1733
5136
13478
24171
18631
15664
3547
11776
10535
8410
2259
15320
18514
30947
15491
16034
5509
11218
8268
2180
12315
26100
39936
26179
26923
20759
1839
19105
23604
454
2437
12521
22054
17108
6734
23888
4269
2293
12783
18984
28677
18194
1154
4588
2363
8821
5653
21211
19048
5269
11826
9030
3480
13583
3949
20904
16501
6030
6997
8457
5094
29625
17500
18021
24252
3411
19550
8598
12468
6763
940
5050
10670
12309
30227
5091
20694
15327
3336
20432
31637
3158
16185
18576
26503
9489
2101
48010
2030
19429
7273
1895
809
12357
15841
4181
12882
6327
38667
14598
25229
20003
18479
5044
18591
14351
26939
25094
14666
4870
17188
28300
37052
12429
10888
31059
9444
6224
21347
7105
23673
5836
25266
3323
3024
20135
5961
9183
25674
41475
3968
14001
2514
10363
26684
4485
1377
22658
47663
5835
31107
8630
23036
29300
4279
30791
22977
1173
5564
9380
18898
7598
10220
4206
6384
4171
29545
13795
22547
30729
12172
12864
38663
43459
21858
32992
25200
44654
24770
336
15087
22195
9134
8631
9999
32509
1387
14485
24080
7714
7498
21493
1166
6718
8249
15858
5261
36378
5751
4117
25933
20470
19646
11443
11520
7553
14383
941
34092
15329
31236
33805
27001
18855
25560
22204
30398
1378
19663
21327
420
18814
31597
17184
22274
25553
4541
8190
36780
18129
28467
33017
4859
9339
10561
18162
29901
2046
18126
5076
19882
11163
12165
9340
30290
9315
14691
3209
18609
18276
32256
4822
17235
14504
30637
3813
2343
29071
1980
27453
974
976
10278
3284
1970
5292
33690
773
1846
12157
6635
22005
2764
7138
15261
5918
25850
176
23584
9916
8131
42652
5551
3030
3355
17302
2584
18972
19479
21521
16329
5304
13734
27520
10778
49
8738
9375
44535
3419
23091
15634
15188
30158
7416
10830
25517
16064
1305
139
16000
18481
7534
25914
34265
20498
29717
35692
8195
6412
14626
30507
8664
15427
16634
4880
24756
32794
25159
3395
15018
12187
10575
14113
10247
3132
20279
39190
34322
8385
27942
41828
15914
19178
9995
16187
3917
6964
8049
46065
22905
20375
28496
5673
2040
17106
3595
5412
31846
17211
13400
34600
42104
3667
20980
28851
6074
10956
3014
1494
27328
27411
24463
7627
4215
5384
20181
17824
26504
4511
15914
29850
22319
3774
27126
5593
13835
9040
11609
31134
18798
10861
11960
10193
11560
7983
27240
12288
29873
9383
10258
6110
6824
9213
15273
10643
34
4886
4670
13721
35764
36134
7042
5341
4495
22542
1908
335
20641
39774
3384
9324
48961
11109
2890
9990
12767
10656
17384
8155
1545
23939
8812
2617
30677
1087
1159
10206
27977
9512
40076
12172
15588
11995
29901
2322
5132
7147
12337
10146
16553
8662
3604
16933
14665
431
3181
27122
3709
12450
132
11903
33787
11773
41680
9147
18693
544
21955
49104
37422
6197
31628
29139
28353
20866
4648
27254
15054
20823
27602
5720
1606
30196
11686
42188
23429
31518
4556
7005
22814
33409
7499
16625
22584
30318
5907
1448
5265
7996
13242
16326
44329
32186
6269
18714
16839
2505
11065
7290
23809
4741
34291
10249
5366
3742
4473
16973
14620
19411
18534
12789
13209
7214
21490
11113
2086
4461
2515
34155
9709
5892
8280
14290
2283
34987
8652
10866
1923
17592
5619
31397
19010
31375
16823
5884
12973
14678
24324
20194
38484
16954
2392
28748
21765
7813
11195
4678
4496
18847
26935
5487
357
22635
34860
38680
1505
31824
1772
36811
39918
2456
8278
27240
20669
6815
18704
20183
8327
14033
367
17453
12768
2170
6890
6779
43668
24464
2156
6982
26657
45145
33427
8637
18509
36318
4605
2736
24956
5457
9242
29868
31680
48694
35303
7048
32129
2624
29477
5610
12908
19838
3247
11218
44063
32875
22441
12596
11165
4323
38861
10259
13984
19711
1813
4063
42090
17151
1134
19743
9622
4404
30066
12787
22136
6870
26724
12527
45524
13007
7178
18671
20674
33993
19567
8253
18628
10073
6986
4947
40294
35285
13994
176
8760
5760
6748
8676
17599
44897
21920
7949
19080
42167
25693
1608
6761
23197
46985
18812
33647
25059
24476
3064
10425
26013
31792
847
8821
14014
36810
1211
4208
21424
18959
11547
22164
5294
34218
35536
24743
28459
20445
28683
9875
10858
28986
40450
5759
34089
5868
8675
24654
1796
735
18938
805
18834
17564
5660
9586
10160
16546
45707
13096
11432
1202
17245
13427
37083
6570
4194
5994
28728
36951
2554
2769
6089
23361
9449
10878
35153
6814
6368
4563
5165
14700
6708
10543
6991
27649
10723
18311
10495
5447
21709
21905
28094
4159
32425
2866
2122
4657
40233
10845
27102
8747
17047
15018
2502
41156
1265
8936
19
20573
22898
14839
14678
267
11532
17531
24334
7696
18105
22392
40265
20557
1272
14464
5756
1883
5639
10778
2496
34355
12405
25394
13319
156
18746
33044
3468
14851
40477
9026
29198
22798
23382
14859
15078
21974
23627
17321
17332
13671
14770
168
44569
2903
12125
25201
4208
29800
2356
8358
14143
633
1224
11366
9488
12263
2535
18854
20209
37763
25143
16603
13267
28382
8886
24772
16923
15360
28987
21733
23582
24502
21627
15006
7511
3215
30994
4074
18290
14715
34945
7248
40663
17881
867
13975
1516
32768
571
17977
1739
14012
42761
20605
20097
5124
639
10354
14771
8396
12588
5846
41683
26223
14002
32891
12138
33615
3209
27743
27708
47740
25649
10118
970
25645
20043
32263
44150
39745
4918
8426
19893
18009
16516
39852
21839
28705
23587
1583
12984
3834
7486
7775
24108
12629
38226
34
37130
12662
31911
10647
4535
17006
32903
16717
6597
10950
25643
15324
5432
9800
38248
2840
23244
4444
33911
1548
18723
6418
42793
2403
12255
33145
4754
3589
13852
10680
9302
31321
8590
8657
21871
8098
13623
141
8984
15989
9617
1482
21633
32763
17469
7869
5523
2758
17423
16925
1614
9596
13801
26199
3365
8399
37726
2556
4277
30961
39287
19732
29412
6113
15488
11507
525
23574
8440
590
3165
13175
30462
30142
11154
13459
18352
27377
16548
6677
27767
29602
31983
3854
5598
35346
9877
30540
29344
25967
17888
38733
5846
10112
28744
10652
8975
24627
23569
5975
5627
4925
20983
21168
27322
14729
3663
13447
28003
38921
18936
7452
25071
13176
24156
3731
28069
2299
34348
5315
13079
2012
11260
11127
4586
18073
16920
4998
41780
3994
15950
2426
1327
27349
27136
21547
11343
27419
27921
5775
13679
4097
19440
1996
2024
3632
8670
22799
16277
14777
15067
18520
21681
6285
28743
20750
11584
38945
5983
2285
17660
4404
16845
20623
26441
35653
27921
19718
25212
9992
4669
15773
27208
46018
20772
32789
24380
17062
1495
31431
36343
14786
11105
11423
31135
3184
36901
11360
28037
6842
13698
36245
9782
6021
4858
13368
8064
5952
12160
9170
21499
17029
33502
607
18243
3567
32371
19559
21348
30582
14853
2904
12730
32255
28235
1149
11442
42254
29089
2397
34812
2028
15868
4870
23043
23159
7288
38458
934
16439
15415
25828
13582
1463
24748
37118
10106
1289
2698
12916
12864
18877
10181
29838
19813
13315
18495
18490
9204
19021
33944
13602
1425
21822
14256
35113
4773
33972
20251
10149
28843
22608
16653
3423
6987
43327
4932
16164
43512
34140
39965
9237
10475
37827
28694
5421
5109
34171
29541
5995
30196
25538
27647
7713
41604
16156
15519
4288
8207
30792
15476
29045
40903
5787
34021
14384
20540
4365
4341
24466
4144
23907
6
7009
392
23214
8712
5083
38968
10827
26248
20865
15538
1291
44549
26407
8239
41913
8381
36137
19060
30851
4122
6851
144
4084
14854
17338
13146
16042
33136
7337
19902
7265
1661
24678
82
31201
19782
13690
8883
4921
21923
7151
43680
31251
4296
37
3789
42104
5492
37987
21135
5408
27752
19724
27757
9667
7036
33352
31770
11106
4173
22839
39325
9606
27628
20644
25624
5503
14606
435
17133
7080
25221
40199
34167
39094
13961
2058
9128
25001
45512
17810
10823
135
25942
27431
16042
12233
24214
20879
11211
19054
9498
16232
27546
92
24748
5944
13900
45003
22592
13960
13112
19186
21702
994
6092
2990
17866
12721
5973
28888
1120
42269
20608
14179
5321
22394
16823
27873
16089
14633
8484
5170
26769
43556
27435
6062
5580
5217
583
11543
16542
18491
32628
14946
14710
1245
15794
21400
18429
283
3775
81
26215
12606
12676
2668
24764
14943
37755
29645
10676
2483
15087
11770
37754
10184
2900
7209
25246
13618
11338
9599
29689
16734
40825
17305
4082
2866
16489
29931
9256
12498
27188
17275
31020
2596
9154
10604
1622
2892
27038
20381
35165
23837
12130
41756
7802
7824
25328
6725
2921
2207
25781
2722
5743
1389
4895
9139
4069
29519
38755
2991
4999
23008
4342
20677
33826
37707
153
18629
27479
18982
15850
4769
92
4495
9691
20698
23728
40098
5531
9651
6804
13834
13740
29537
7339
24730
11098
10439
3034
36671
11715
4623
36140
10593
7532
33829
25095
3573
30268
11477
20722
8285
16275
24438
1077
8350
30365
589
25364
34645
22009
32555
13640
18298
15069
29803
3388
11717
6917
33532
579
14820
8285
15778
22847
14218
35462
14067
9439
18418
19713
26364
7419
4497
24892
10718
5095
2045
12548
16602
18616
38215
36864
8936
8013
30826
20182
25308
706
25791
6890
39843
6086
15393
21807
2517
25059
18694
13388
40374
1402
19431
18602
11577
28817
9044
43233
14029
42376
7041
14531
44182
23203
1981
11733
16308
1694
6342
1291
16201
10676
37000
1087
38041
9555
10454
18196
10927
35588
7724
7716
11264
39968
10094
13557
3657
19014
38822
9083
24815
15868
17330
3056
6525
15975
1507
22217
9764
22383
30908
4028
18684
46187
13126
19553
40952
4615
13237
7188
28789
8188
10480
3385
28632
28463
19065
10201
16098
26142
11961
15613
4202
8469
29570
15047
19639
15789
4866
22832
1113
21582
8179
11795
289
31541
3827
32002
7529
3130
5516
15410
12741
34000
17205
23921
633
26697
16938
26060
8649
35812
33984
5520
13141
43294
7939
16016
5167
12452
17458
16171
46318
19859
10065
12495
17289
13760
14757
41129
19772
34650
6099
25439
18146
6128
8725
10448
22262
14170
5994
30696
7000
15090
12489
24613
3567
863
16769
5223
32294
43017
24065
6164
30489
1280
12260
8032
13323
17439
2432
27644
5777
19280
28330
44779
4637
20252
13296
31290
360
7834
9136
6336
31161
96
7013
11596
21350
11104
16076
19955
4307
1017
332
11412
2833
19371
26337
10380
29292
1364
1189
157
24163
23583
18381
19209
1358
19601
13841
20073
25610
29440
21397
7077
24985
10554
1492
4788
30365
9109
3935
8617
24009
19939
24553
10673
5586
6491
3539
2683
23670
18188
21378
16045
31816
8170
19128
30859
12398
14893
32235
33
7859
7385
30542
12247
8461
3363
1208
8272
11648
3808
2347
29486
8702
25153
9507
9894
24529
29696
12483
4308
20363
37998
31757
4375
19696
35011
1775
44181
38634
13654
14968
271
4494
9703
36268
41627
37474
35685
32156
1798
17409
1116
11418
7967
8491
13413
9208
38085
24594
24652
4510
10859
3963
14799
8014
18189
3504
29338
10974
7816
13000
32218
27386
34158
11695
10631
29438
16411
10487
37684
21294
31317
6975
31304
41726
8977
14699
20565
32247
6159
26969
8118
5807
42729
36261
26555
456
8402
2990
19243
7798
204
7452
2589
13353
36082
16715
8056
13052
14402
45758
744
37859
36042
4693
289
15384
17360
2102
17813
1323
33640
15231
22621
20446
6837
14823
2467
379
12558
38917
7707
40632
6946
5064
11639
15321
2707
36210
15090
7017
12596
927
26909
9914
10320
1607
45928
20298
16417
17328
12918
25504
37917
33628
23374
46478
6160
22016
15976
4328
20301
40786
24813
699
39759
33505
12890
24780
116
4036
13676
14189
1453
5136
25983
27426
7248
7152
226
16748
19582
11424
2684
21706
5106
20836
16196
13644
26558
27217
8007
13249
31678
20658
7502
7453
27102
29270
22672
15129
24000
22113
11005
16336
6580
10074
32823
10481
29608
31442
16208
31945
117
32860
26881
9404
30859
36361
4380
17275
10616
13389
12408
6373
24940
14245
643
24300
24955
10105
7254
10401
34959
22975
3347
6427
19821
7925
10851
7910
35617
3264
17381
15460
12996
9026
16116
16025
6983
7811
2811
7367
10542
14840
33371
18521
25804
13513
6065
4725
23133
23681
19904
8232
8424
13289
22680
40579
13093
8548
25363
4524
13150
6078
21411
2021
24801
10724
41228
14881
409
5453
43599
13133
28707
32704
3225
1597
6738
30463
23586
33502
26121
15051
39497
19499
34605
37249
22691
3956
34184
48940
1520
11529
25798
857
6376
11830
1057
17350
11042
21676
5762
25133
27076
44838
1436
43713
46105
22752
7151
4177
20927
16234
2752
6368
17804
2081
30396
11597
3901
14103
28548
15354
9537
3795
7319
26250
30439
23488
14100
7059
36871
34171
27787
4155
18861
44810
25927
2841
21345
855
34268
21385
10554
3647
2990
13729
5320
5140
17625
10135
20227
32805
8988
20386
11509
16742
25197
2690
2480
21166
1297
16497
31346
18480
9355
15034
37606
9640
15516
20469
6950
32227
24061
44628
17802
3571
13097
4456
9183
7532
21921
28509
26405
21417
3369
15389
32976
525
12335
18454
2742
19923
684
21029
1641
7834
30377
12034
13908
4507
132
33533
510
20317
1189
9446
12780
5304
4007
536
30594
14392
6036
16649
41058
38007
2492
12160
31478
5443
2704
12239
32080
19141
7358
7683
37266
24118
3475
20576
24239
19079
10536
8088
4488
4778
19544
33561
17575
43690
18557
17680
13076
364
18604
7856
2165
38293
20623
13132
12820
23096
3742
15403
8344
19218
42296
11919
27786
23383
20360
38154
5557
16135
954
18496
19097
27181
24632
16417
38254
10191
8390
3450
14623
34040
10122
14910
10046
182
8436
13683
37974
45650
15062
24050
39334
22013
8429
10866
20435
41379
2130
16378
8798
17851
20055
31694
35629
5581
11116
5856
36913
41061
11093
18500
2190
1606
31970
4436
40415
33042
4255
15158
7704
13780
22369
2958
21250
6596
22594
8687
15278
11946
22493
34721
3559
29372
29474
28242
10290
47732
11417
5444
8589
18130
26926
24512
3822
29180
30357
15318
12256
32759
2209
18882
33626
27005
33333
46139
23004
13287
24065
10614
25208
2374
25120
20142
37156
27464
188
11501
30213
11888
810
11988
750
35157
8585
11672
4924
18311
9186
16140
1450
18132
5072
30078
16134
14486
7446
2884
10236
16293
30498
16434
16816
12773
8221
11561
20858
21673
19510
312
23656
15359
12280
13182
35528
10581
19092
11140
9074
934
4334
31712
17960
6137
3190
15809
14966
18021
5464
9074
32928
35916
7355
10892
35077
11456
13954
6076
4707
2422
9362
1750
13919
31785
3667
9241
28779
17249
18639
23841
14110
28487
13229
13273
24280
28437
5066
18716
19126
8082
11464
23607
17886
2278
16704
16545
32104
15225
32644
13464
5017
6167
5232
2354
7910
7278
24315
8350
42757
12246
39351
1952
10498
38501
5457
4880
6898
23280
24661
5876
11991
6170
21840
31600
42305
6615
36791
10285
17095
47082
13918
13661
17313
15749
17163
17546
37897
2183
16555
4899
7978
24396
22932
17982
16061
41602
15564
33837
36128
1959
22706
10198
16721
17692
13391
1194
21215
30934
6980
32805
16187
14966
5671
16425
33242
8044
17061
6270
16959
5654
4012
19299
27401
15457
25534
17219
2125
25571
22834
31262
21122
21256
21373
8808
20960
9317
26317
14166
1665
2940
20322
2424
9376
5669
3121
959
29137
656
34162
10880
8406
29735
27690
14040
18874
3853
12568
9655
30892
14918
22218
7078
3024
27635
9063
3841
19648
9483
35346
5540
5365
25515
34861
6358
1721
30476
21241
13491
26441
30255
28522
186
2240
11812
24482
587
8379
7254
4697
31718
17690
15636
25527
20375
13736
25788
26828
7708
31410
18947
39046
1692
39503
12526
12747
5833
45609
16912
12235
22721
16055
18847
2593
19693
5993
24811
13964
4513
11215
21748
24349
1342
30873
32867
41496
24345
18267
45
16762
29953
9588
21907
11675
8069
36294
24995
18646
33003
32520
5537
28538
13764
38105
14524
2340
23469
4611
3171
20657
24438
4238
43156
30062
47142
5524
6329
37816
3580
10556
13897
14698
3148
46899
7333
1205
23887
1311
614
2479
2268
7373
5760
18508
374
8684
27784
10261
21935
5115
26871
15364
43137
4141
30970
5516
19288
23849
12303
8063
31564
5351
13841
40584
20376
8592
6139
17559
3052
14796
12654
31045
15525
11617
9887
4514
18862
25397
26964
17903
33548
40635
41832
1137
5644
29313
3945
5546
11144
4593
14891
3284
1145
7862
456
721
870
17582
895
976
33940
14384
27477
34360
1294
28502
21776
34845
29902
7521
38055
26755
43099
29676
16050
33701
4494
11984
10579
43485
3828
46437
17972
8520
17304
8899
43965
6064
15766
12177
13851
31032
10502
5637
23721
8533
8072
23467
9686
15254
1061
10691
6762
9000
36445
23575
26109
4522
1486
19660
14906
37929
15242
14316
20264
2802
10690
20266
44410
3491
26621
3300
300
33287
5529
2668
38110
14236
26612
13146
4144
673
14362
7612
10963
5584
20825
25481
39758
40615
19939
17869
27983
28533
26087
22049
19140
23545
5401
15856
23212
10177
8491
33937
40083
14771
5965
9929
13808
30480
11786
22574
39891
8207
11659
3488
7453
8986
41303
3479
27881
15771
665
13426
12415
14625
22708
7343
18111
18110
12086
14171
21892
35551
34639
358
5664
9686
25880
6976
7655
27154
42175
24473
11564
19858
10847
18728
19653
44729
12760
15838
25552
13781
1294
10503
4640
359
5929
10704
1283
13514
2396
2230
1597
17348
12076
713
5132
970
21329
16951
14749
24857
7689
4302
14627
21244
10808
2858
12220
12182
9557
5755
27841
38162
4434
1841
1116
30920
1692
22294
17550
6156
29139
38709
7592
9532
13663
39614
6501
12728
1901
24238
16075
20429
31380
37502
6888
17803
36498
12901
24401
5342
23346
7470
2571
32388
3417
11112
24971
25083
34652
12167
21911
2577
8946
2777
36657
8148
13710
2868
30875
13325
5398
30778
21897
16613
15449
18912
8104
16867
4170
25507
23716
43224
15593
15629
19761
22723
34811
26587
18514
31019
10513
12664
12147
18031
45855
4044
26315
6673
1868
16516
35942
1505
2670
22176
14442
10713
12279
23915
20974
29980
40311
6393
33188
6059
19993
18192
5672
23319
2019
37731
8854
15709
20120
10688
26335
12650
8512
41763
1451
38459
21684
8231
11932
17512
13179
17162
23095
6415
39560
3415
10905
11681
36987
44079
31034
24118
15057
29779
25722
13207
22451
28802
24141
7382
10735
13585
12890
19434
18989
2417
12152
33896
20350
35229
14006
1269
12902
19208
32948
32635
5231
4037
40052
8218
14271
30268
12957
27854
16037
8213
7732
26788
19109
8171
24525
4428
4465
16747
15304
20856
8179
27448
19490
2098
15198
13985
39755
13052
39983
37739
34482
31859
12870
38343
28
24044
706
13060
35289
16668
2121
7034
1161
12928
32137
8783
1030
37550
18558
8071
27996
17138
3505
7438
5538
21440
39783
41936
32141
15674
22881
48188
27775
34461
29164
31776
34845
28011
505
31603
20196
10402
8911
31516
5858
15714
3102
23607
22853
21382
3994
11805
195
608
20319
33534
9306
11884
18626
31978
25972
17211
23588
20675
7460
20585
9438
34747
17039
9704
28232
18467
39958
24804
24787
12355
12975
5449
25972
39781
1639
11680
264
41162
11634
15047
947
35860
2912
987
15777
15615
24743
7661
646
2915
11120
4151
28172
6737
18200
27394
14497
34188
5254
16951
36461
47
21066
13473
38302
20321
12211
3326
26051
8371
37492
5419
42188
12259
7153
24342
17170
27533
29522
428
7025
20169
4205
3791
1665
18015
11037
20941
15022
27379
26295
12799
46222
39278
32564
13153
3808
19093
14263
32206
18291
21130
14253
2155
4644
5023
7946
32084
37498
16748
13425
16554
8363
25426
1483
25194
22029
7787
28238
16752
16284
8551
98
901
30523
5096
3105
21011
3183
14952
14281
6881
26301
11100
13346
16310
2031
22225
47295
6363
1900
19191
35895
15724
21163
3415
7335
30520
7392
15240
35812
2085
17998
8286
26245
1713
33726
14793
16821
7706
11827
16968
4723
4482
1958
10404
15932
2236
6488
10247
4553
11850
11361
31377
667
28653
10297
31612
13768
43497
25865
37962
10200
10200
11027
30018
4149
20251
28795
6297
28391
11262
2391
1369
19526
4246
10499
26634
15290
7613
9787
19056
8964
1842
35377
10358
18312
10802
8924
7791
9941
11528
29964
14190
2343
39633
13660
26274
9175
16739
2806
5150
31600
14743
2745
7659
22996
15541
16270
10120
13004
46767
73
886
5508
38587
12448
5131
6581
2023
6555
29212
17427
11282
7697
17589
7290
34085
6203
3840
33219
5253
34918
2305
22492
22990
828
28357
39559
17633
31530
28697
6247
39635
18898
35896
21775
3191
5438
5772
28534
10071
21677
28042
3152
15923
15957
14827
9346
31047
37313
16385
7050
16016
21783
6925
20111
21982
7374
13191
18473
21495
21337
17371
4343
1975
22123
6676
7774
16167
16670
10426
11133
5834
15331
19494
16217
30587
12524
18237
9515
4791
5687
22176
22244
8241
13572
41652
2022
12050
11379
6134
27123
1813
41358
26640
29267
27632
21411
1698
24527
4349
6969
12631
9369
21031
4109
1081
22372
14053
17686
21873
26993
12620
3037
3310
9978
21552
34298
7414
23199
15542
20806
5676
17065
3906
19540
15838
18579
5151
7050
32251
38410
7499
2678
6721
2503
4845
16729
16103
9918
16751
22005
16405
29811
18712
17467
5948
34341
119
22487
2461
11273
23995
5703
2981
23224
495
33428
25943
31415
25314
3461
21457
22506
4837
16191
35262
3029
13984
24727
27426
26592
3641
47313
11212
15588
5212
23750
15832
2129
21639
36696
43055
10180
25085
42072
31712
30144
19691
12488
30270
11025
7950
12268
14179
4573
10748
9913
1846
21839
8114
33484
16215
16864
264
25361
2453
4061
16656
23319
21145
10588
2179
17716
38199
399
34921
11046
2484
11711
9828
8298
666
8158
20276
34665
31596
45162
14119
26326
1882
19782
34579
21921
35981
28814
26387
35029
15569
10749
10460
2921
3962
18908
2071
23182
33712
16495
36405
24704
1381
26971
24145
415
38141
25098
5159
11628
16946
7648
24862
25580
2631
21638
19308
44240
29983
35134
9614
1309
10182
1951
11668
4813
20455
620
11884
44556
30812
13711
2641
21924
20164
11892
18387
2198
39668
21469
36401
7640
9193
9742
1766
22020
3496
7805
6355
10667
12005
6404
1851
16934
8104
771
13307
20651
15906
10881
10505
740
19478
30974
13039
32982
33452
23998
37769
11292
13001
15474
1860
563
25997
22026
11425
19836
9599
1648
15551
25959
10379
2806
13744
7716
23544
28673
10286
27940
18358
18819
32353
1864
34981
4136
3556
8773
4216
7824
12960
27397
13718
5319
8565
8991
11021
7596
455
23964
18418
1993
8186
8281
23120
19694
5968
5653
2022
21132
9366
11289
2861
8684
2957
12324
3773
17574
8567
858
14016
3283
9436
20214
16032
8775
34462
21579
38855
15899
3894
13877
12899
9646
27083
46560
17399
13939
3672
7976
3354
10656
3044
38066
13206
12204
18796
20223
6129
29741
9516
17390
9398
4609
7592
9155
36332
12328
3129
12940
25313
31028
11839
30801
1883
1645
866
26018
30508
17518
43547
20583
25426
22619
18195
105
1760
1956
13398
14452
5861
3847
6435
17908
26353
11848
7548
476
13492
22126
19054
8234
32158
8019
23921
8652
26876
33880
4574
6303
21074
15268
24770
14413
417
4216
5087
21723
31190
25334
12724
15087
949
39826
19223
31875
16064
5494
15430
15548
17968
12823
34816
7802
40151
27056
9133
5101
6892
20490
11499
525
9711
11111
15788
12213
14448
12948
8006
3004
15930
10269
20320
25496
30947
4660
11181
10975
31134
3249
20492
26259
21830
18717
943
20913
5981
28301
11041
2306
6853
2818
6312
17595
29771
41832
4600
1221
13712
6217
20152
218
7097
24812
7675
246
11763
17459
3264
15613
562
39475
4643
20340
31080
19017
17688
41235
3880
17772
19398
38655
9728
6778
16280
35920
8963
1420
6058
20480
12931
31136
8837
18339
5780
43389
2959
41563
10081
16698
10388
24330
15667
2638
8101
4553
17975
31715
24135
13448
735
35868
14308
33537
13464
8569
4758
7605
14785
3820
15431
19480
16169
4518
13207
9186
5274
17081
23172
1309
13908
22132
23893
663
7122
15733
16646
21088
10469
29540
15987
17639
16577
23372
14693
22936
7335
3468
10684
18549
1950
39148
11319
34972
40767
12906
11873
14437
20940
15354
1700
3291
21183
13027
6473
3109
5744
44916
25664
11358
21238
12086
10159
3264
32619
11087
10518
25209
28701
71
3617
7113
9254
17253
3177
2603
42679
2642
11267
5222
11778
20191
9132
15377
45530
6363
2472
12139
82
3582
13171
3543
29064
23380
17104
11826
3935
21900
18728
35765
32424
14206
13599
19345
25602
31455
35199
16499
1662
4370
17460
2437
1809
18782
14853
1751
14458
14519
5935
26804
1168
22212
27260
17263
23650
29002
5390
643
12155
8593
9693
14095
6238
36556
29795
3115
18644
280
8450
12957
43898
165
27416
9754
12828
12348
12254
3013
6639
16923
16853
2716
15642
1488
17026
43191
14744
22922
18660
18912
9172
17713
11777
22003
793
9367
7021
29163
4680
36508
8607
26073
12442
26403
34227
48
7098
9300
17862
11107
10307
12020
1583
33257
4592
9366
4650
6125
8972
29391
4882
37868
33056
32813
32212
11065
32373
13137
31246
4124
4889
31759
31579
4166
2735
14129
480
6904
1978
8457
10368
1421
6377
31476
14320
84
17807
4289
6541
25261
3425
26423
2770
584
28326
35461
8479
1574
31465
40324
811
1916
3631
21876
8973
13484
27377
32356
16818
12501
22135
34049
15725
27290
6054
5755
3353
30769
15617
5118
24735
3813
14040
4930
22012
24353
17239
18088
22910
1896
9014
29651
21749
11039
2404
14305
13134
3462
28921
16836
14693
10658
3842
3994
7428
12825
15224
3562
37489
27523
22709
20054
34794
16386
16654
10581
10027
29444
10452
14985
3118
21724
3537
10213
8977
10497
24085
15698
12772
10551
17697
38809
12478
39473
24628
38907
6182
4013
22992
18183
13350
19721
18224
12346
15824
5698
45695
7617
18402
32556
22980
28025
2641
17059
16679
34685
8167
36697
40215
24451
20097
17122
34120
37897
33889
4483
791
14130
39063
17261
29039
29515
1465
31639
24822
9022
27736
5409
18085
31691
38130
1266
11043
3496
29831
26046
23919
5277
28210
10461
18854
7688
26836
13604
13901
6732
2431
5477
23935
23145
5626
25294
25906
10200
43546
18397
16160
24607
26822
43908
8098
4732
22604
12976
35219
40533
2182
7233
29005
19863
26145
27211
38065
12061
37752
37183
23333
5636
41217
6918
15120
42088
8236
2018
5265
26038
21356
15060
8051
6192
39248
13582
17110
39015
11846
5905
907
10092
14395
41120
27036
4967
8781
4846
42137
8645
20320
24290
11944
33018
11451
8920
2378
3310
15700
6729
20082
940
7060
11279
22349
633
7940
13692
34886
14799
20043
29395
27198
26291
36158
11894
8520
2120
9631
13759
2505
8860
24371
11971
24189
24510
23260
3450
3373
10403
5270
30620
20018
24284
8767
10169
43452
20967
19353
27921
14545
17035
38771
9297
11352
4270
40615
2486
2820
10893
36530
1189
10723
38710
18022
20990
19631
39702
3286
11910
16295
28520
14459
5086
22720
33394
12626
2861
22059
5618
506
4297
2002
19318
5420
27422
9942
1484
19271
23098
13835
20663
26053
8301
12035
9152
22944
3511
3044
22996
641
5418
6673
4977
6014
21657
5679
12334
6062
480
3100
6687
7698
2781
11181
15765
13526
32500
20973
10273
35212
7544
3832
18842
1925
3483
35570
16793
22045
10485
574
413
4675
13569
12183
424
21335
10501
22763
10167
5758
8063
9021
2571
8269
20296
1240
35822
3439
2621
21100
233
22675
13370
2588
838
13314
27054
35821
39638
33616
11904
21203
16270
21688
20364
634
8887
6424
9807
13588
22115
15003
8098
18044
38534
5932
25866
46187
31048
31865
6282
8442
25139
18150
29629
45716
8206
15220
7840
25595
28960
8032
13200
2151
3647
11298
17522
22679
18498
2011
15950
17983
23816
19143
25312
17033
31220
32279
8973
4267
31937
43504
11287
27033
34039
34885
19600
12097
11633
42421
17338
4508
12817
35144
12743
32848
1285
8309
3437
276
15604
3633
41972
28981
25466
13701
1473
34873
8233
32233
35444
6421
7472
39056
753
10612
269
20755
40208
25811
17888
17853
8756
3073
8351
2594
45551
24337
37154
8252
1549
9283
15930
38357
25360
16263
4982
13118
5987
31962
18971
8277
30319
38091
23904
23862
6730
22060
12243
13657
42467
4919
18027
22433
7287
24894
17056
30742
2528
20538
40632
23799
7972
45348
40797
27529
16163
30030
3652
8313
21471
5654
11446
7836
7032
15299
27649
6043
611
12138
12970
38009
5491
4745
662
17464
7090
28397
7584
24235
2134
6462
40768
6154
29085
23785
19715
5358
5505
49
4319
5170
34837
11413
16999
16117
6922
1291
37585
17933
16986
3335
1220
25471
20430
5759
4064
13587
12731
12616
34798
19068
42506
34267
1231
23689
31078
10907
2049
34198
985
30280
9095
8527
31995
1243
43652
15916
20308
20563
10828
20748
7709
28958
21478
2961
1430
37087
15652
18446
29861
6732
33384
4044
3867
11178
19528
9860
15993
12123
11065
413
7004
9377
22698
29242
17694
1374
24107
454
38339
23270
29222
22393
13848
958
7008
7024
26018
27011
15845
16470
29282
9365
19497
38324
5306
16131
39887
13729
10528
18098
10998
18045
13999
9356
12162
14090
5692
11527
20165
9574
22230
3992
1446
14811
46476
34326
5446
5409
6227
1432
5215
6376
23476
21767
39000
31249
32721
3885
283
22983
19504
25157
5240
2938
17864
6650
570
20834
3246
4651
31390
10235
33845
21687
39689
9115
4460
7322
32012
21081
11247
22678
25567
12213
24473
15789
25532
5538
8379
19844
9892
4762
34846
1215
33674
29801
28220
15687
34448
1660
8425
21547
3306
3786
2683
12922
30269
4515
5060
6207
6346
20365
30250
13158
5427
7997
11097
19844
210
2131
18648
11265
18812
29089
23675
7968
31592
14279
25647
15990
3519
26218
19809
2771
9051
13022
17162
30211
10601
1342
30218
12232
28441
43344
2743
42269
3784
12985
5055
11840
12698
34643
46155
7394
47675
12048
1848
4631
5746
22489
14136
26761
21601
3599
28407
737
10415
11203
13923
17407
19158
5113
29372
969
11046
6700
19783
3337
17115
20658
2622
7706
16132
7307
24142
12405
12371
3992
9296
33383
19722
14475
7276
27668
8006
10981
6659
34263
30011
22879
8899
13557
22659
9598
11113
32956
11808
2631
26623
4095
24424
20311
2579
15049
2400
19130
28386
279
23135
12276
3107
3440
3056
22704
14997
23656
10998
37788
4596
12804
2315
21901
25705
1647
18900
45427
13300
41220
23709
37984
9231
29374
887
17140
19123
33057
2027
14380
22849
18888
15167
14803
13715
5894
2291
29750
34687
20541
6843
31991
8086
3716
23403
15378
5079
10025
29584
27824
33012
755
10895
39112
38700
28377
10955
10770
47738
38056
20214
27337
18390
15024
6639
27619
19258
25561
18362
22824
21419
31158
4679
23373
18620
33986
12334
33111
21123
17178
34241
14471
1268
5137
3376
3826
21367
37635
18524
2438
12575
20249
7671
25948
14762
42536
12431
238
15139
10156
10950
24099
6122
1489
22771
21702
9006
9329
10267
21684
29122
40635
14346
15427
1350
36317
33147
7996
29431
21022
12124
1272
3219
31649
27428
31374
31560
10352
12919
21904
508
6978
6376
689
27462
14962
28888
25210
11058
23929
32640
24148
786
11387
31886
872
11756
20669
19155
2591
24377
6232
46725
39717
261
5413
10770
36262
14420
14740
5186
33229
26498
22231
17356
17491
8065
5594
22107
14285
17356
17251
16594
42496
11792
13872
17052
13536
5158
30562
24192
2650
19568
22682
16017
22761
40014
33326
29813
33230
5583
25360
10604
11680
124
14921
4107
37018
23568
11123
9524
3555
1426
16795
15742
7968
43254
13868
2398
5011
38676
28422
14451
5266
11379
9088
4640
28600
4214
10216
16917
26803
22743
5493
18703
2525
36499
31084
2562
14060
7015
26981
4629
4290
15048
8949
26562
746
2968
32351
32248
12847
13019
7703
25122
25058
6871
6147
620
24926
7708
1438
17925
34524
30636
4846
7482
36862
10
8173
22781
25992
988
28979
34236
4357
20842
43090
22386
2483
2146
2878
3048
18992
15862
23702
29116
11048
868
3153
6193
33625
5787
2437
2521
6528
11967
5138
7311
9499
23746
2747
4438
30081
14962
26259
20923
6472
41396
10343
19510
3756
32792
818
44213
13762
10920
1055
18674
16608
21755
17133
2664
32140
8459
32069
25769
31422
8248
10909
3354
26776
1995
28087
27736
18632
2665
13363
8313
11031
14342
10685
36975
8207
34138
12963
13086
30608
37478
26684
11766
10859
495
2333
17667
22733
26186
32878
20901
3226
499
15015
4283
9989
21333
3289
11447
10883
9141
1639
26935
9801
16573
7412
23197
17735
751
7923
17691
27924
35525
19956
2635
27484
38294
13094
7081
26771
164
44962
13612
41358
18454
3926
10727
19785
38578
3288
13599
28463
14399
27094
20098
12832
11200
2549
16928
11441
7258
1701
8267
26171
22191
6689
1763
19667
16474
19317
9097
3084
5120
3352
13161
18779
28417
12663
13237
3895
9993
13544
13633
8803
19273
4792
22988
5559
2711
6313
33687
27044
4288
7692
1480
28626
25416
6125
3851
12343
16174
1715
17413
7115
13204
29113
32243
32156
6385
22635
27326
1204
36460
21988
10480
618
31584
4339
35280
18193
9677
14621
5735
17744
29272
3276
25325
9602
1064
22635
6678
11730
26268
9970
6466
1837
8908
9056
13466
3017
6508
11830
41973
3057
1630
7036
13456
5081
4930
1365
5606
5877
18076
28277
18399
12228
12640
12088
2000
21232
9185
8442
14150
25029
19920
1461
5938
4001
3274
7652
2811
2579
21956
784
8478
34745
1954
1006
20080
11203
45
8968
5054
3050
25766
13012
100
13442
21537
3587
36647
7098
11709
2628
28300
88
36556
184
14790
35200
4608
31513
38751
16635
10686
43258
12227
24896
43311
242
28756
37601
40962
19417
13419
338
22678
16879
5493
29782
23610
18318
15053
14
25085
1898
18978
25207
43105
8631
25161
7224
12885
14403
18322
39457
11925
8569
26414
31154
9159
31961
13471
20821
14986
38177
13316
10126
8516
8887
15314
34928
4142
3234
3185
1306
37503
19171
23955
5574
31404
7868
13795
33363
23785
43091
15551
14285
6558
38656
3057
8998
14166
2764
11242
2153
2401
36649
482
14900
43335
9437
4909
9155
9086
4234
938
5293
21160
15117
4484
6060
11509
26641
42
14899
2184
30
36650
24069
15630
16784
9382
24648
45821
21242
18041
7263
22128
14321
10100
8042
33337
24011
6434
10546
28040
20986
1063
39623
10296
17922
18742
14749
16423
6610
4009
8166
28347
413
7772
20229
9140
40778
24463
23571
1659
4081
3282
22241
5018
11458
6473
28848
3912
32392
10612
13827
23673
2803
24149
36953
6230
5635
10001
16626
121
20992
40167
37624
16506
29508
2156
12780
32123
21774
5695
33353
2406
27506
9494
25984
4736
15022
14409
13426
29443
8728
44829
5716
8103
3604
7031
21762
12571
19562
27805
21122
1823
19788
24022
5390
8073
5481
19609
26686
48855
3805
4713
7351
18716
8040
14871
36064
1588
15934
7994
21598
10351
11573
15950
12801
2251
10159
10387
27405
9996
22241
35137
1443
16621
5515
9879
10689
18514
10792
19183
1136
1302
10916
16550
28338
4730
40125
28962
34538
14450
36047
132
4812
12334
14585
14607
596
25099
7821
46560
8799
16389
36088
9673
36681
2027
7177
1177
21288
32966
3938
34944
20356
32433
12661
11664
1949
6799
10650
8969
17844
38515
10811
19332
14686
37229
684
18113
26601
18086
35164
22799
17997
5217
785
16334
1345
2818
5954
13124
6209
29432
8170
32506
29487
9710
37193
39933
24979
3863
8813
1941
9153
510
32189
9671
18379
31563
4760
10376
14671
20037
19608
18992
9227
17316
21088
30208
38014
8061
7249
10330
5761
6766
26968
14511
1693
20149
38138
24743
39853
9754
15840
16766
13382
4316
2029
4561
16023
7381
14695
13422
25266
25341
5656
2479
27110
7406
15194
7708
6926
7310
5264
22954
5861
1351
7404
12652
6626
30004
2702
38654
27326
17929
10662
9755
46335
4588
8332
5556
25749
34344
13027
22073
288
28718
32215
418
19516
17750
3947
24834
5243
28125
2859
8874
15189
5464
1732
28052
34268
18506
5020
221
39506
37586
15778
18754
22514
28467
26915
2368
13592
6928
5674
3659
13777
5963
21054
1536
2452
42249
10720
7579
7731
31781
33869
36989
32356
28539
7595
3585
4136
8627
9741
25761
186
42219
13277
31663
1122
34210
24056
17015
10621
17767
21148
2816
898
5753
5405
41355
13505
5761
49159
1890
23394
24557
397
2238
27339
25997
26262
632
10380
2787
39921
7334
576
4400
15347
30499
2550
32131
1408
15528
38230
34458
19373
22976
21693
19167
15684
21757
27135
14443
23473
3245
13808
9548
4207
1664
31499
34237
33631
18750
9585
5058
1236
3665
81
5552
40265
7911
12214
14972
17380
12046
26252
30262
8687
12323
7680
7607
18027
1003
13749
11537
138
12001
22252
1607
37601
862
4585
30027
13075
733
15444
1009
18400
506
29852
6790
1847
12608
12284
3668
33178
30299
5211
27730
11246
16441
5460
6934
7064
7056
27292
11266
4111
23538
490
6986
41452
17401
382
18966
1545
8614
20893
16255
33180
1172
44332
35644
11958
19619
22543
10175
7803
24569
23408
14126
24267
38777
107
9800
19932
42699
2220
37047
6240
1222
13598
21982
7771
6579
6770
5682
41403
40466
6317
6073
24908
13597
16693
3357
4267
513
26437
4969
1016
10450
15526
2761
25093
21992
26029
11785
13868
2816
22593
9869
7776
13714
9137
27116
18265
17128
27090
11086
21828
9014
12221
30660
24234
25020
4400
5944
19058
9589
18395
9521
48332
13291
9482
5759
34496
23
3445
21158
15875
33925
6539
30992
34887
11654
26372
17695
43502
6533
9271
3749
6924
43322
13840
13052
20443
1560
26762
34470
39477
1989
32614
2893
23291
14168
30892
41511
150
19640
18020
235
9519
40997
37048
1548
13322
10876
10866
16500
14560
37717
19374
1664
18995
19148
11901
13984
37556
1698
4847
19026
20370
25795
24933
28191
5128
11311
15606
8021
17479
6847
1699
7623
4101
7226
32769
32090
6546
17998
7256
4391
19174
9547
1300
77
19462
8442
2972
4881
434
42461
13000
13045
19309
6511
4190
21852
19783
5862
10456
1077
14027
42859
14379
23115
38693
9577
13264
18205
10837
31165
8174
2619
29411
30465
22462
3509
231
2101
13373
29456
2522
27879
34810
12049
20439
13028
24246
8218
13492
606
13547
32288
2595
16626
18991
2089
20812
5619
2394
5399
24019
18811
23356
5962
15848
4644
14229
11088
39148
27458
10789
18043
11792
18899
35034
23084
1096
1117
19791
19456
38834
25915
4242
1161
5325
13753
27601
10580
15248
16440
9316
39842
20159
23404
26050
15879
6982
9353
5456
25050
15979
7787
17369
6488
5898
573
15643
24693
18087
38000
11156
7215
15595
9072
26330
14030
19923
20743
10548
1590
33872
31584
37592
8893
10266
19536
29265
1060
5208
31557
18217
11627
15446
24479
14792
19454
20264
1823
15333
22587
19646
45637
1502
23036
30201
4142
20489
38740
13933
20480
8443
12666
314
4140
2363
16706
25294
15412
2731
7543
20076
13361
14224
13987
4220
22184
25099
16170
24530
2626
20270
12761
32293
5329
10271
17078
12855
12706
19924
23499
7428
19844
10494
6852
15756
44929
21850
5477
17336
16239
21110
1462
2957
11888
8691
19419
11669
27635
12163
3094
22534
21331
8999
20646
30485
702
105
36487
1050
30695
15312
11164
27807
14955
7134
3633
12250
24537
12224
4086
4162
5872
5114
4057
3504
11973
4217
7378
24500
933
17910
7691
19404
41959
34598
12401
2242
1217
32860
41060
10161
1327
10037
4166
29624
18176
10008
22316
18279
267
641
9627
24479
35457
31315
9636
10832
8772
32801
12422
15490
6128
35586
20483
11643
12057
6794
6116
34062
29447
41420
9662
21211
12475
18694
16469
26351
19649
2128
40001
19217
6803
864
12104
17623
7717
6672
16760
1395
22379
12586
39430
7820
5415
23496
13053
14574
16824
26562
14267
3746
5307
22574
31220
2320
15641
21162
4801
10939
9646
4941
2355
5269
1324
5776
6869
16104
22014
12259
11332
20066
6881
6689
42919
12437
6648
6437
5107
6767
19037
8667
27355
30184
1671
9574
14974
7174
5504
18091
26644
10914
9739
12592
6057
18718
13615
18275
11066
1512
10423
14984
17861
20908
5489
15416
9628
6300
4978
32487
8490
13960
26949
12373
12999
22672
44766
11052
6783
11976
25703
5630
12233
827
15476
13325
8507
16459
22010
6410
15081
14153
25276
734
36633
6313
13738
10148
17623
5646
2008
13637
16367
5784
16667
6543
18480
3462
8443
24781
31613
5174
5480
23151
9
5212
27203
35440
2636
13997
31942
34190
16040
36421
5751
415
11961
22205
24838
3282
9933
34253
37833
36664
1040
35089
33
9831
18574
13185
17809
4672
2556
26080
27865
40446
23700
19229
5011
38472
4946
32038
41579
3612
4383
25685
27047
892
16196
10931
14200
11065
15527
23026
11994
16845
20116
12977
18010
11324
22430
36030
32712
24014
25860
13879
26204
19073
10356
41515
21320
461
5938
15446
25434
11917
8077
33004
41982
28660
5560
14683
7642
7938
16649
9592
10130
6112
17269
20176
4121
18283
245
19074
17233
5447
14899
28427
13886
5394
17786
6616
6124
4601
13766
37928
11213
30144
6967
8095
23119
25799
17523
26595
4972
37105
22216
22042
14240
29615
16615
921
13801
28257
17291
38156
6257
12524
16719
5886
18516
8046
31678
30105
13798
4426
3406
19545
9516
46744
35249
17604
22981
7243
29306
39735
26064
6272
32122
2272
8399
19378
3892
14829
18517
681
15976
16009
35708
18363
7512
6367
26770
1515
31743
3027
13557
14898
41662
21757
7855
21744
8981
33951
28138
45291
13661
25169
14778
10428
9766
12479
4394
20545
3859
5922
22142
6914
9671
3492
5123
13151
41824
29264
34005
4159
33054
1559
11524
12899
21101
2380
13616
19506
2524
25819
2464
31225
13476
544
34078
30133
32184
8258
15000
3479
18583
14962
27003
3671
28685
36860
10515
7823
43283
4434
20642
4880
27846
11865
1828
27
8711
10021
18084
10506
19337
8259
16235
32726
37501
4846
17166
10387
28068
27281
20880
1361
31675
18569
36670
16794
7660
4486
11557
7632
6747
18779
1616
6460
3986
36433
9876
3464
10436
9956
11348
3346
12499
27087
2278
33357
16852
18933
1603
40955
21532
12107
1563
24072
16620
6100
1624
4644
13130
2157
23811
29303
21892
8487
2559
4247
22148
4087
46684
42199
23647
25177
28442
24555
25793
23947
5987
45979
21774
5515
8569
24818
33270
32101
10966
3310
16173
375
3902
7229
16025
13838
1312
6591
23567
741
22117
6006
24768
6260
30869
6864
6074
1406
14922
16960
26009
12179
29333
15313
7932
22092
17028
10590
11272
43241
624
18497
17506
6435
14428
42324
930
1547
22675
22533
29293
4584
22100
10581
14666
26431
6461
15724
3515
33443
13592
10621
18708
3540
41415
20596
16167
14640
10946
26977
5163
3105
11576
13500
19735
1972
28179
37310
10730
4404
3936
7038
3482
11802
32798
28321
11198
12361
20933
17424
10159
5861
25189
4343
45704
8938
33869
13197
4463
8909
2958
18808
15385
10196
31912
422
7411
17755
28766
28848
29904
15499
5838
23912
12600
16446
3327
4422
9327
14248
32553
1827
1471
41911
39617
4232
1486
13337
6435
7619
33952
7705
1271
5457
2430
9898
40326
862
1134
4541
29860
1438
20273
2828
19367
39662
11443
3206
28551
24619
23495
18896
33828
13841
6987
29536
23533
12857
25758
24912
11858
5076
37567
10631
7447
22240
13694
15230
32200
5773
38825
35037
4120
3516
36239
20382
22614
4260
39216
4237
22758
42724
27828
16152
36553
5972
2538
9429
16202
27513
2017
41553
5708
5049
9584
7300
3352
33383
14261
19682
22240
28369
11507
8945
2341
4470
30965
20141
41952
41059
25038
14030
2059
2029
163
3784
25267
22563
753
21189
11819
11296
21705
11559
15951
21541
43802
12040
45219
14608
4461
35529
10398
19153
7768
21381
28555
5289
1127
31498
23710
6519
48790
17435
17442
6576
26938
27159
29609
15826
25540
16396
980
20838
19653
36094
667
21975
35986
29220
1096
9950
12197
38090
15139
4482
7598
9051
2187
7619
1364
23578
9207
4375
12281
942
12012
16472
20696
10598
19329
8634
10227
104
9150
14916
2828
9472
27018
14322
3927
5720
26958
27742
30171
30831
19589
6800
32433
26258
17824
9302
8602
14250
11664
31226
7093
39394
7307
16000
3403
13038
23723
13311
1943
24098
7267
35424
923
15127
3895
2685
13694
13655
21648
7969
8477
3125
34842
23511
20688
32244
16868
41133
51
13663
28887
23165
11821
2838
3399
31751
15666
42209
3475
14085
5950
16205
14278
1924
29211
1727
14957
41818
11091
23419
48030
1099
23190
17490
2216
24960
30171
26435
38417
18471
11755
29323
6044
30671
27662
15547
44235
3697
5157
8916
3027
110
6424
10102
12225
27180
22141
28447
33916
5367
12234
37400
14529
32455
7902
28428
19461
46
539
26096
25077
29711
27452
14929
9573
27773
29476
33
37328
2737
20378
15794
326
34722
3476
16648
23153
6801
4501
19799
10852
19803
19949
26502
24399
25198
13631
10384
16673
9455
4586
1274
48582
1764
6515
344
14547
33661
4279
9584
20548
11971
13126
23384
23133
3911
5370
8310
8108
36818
14006
6370
27398
10324
1526
9894
34317
25478
18424
8168
26861
1269
46524
6172
7289
9514
22557
6558
26680
7651
412
16574
18426
1470
1657
36961
30178
5792
2600
13550
35618
24956
13894
26571
30035
16394
29034
15233
31317
40137
1328
12716
7402
16532
16565
5320
19966
26708
8787
8356
10205
5702
23115
20111
14835
781
39720
2127
21510
45069
25396
14024
2602
1834
7148
5412
30018
10354
2812
5826
15032
36034
3313
16866
344
41083
14692
9240
1070
2175
8616
6605
2756
8056
39493
33388
10733
6963
33499
4136
34288
13516
3198
22312
2993
22187
18892
12083
14513
10119
1707
16006
5414
10875
9034
46288
10359
2551
16489
26762
10910
2942
3228
11911
19951
11387
28011
42509
23304
7315
24768
14102
6186
8101
41462
31460
25795
10407
24035
41385
6661
25068
13343
10768
8018
18572
39517
18636
11089
7747
27317
13315
5407
1154
33065
405
12451
1468
16074
2900
20314
10964
15005
39327
23572
26884
6388
1763
15379
26130
34793
19844
11852
42485
140
13308
3156
11415
3139
43347
4472
28350
14736
20343
16848
32125
24334
18788
40412
27530
19103
28288
25688
2027
6602
66
23139
9310
12715
8903
45010
12787
8213
1544
9701
12237
965
5958
6314
11840
2850
13529
13299
13646
9548
13471
12297
7697
8592
13174
42918
17167
28733
20743
5907
17904
22780
12849
5684
26483
23976
41420
46849
11597
18326
9602
40438
18637
42654
21756
30039
1910
17224
102
30713
1933
28799
3421
7043
22761
18415
21209
37289
1928
10909
19410
1534
10725
7217
4290
9817
22933
44553
12317
3150
11078
5233
26432
9805
18625
17104
7621
24991
14102
41472
6770
38262
3711
40569
7865
21174
43626
287
22177
28323
6374
7564
4504
3350
11821
13142
5348
32841
18893
3868
24609
21283
13709
5987
42968
7017
29919
18763
8049
21594
28138
11031
23672
23051
7978
1843
6065
31064
220
19424
13643
2375
35664
8468
37941
20219
28346
13715
35315
41095
3642
24660
16587
946
11911
8790
10335
7160
12831
19524
7878
24241
8422
22895
19171
10976
5551
3116
17281
803
6727
4119
9736
4362
29661
8785
6567
22293
568
7896
6002
16252
20291
9981
16576
7269
8140
45749
15134
13269
13993
4074
37316
28941
25574
25975
3817
8495
11225
48245
9331
31669
7967
32924
31859
13162
17490
7739
6125
10088
17844
16232
25456
37904
18966
17363
26347
11288
4989
1400
2879
26194
18643
32801
644
3334
7299
11769
28310
1013
18622
45026
32466
15981
5360
34712
4169
9299
11405
40762
12204
10046
16239
823
10721
13556
10937
38591
27309
12442
2003
21594
24608
1465
22197
3583
6728
21304
16293
13284
15585
22382
3186
8460
14131
3119
24011
18623
1120
34639
9490
12340
27066
27250
6539
2336
5683
9696
8731
76
7002
9941
27940
2382
22952
655
14634
11281
12196
5395
2751
13767
10817
35288
33705
23833
5897
4541
17782
31066
26126
14843
4964
17125
33486
13815
4329
41963
4901
22081
23322
9067
7421
9244
27245
2316
12964
1045
14936
259
26569
34062
1084
5545
31810
32073
11042
13570
1283
2429
6191
43832
15791
3710
17644
4435
24872
28015
35
6926
31028
9611
15644
33542
19511
9499
2253
32784
942
2638
43120
7485
33614
2331
14241
25850
3896
28959
14817
29762
26960
46877
2047
14198
27099
17095
44869
4949
37237
3561
5788
9399
37394
34928
4101
6637
1676
21683
11832
12770
39099
10618
12600
23418
25084
14512
30268
28664
2848
2496
2104
6886
4144
1772
21934
6356
19460
1005
5813
21388
6267
9646
10859
3827
1096
23435
17556
29038
2226
14237
3847
2838
16673
15918
7204
12559
30172
8800
33540
3102
10854
10009
2078
38554
30193
5428
24841
11862
12599
44438
1435
9601
19783
13490
3699
27080
25349
27643
15092
11389
19901
12698
10095
10877
23204
22071
3483
7958
963
8647
20179
21325
42017
28405
8256
21704
6320
6660
10030
8541
39736
19637
21125
166
16701
10554
30975
8040
8379
7204
21166
18437
7833
14596
35060
17227
20843
29318
1780
19508
13778
9136
3307
14501
12441
7486
19578
1658
20157
20906
43763
9866
19566
5001
7951
34107
5905
24662
26124
7865
26743
22572
9649
11100
30302
9437
28352
16046
29224
9296
15261
1264
27860
8037
14868
31127
6479
10826
17872
10769
16369
12369
9908
29786
14976
38947
44424
6027
456
26371
8748
9140
16326
28920
22894
25473
5440
21434
24624
41267
1984
13419
13124
4431
5257
20137
2555
17580
2849
45844
6153
35141
21905
26261
16022
4481
19652
486
7789
16349
5128
21834
10834
35189
27247
31948
26259
12947
1355
38728
23415
2913
2569
21640
6233
11072
31536
14365
13064
27390
36233
28440
38762
2261
29296
10919
41443
2324
21446
14339
4936
37818
7849
7958
40715
2942
39787
7779
8225
9560
24892
7632
2379
2740
7880
12631
4098
28276
23931
25572
23625
30428
471
7040
20214
9636
6333
1169
5874
4496
41526
15921
2234
1812
27900
19868
4714
4456
2082
44289
13070
24249
10916
8974
8966
40039
14322
18450
34448
19714
23300
9008
15991
25699
7065
1176
20658
146
26503
10296
4193
17648
14078
16432
21069
23029
3874
29782
9011
9217
33215
6258
23619
7844
21658
3039
14288
13393
29174
7568
22944
5977
14278
25621
1383
6167
1842
1673
4682
6668
18287
19881
44154
2750
15679
5612
25525
12806
15975
26707
34424
14897
6420
3111
24945
818
5559
8996
10036
15787
31891
17226
20431
26511
635
3626
27205
14238
4750
44433
10304
48992
23406
13390
24905
3920
12798
36613
45150
13054
33243
14292
31558
6690
11968
4006
15354
3516
14631
7294
8832
27353
43987
13217
7361
25570
28089
1033
15134
16413
12247
22814
8309
20523
1813
10402
11825
22768
11208
7012
11471
10387
2090
27069
16771
23511
18770
15710
7452
20438
16054
23187
25527
3787
3255
2529
2235
26818
9146
30919
4166
3963
22880
30733
41695
31707
30315
14790
22548
2816
21070
2378
13893
11654
8222
21498
1301
684
746
5739
13769
9092
3232
15896
626
10978
2424
6404
23899
4130
4185
16368
11845
23075
28209
19446
17862
1078
28287
6820
10638
11483
3736
4998
12307
5966
4752
5804
23072
31080
20776
21029
13420
24185
40670
8307
12478
34541
4551
8793
2163
22729
32934
16999
6347
10855
20971
17403
7747
9396
24394
1261
18493
26649
16914
14819
1217
4104
3781
27239
5901
24939
1832
19126
1289
34689
27151
14087
2804
4595
12210
15862
5070
23372
8585
6096
12162
6818
19895
7912
8844
2350
1347
4222
26137
19281
23394
17885
11768
11241
10122
16528
11973
13796
1700
28302
16705
4666
17847
4138
5679
35356
5207
33007
13557
29971
626
4894
801
6798
38074
4314
24345
17902
7086
36448
9591
8629
5873
10400
2389
43436
8189
43990
13360
10954
15276
6266
19606
19916
14152
18330
19648
4177
25432
20856
1308
22277
30501
23464
13942
10403
7550
33647
33544
36144
46277
13592
27705
27718
18858
23608
18952
2248
27116
10352
1388
14813
30455
32291
13546
19390
23599
39041
12373
19880
41153
37291
20927
4423
42951
27353
38217
10438
9109
21099
26012
8794
21539
4684
7999
26334
18389
29266
11968
308
7129
16098
28481
902
790
30268
27745
13652
1165
14074
2300
14513
32508
9978
16052
6079
31817
10655
14761
40958
2225
40879
30264
28067
36991
11542
39642
6765
4934
18660
920
23497
11891
4868
14504
24397
32086
802
33885
6924
4831
5794
7073
27913
31572
13606
8314
11080
2534
4554
16705
33440
13938
18964
16897
22295
17221
5286
13282
21306
23654
29774
19703
11641
9322
3739
1020
34221
25693
270
11294
35634
4901
16019
13858
10112
1599
26000
41246
27513
23027
11941
8395
4216
5437
21134
10569
22672
10173
43190
4515
213
10391
35611
12127
8692
34298
9446
31925
13660
26913
8665
7795
15336
16215
38204
30471
12385
6820
5066
19604
1362
20850
16726
6058
31003
1344
17325
38297
21123
25173
2353
3192
33245
4970
17155
15196
6485
16316
12454
8295
9798
9323
14155
813
8743
15891
37317
853
21558
12499
29619
898
17751
26983
19838
38176
11613
7167
25985
24697
18715
7474
6637
9741
46990
35137
33729
18988
16055
9260
6107
1041
10173
30841
29974
7210
729
42016
4654
1265
14338
19785
7503
31064
1243
9182
17168
9240
5341
4080
24059
22491
10169
32883
2158
33881
4630
26262
23276
15945
1512
29807
16867
10764
42701
10459
9705
1157
13347
35327
5182
3718
3394
15533
24899
29948
15007
774
21979
34352
19098
17016
28139
18438
22657
23919
1714
12995
8132
3630
16005
922
1439
41276
4695
26589
36824
9289
39172
16734
162
8938
24295
9324
19137
10203
10115
18220
32796
33872
2119
23197
14699
15913
21799
12290
13894
12285
2558
8440
30884
3375
14217
14378
11977
32656
10159
22208
9124
7580
17189
22529
10195
3496
32396
2596
24389
11876
14289
24609
11684
25990
27074
28333
13756
13310
22951
2798
38426
7648
30108
36675
8358
6588
825
26339
25222
14703
25424
21195
20710
9170
25081
27972
557
12766
18039
38190
11588
919
1428
28764
6914
246
6821
3884
5189
14631
7074
24460
8947
7987
33518
32185
24444
18882
7321
2300
11969
539
20979
28481
6763
1220
2216
3427
2957
834
6683
2311
30268
11082
16884
6212
5732
3858
15268
11450
931
34824
12945
36216
13119
14458
13345
7785
4999
6592
3408
1268
14363
11971
17544
18126
33180
6088
34566
6611
38509
24782
10748
8054
6763
15584
3320
7377
6028
24726
31077
2797
12642
13466
6802
10335
14296
9632
18595
10338
15406
5814
22709
1091
15742
21491
33178
18909
28026
18432
9035
2682
14184
30439
1961
12605
2870
26878
17732
35304
165
25293
21897
30983
5129
14543
3261
2024
28243
17231
7193
400
857
6596
31664
35416
28654
13867
8664
36406
11058
5112
1289
30237
10948
22025
28295
30831
35041
4843
9457
18883
24662
26491
8902
23116
35770
35346
21872
10558
26998
38548
7707
18292
7012
32291
26879
13364
18237
42283
13251
9603
15168
16708
22376
25670
9308
33341
41018
10750
6452
2222
3319
4458
3135
17776
5224
20612
29003
25486
5324
11901
24623
4785
9792
29492
4792
7881
22139
10728
786
15696
5782
2955
24854
41810
4373
45576
11669
32363
13700
3876
1164
25432
13443
6557
7094
35073
20124
34925
5522
35377
6814
8853
19989
30348
26723
29068
34456
16204
16273
31669
12565
42985
33776
8584
34486
16659
20776
19370
33517
25044
9765
25115
13110
38293
11762
30410
24019
32259
6577
28375
5798
2011
10183
34696
25917
1008
37810
35044
17220
76
7911
234
11508
16988
11346
9695
5790
2354
9569
15564
29946
23584
44015
21298
36527
20147
2170
6439
20281
6059
22446
32012
24760
1002
7573
5377
28050
23182
13408
15683
32415
8800
24326
2109
958
28450
38127
12738
11013
30241
6087
18474
26334
30765
36136
262
11323
23057
6784
22964
33457
4232
40372
9463
22514
12973
1663
10502
23075
4399
19072
13513
26910
21942
7376
21933
29776
6349
4161
28429
11896
13667
7327
243
20081
206
29321
10915
7839
1541
35392
3164
7246
17463
14794
29241
5318
10796
24692
7348
6593
18405
3019
9993
14808
32100
12082
1233
18592
3259
17301
18842
1297
8544
40140
9566
21755
1848
5653
24068
28051
4801
30828
9014
24974
21610
21505
24759
20096
19038
2464
17972
3240
41170
3847
8615
18185
5911
18126
7825
18600
431
28604
54
5404
18561
20727
37257
30222
34706
23398
1963
830
19494
40883
18386
25659
23812
22376
32352
35864
23552
2066
2329
2712
652
14664
10859
856
2612
6818
13369
10266
11476
25407
24062
26235
30226
8389
29988
24054
28522
7302
7478
7096
3785
6216
24642
17465
6030
19520
5959
16021
31654
4884
48468
25744
16050
12885
30803
31150
22264
2187
37293
4430
27562
20118
12492
27036
38005
13281
6652
1402
20813
26926
22145
15807
9419
27862
13619
9465
9170
5485
11003
3466
9809
10694
15593
10582
39476
16823
13788
26082
26787
10387
2349
25598
15776
4778
25975
30663
20516
8576
20310
17995
44604
9387
32645
12807
14717
29536
2918
6069
35700
1884
26147
9755
1388
972
29401
20730
3863
10421
2693
3392
8102
14689
4385
2334
4760
16359
38411
28531
27420
20565
1730
6199
36290
13401
7141
13239
4973
22948
5140
27567
2040
31860
26339
1789
34470
29949
1642
19286
3483
34425
44654
14664
3227
10197
22935
1606
574
22163
346
10068
21973
16071
20459
5815
9705
35129
7542
18314
165
47707
15478
14978
20646
43816
42591
22047
25026
23640
17321
11660
428
17042
6528
26598
19333
22076
38189
4105
471
17742
21954
7717
4686
29801
884
26409
16983
8385
18532
24747
5694
107
4503
22597
6442
41822
615
28984
21555
3048
9001
22142
25310
17055
887
28559
24963
827
7577
2438
1959
19293
11836
1512
47061
1413
39545
14832
14325
11281
80
27845
1011
35964
33398
4961
3950
16666
4527
6277
4483
22305
13274
15717
10190
12993
2713
3141
11789
7258
18232
27525
23317
21743
18748
1876
3305
8519
32917
33542
8557
33181
24655
10848
3260
31280
23745
3848
17614
3909
8227
12311
24239
1551
6523
38713
4672
29203
12172
22199
36986
26721
1060
27703
16275
28288
16442
27780
14277
30711
12829
18939
23706
9462
8194
1318
21121
9110
11610
39722
1888
9435
36073
21282
6596
15468
23985
18803
41599
8772
5422
7310
13117
9368
12223
33778
24191
21031
2796
5811
10492
13130
1277
32934
24045
30780
36553
25521
29157
30081
19704
13488
9169
36036
5464
20503
31463
6025
28844
21657
29558
4947
12965
32045
19116
4832
10129
34389
37973
10678
11781
24882
16062
5469
647
9195
3373
798
8741
29639
32306
9932
13445
8995
7935
7638
27513
459
8797
866
24855
35351
30885
12984
2587
26090
7707
43670
12899
3087
5911
6853
35579
29640
42047
428
4930
17519
13063
23716
28579
3258
14340
44464
2403
21876
19685
6424
131
2652
6074
7316
3361
5543
6267
36001
6531
32565
28001
16117
38402
3559
33329
6633
37234
41322
496
14689
13308
1987
32294
25582
24629
327
1543
26
1797
14514
23527
10901
9858
21046
1845
8410
6003
8976
13778
14012
12175
28223
3069
17486
11109
13887
23939
4003
11954
41880
1198
4771
10969
3251
15145
2975
40501
11675
40008
570
9123
19164
4931
28787
32035
26671
22272
8871
28505
5328
31971
22017
11330
1746
14508
34011
22928
10327
10787
379
27052
4898
11239
38760
3705
24745
35287
5146
30014
28533
12594
6795
22329
21319
20090
23238
1395
566
14379
6640
34971
31498
21649
23318
19297
27480
23197
35933
39145
25432
7887
7456
26680
22996
18456
10732
21382
20933
109
25130
4456
8556
25252
21582
14912
21633
14261
17382
4483
6947
27348
22487
6002
37104
12456
48883
820
7706
9593
28412
39261
25038
38055
12144
22507
29822
5544
10161
38780
18420
38975
22324
6131
17840
19550
7553
2601
11318
32103
12942
14008
16638
11305
21565
27217
8037
25548
15169
19019
2138
8511
885
11203
8242
6624
1337
32804
4238
15368
8722
9206
11089
18641
21920
25430
27817
5418
17004
17089
29558
9243
6040
4748
33027
25620
16228
33294
40883
7924
5133
8713
13902
40297
25394
3564
5013
32594
8015
5892
43
7979
26906
9246
5017
32444
3566
2152
29642
15047
5357
8421
8234
4197
9190
36137
16166
24684
7050
45968
12585
17280
26216
12724
24044
41148
25165
10978
13918
35524
1958
6892
18865
2710
1190
22104
12458
20191
30593
3742
795
1480
37101
13848
7891
25653
12271
23273
16414
2840
13152
7117
19613
12978
19235
16527
8246
35764
5375
18977
40556
17674
17178
7159
1488
6595
7474
6262
21723
16222
14081
21491
22813
10700
27730
25418
6833
14627
5737
34525
11657
3466
6566
15308
38125
8176
25380
25149
305
25496
8177
5483
6104
33512
27177
6650
1586
12891
28850
5759
13934
17991
32926
813
28252
10867
258
20597
21513
483
11802
27877
3910
1558
9118
21557
43094
2339
7464
4891
5756
7924
40180
21717
36496
28347
1130
10835
26192
25493
5145
21636
14354
213
28354
239
3434
6668
28530
8873
25653
32115
6728
6787
21090
17449
23257
4842
7340
29673
7738
28175
22973
2714
18255
9334
13363
12699
23815
34231
8085
4355
21500
940
5073
43330
31936
21081
22729
8432
37832
38442
1224
12402
158
7180
2700
18570
2840
27703
31800
7972
29286
41965
4599
31579
11537
16116
21692
39075
24946
40724
18741
7070
37766
24192
11058
4972
9316
29750
26384
28529
20356
38068
15100
41135
18984
3807
11640
34960
8449
724
26982
14693
26862
28303
24194
14590
11284
36836
7721
11885
23990
28707
11698
31616
1796
6964
15449
563
30621
32434
26067
29225
13554
45196
43175
29537
16746
12425
19439
3082
7146
7816
20798
17876
27498
13920
5657
7291
12271
14244
8764
28326
289
39016
4518
26117
7379
16867
4962
838
24410
20760
15392
13605
36672
3293
37554
23420
25427
29749
9591
7432
11900
4447
10830
3822
10476
1894
21968
14425
18910
31131
206
9419
15958
46253
45805
6471
3261
26866
8469
30674
21265
11542
13414
16551
15312
15107
13075
30130
1853
32672
26524
17940
33636
21067
239
20928
20036
12734
37719
18677
7315
25496
33543
6496
18916
783
23863
1897
23855
25615
22700
15598
1277
4806
8570
1535
11860
12541
24593
14835
29088
43781
15205
13681
1487
5431
7084
14495
8741
21671
32337
32764
16584
23477
40880
20568
2819
9083
46347
20469
15903
30893
10822
7774
11936
9217
13357
14684
38738
35285
47540
6542
30230
29052
12329
25353
31484
8505
7582
12086
10967
27597
14495
3722
16606
21176
14656
16207
19229
8423
25161
8091
12340
6997
8509
20256
9330
3345
2241
856
32671
16266
37345
7518
18733
11790
10838
10710
12612
20245
6505
22731
5216
36590
26697
18538
10085
12155
7395
24906
12574
44269
22154
30748
787
39608
12171
29985
9954
10571
26808
3046
13584
20326
20363
2550
6257
15857
1795
19837
10617
15149
2401
12065
21711
4887
13549
35192
28126
31066
14851
27685
874
10055
6483
44882
29285
22490
2871
7401
21144
31130
5109
10924
2742
16219
6344
11530
21129
38447
1826
36027
617
1043
37192
20952
6332
15480
15508
10233
5167
17470
2175
22816
3735
9176
2538
22545
18392
1876
35511
16361
381
27598
11967
30222
7544
38715
5574
13927
12060
12870
1810
18028
6453
6281
35617
9209
24540
36653
7345
8717
7955
3262
17404
15646
10535
6303
18275
17271
19008
2585
20281
8834
7877
3569
28644
13260
13262
16886
28410
3449
26668
6210
9950
8511
2586
41264
9447
18367
19727
32991
27340
5247
4046
17680
40008
9411
20108
22885
2090
36419
4609
14151
10195
12651
11179
6909
18983
5546
5108
12182
9525
14323
12132
15888
945
26615
11194
2412
28159
28173
32507
21503
31955
36703
16261
5770
12843
2557
10115
17190
9833
11660
33250
1530
7822
6721
16660
10067
20472
17852
4832
14561
17197
2353
26527
38
19002
11964
770
10752
8750
3904
16666
25294
19986
17834
25961
24087
8384
8850
24042
9379
27539
2647
7046
15483
29385
15525
2458
13372
37944
27990
0
26160
6141
1119
23731
25539
7921
19595
11813
24590
15649
19540
27450
7707
9905
23639
7880
15335
9784
13404
1540
26339
24679
12332
16426
18538
19309
20587
6348
16084
18488
22241
92
20070
17396
27635
18461
4283
15808
7646
11036
1143
14730
7699
35707
17646
746
35403
12474
27040
26076
8856
9081
1090
6713
25554
5823
1550
22107
13435
9747
28883
9234
8896
10254
13015
4868
3679
12532
39636
23339
7067
16089
41086
25609
31716
4709
1226
23685
8119
1048
39340
6628
6997
34481
2334
3432
21292
7520
10679
4325
5748
17682
5776
27629
11834
18712
19907
12155
4907
17996
12106
7722
12197
3847
20018
24346
649
42084
18435
5033
8239
20869
14731
1486
27123
10452
20265
5905
28206
5088
35482
41514
17302
19821
2337
18868
34490
48762
18895
34386
40217
28103
33401
28833
21298
5370
11775
12581
8971
16434
27220
567
1689
10249
37134
1107
16075
14145
9286
485
12446
25695
11412
27283
11688
1894
28868
7717
3108
12177
31366
10996
39758
6642
19852
11929
12567
10507
12481
17659
6964
42000
13357
6958
6810
18321
34294
20161
44737
23174
20927
20472
21576
17755
38564
15017
4993
10833
4302
2380
7054
12852
22773
19164
10593
29391
30740
44662
24462
10779
9553
33627
29928
5690
25525
8917
37070
21028
15464
19862
8223
17703
8910
40235
820
2348
6467
11501
6117
20498
19263
23990
8530
41136
28861
11289
38407
27059
17817
28386
11593
20587
12
32912
29442
2681
20317
6557
13264
17075
14347
8007
6109
21318
3923
32987
865
35546
12174
5614
11615
36569
11601
12101
6227
6779
27965
42056
25529
566
35483
22293
12457
36840
36115
8687
4886
17912
7264
45260
12818
11013
14706
678
13496
16603
11740
9105
32586
46170
16112
29187
154
28147
29765
7674
30401
4357
17875
9433
1655
12510
19816
32404
31909
49668
