1499270506
0
1
809591233
1
645295139
1
2
645295139
645295139
2
0
1
289880400
289880399
289880402
3
289880402
2
217758717
187364363
187364362
1
1
141787384
131399948
117096817
7
5
111547297
111547287
1
7
109065055
3
109065061
109065049
1
13
106805615
106287041
105685922
11
13
6
103923725
103923735
19
3
98590095
5
5
95146035
3
1
85513127
17
85031849
85031865
21
83055630
11
12
6
11
13
16
15
34
25
55307561
38076782
8
55210848
55210826
2
53617171
53617124
7
21
21
8
47149078
23
47149103
47149083
28
47149088
22
44529514
43649300
24
43649319
43455301
43455265
43455305
42999686
42265778
3
41381882
41263773
18
40331966
40265138
40265092
13
40222492
8
0
48
39247513
21
37999068
20
33
38
35455681
17
35455657
35394778
45
27
35055413
2
49
34
22
51
35142233
19
15
40
34824292
34701164
34701161
0
55
34701130
16
34168787
25
33673779
46
9
33605136
16
33155622
29
37
12
31484706
11
27
41
36
2
31290465
29
31290462
14
31023881
31023877
10
31013616
31013617
31013633
30868663
29937522
29783602
3
1
46
15
29767901
29767897
29767921
29597145
29597138
29450355
29450274
34
37
28134554
24
28134479
28134480
28134526
28134520
27683855
27683938
33
27629822
8
27609779
27530173
27530166
1
82
46
34
27120076
27000062
26911694
26911618
33
25679164
25679150
25653365
25
25617571
25617499
1
27
5
25454222
12
50
24545507
24
24545617
24545576
1
24455992
24455991
24456061
24456078
24456067
24456043
24364603
24364589
24356979
7
24357024
24
24056599
24049180
62
24046590
6
24046537
24046627
64
10
22814051
19
9
22632374
45
22631743
22631847
44
22365517
22255704
22063753
44
21974560
21974613
12
76
21468290
21426073
33
21468357
20
21363214
29
21363269
21363245
17975651
66
21061851
21061899
8
54
20926131
20526765
20526703
20399669
20399608
19819003
19799047
19799006
19
19786931
56
19223609
19142459
19142482
9
19142416
19142409
20
18
103
12
40
19082371
18321672
18321742
18321645
18266817
7
17888900
83
17857487
17785703
76
72
46
17636762
17443570
17439321
68
1
36
38
17396387
17203620
17203524
17075778
52
108
0
17075791
138
21
16756162
39
16756004
1
16756218
5
19
27
56
16594203
89
15982921
15863102
15559939
39
90
15560019
15532881
122
15502231
105
15334274
57
138
15299109
15282834
53
15142557
8485350
15118997
14
14384530
33
36
121
84
13707530
13707576
13680734
120
18
13649452
7
13360863
23
41
7
13272267
12
102
13264699
13264632
5
32
13205580
47
13203831
104
13048632
453327
12523681
12523618
12523637
27
35
12303972
12193831
12193805
11986807
11783830
11774984
14
68
86
30
11775102
108
11775107
70
11769440
11768827
28
11735538
75
11732020
11732199
11625946
11625801
193
11603064
32
11529328
7
11489680
11489670
127
85
11367450
8793409
11334517
11324966
11295659
112
11170408
11162268
2
26
11162153
95
50
28
30
11042812
11036391
11026452
11026199
11024239
11024374
0
53
10991036
10987889
140
115
10983283
10884949
10885012
45
182
0
10883216
60
10883441
177
10883362
10883314
13
121
23
10595759
80
6
10574042
10573924
97
10565263
64
10565397
9
156
10536730
10536884
10474837
98
10474796
10437901
10437905
75
115
2
10285843
10285911
78
113
10220704
51
99
24
10161373
10158345
25
10158373
10158287
9972325
19
9894313
9839174
9815077
9723566
9722680
55
9665997
126
72
170
9595365
9595150
9551192
98
9498776
9498764
6
27
9496658
9512204
9510629
9422075
184
90
9299171
138
9247521
8
138
76
88438
9242222
9198586
9195809
9195865
192
85
9164214
99
34
81
9156405
188
5
9111701
9108987
9108812
171
165
116
50
230
63
22
11
22
224
8712536
5
8656807
8653510
8653501
8653271
83
25
213
206
104
79
85
8619429
8619589
8619234
8619634
92
8617684
7186142
18
238
8549297
8549507
8549328
147
8540840
8540992
8505868
2
91
8484189
73
8474856
8470224
49
126
5
3516179
46
8171550
46
23
8106885
143
8097936
8097723
8097868
8097780
61
84
70
197
78
8071398
8063392
8062546
39
216
8018428
77
26
107
8009318
8009262
8009344
150
90
70
7935844
7935647
7935713
7930494
97
33
7856549
52
153
7790912
107
61
164
7724218
161
155
76
7724073
7724410
7724449
301
7711555
7711761
6277085
7692767
282
113
136
7641630
7641855
98
7641767
7642054
7595037
2
7594973
7584016
32
7583445
55
7462615
3627718
210
7332010
7317526
62
96
7306820
7291509
7291530
7291536
7291563
142
63
7288967
211
117
277
56
7169118
176
51
7156871
192
55
7152114
1858349
233
7044129
64
3494876
7042049
7027753
7008860
5022521
141
7001379
243
7001217
6963777
6963545
41
6900049
6884601
6884569
28
99
6862306
6860679
5514612
6815744
6803063
6714418
6802650
6803101
6802989
6802800
260
6802871
6802990
274
66
138
1
63
77
204
17
6626991
94
61
6620819
39
112
6606871
6607073
6607072
6559301
6558779
6533056
6534594
41
19
106
189
6514537
23
262
40
93
130
6476252
6433226
13
6433051
6425964
18
6416456
6416408
6375183
139
6371002
6370776
6347243
6310299
160
6275487
40
39
246
70
59
6235138
6189153
229
6189270
6188920
6184826
6184769
278
8
6174321
6174262
6174575
210
108
6173540
6173460
6159547
6159501
6159878
279
6159584
297317
74
152
6144236
6144157
184
6099870
6095540
171
6037405
6037324
14
6037338
6037451
5496091
6004525
5941581
5938188
111
5876571
5876399
5876461
0
155
5853271
5853070
157
337
114
5834361
128
271
251
2
5807517
35
5807726
219
5807317
96
266
15
5772626
3675752
6
103
103
198
114
188
5733264
5733313
8
1
21
5564927
5728825
5728542
203
5719063
5718545
72
5693760
5693740
23
5693848
196
5687881
28
18
5687802
96
5279435
61
155
125
325
5659098
209
347
5659189
5651811
5651612
5651443
43
5647722
16
186616
91
5605700
25
5608328
5608608
93
7
5548915
5548819
230
105
5548297
5548731
168
278
5547334
5541919
55
5503639
5484053
29
60
5481215
5481163
224
283
5464007
277
5430379
345
174
5394540
5343056
58
173
5343337
158
5333459
218
5333384
5333357
133
5331048
1402184
165
5325764
11
152
5291321
185
142
10
57
280
5278917
244
259
5235804
5202034
45
5182184
106
38
71
43
5181906
5182211
5180373
214
33
155
5178535
5157832
5158210
266
207
38
5158302
89
5119280
5119104
135
97
5118913
5119337
5116089
5115183
5113281
5113333
129
1003194
5104436
259
5102164
5102259
28
5030995
100
5023062
249
5021123
4997409
4994660
4994958
4994921
23
4968596
4968310
4968254
4968497
4968277
4964367
117
4961794
4962413
247
113
212
248
4927711
4927699
45
91
4924584
4909562
348
4871309
4870629
4844188
194
4843089
4842562
4843069
118
4839078
4819400
4819391
4819733
166
4801647
4799469
83
108
4799778
79
4773259
4773221
384
116
32
4755401
68
407
4733025
138
59
4724469
4724077
4724426
21
4706812
126
4706261
371
4706396
4704803
50
147
4699865
4700034
4699720
392
4682179
4682092
173
2
4675895
4667296
350
3555361
4661721
4661552
357
198
4655799
934482
134
170
112
108
2284918
488225
322
74
6
170
4650945
4651064
4651097
4650673
4648180
135
201
206
4638575
463
57
14
4574397
267
230
237
185
223
347
418
4512443
79
205
4511533
4511214
215
4511221
4507902
213
95
77
4496314
3055516
4488362
320
4481906
3911955
113
1219395
220
71
4463438
212
4461882
98
21
293
113
4436479
4423751
4423508
13
37
4423167
4423548
4423415
1276513
4421852
4409165
86
4390164
4390531
196
77
4386133
79
4385975
46
104
57
4348033
4348094
4345215
161
24
4345103
31
94
26
4337499
134
4328544
4324470
4289648
262
175
61
90
4249888
4239901
4239927
4239058
4240369
4240365
4238634
4235427
429
4228503
4228826
4225918
4222946
80
245
4196987
433
4196317
4196024
4195572
270
4194575
4153456
316
410
333
472
294
81
4118147
205
4088531
4087279
4087439
8
4082676
4083359
4081390
300
3546360
45
148
286
14
137
4070826
4071056
4070954
4071864
1886783
4067181
4067538
4034434
516
298
4034418
4034688
4035026
150
4032231
4031813
2117253
4031876
179
80
157
4022714
4022398
425
3978152
324
482
88
308
392
1838665
3951406
3950476
97
3936140
487
3931214
3931068
3887886
27
153
381
3879695
3848739
244
3849093
82
155
3843746
3837607
3837038
3813456
268
132
3797132
172
220
3796228
109
438
55
3791722
474776
496
455
339
3746580
3742261
227
385558
3741555
3741243
3741976
3739744
86
385
31
83
3706261
242
553
3701262
3695189
797289
3671990
3669281
3663558
331
3663449
221
3661802
380
57
3656458
115
85
114
289
3647856
82
3643428
190
3641912
3641347
103
3637742
454
100
3622438
89
151
161
205
3618649
3618282
702253
267
201
27
186
3598275
3597364
3597313
3594258
1516883
605
3576650
3576811
3576936
3573955
3574148
3573881
3573635
479
3562293
4
217
167
331
8
3558503
205
133
3549187
353
3548065
993222
3539661
206
3540383
2748563
3532781
538
230
3528509
224
150
3529188
3498406
258
122
3499106
3498609
193
2
3488580
3474137
124
3473892
558
51
3473370
3469772
142
3469667
87
303
155
3452235
228
3452258
3439868
32
135
3413126
3413098
3412683
96
58
8
454366
3404775
226
278
599
3400785
69
183
337
3385774
3386452
22
3382078
276
512
3380005
385
3372211
3371874
456
18
3370427
185
180
105
357
3361269
3359650
428
3357163
3353340
3353509
137
253
2024218
386
218
3338222
146
2
3
515
80
3328696
3328722
3328877
3328341
91
3327773
236
404
3326361
448
3324813
370
330
103
164
108
3318904
193
299
30
3316129
3314264
18
1554101
127
246
3313083
208
437
3311192
317
158
1
170
3282767
214
3283361
340
3224435
322
3223298
1710848
3223048
113
245
490
210
3221134
3220517
2537286
3220112
3219629
3219093
3216766
298
176
481
435
3210630
3200560
179
197
3199774
647
3199704
19
3198667
239
3195900
3195226
212
486
221
3190391
534
334
84
3187600
218
520
68
433
83
3176582
173
1685752
3162860
3161536
3162294
3161740
3161815
649
3158708
45
3158137
3158712
3157412
3157326
251
112
3153855
3153056
526
311
3144337
3144191
1093207
324
17
356
3141622
3141735
3141945
412
2
3141094
114
3135675
325
23
548
497
147
238
909762
122
159
2309053
3097713
89
31
101
287
3092653
3092627
3088495
533
605520
324
50
452
258332
246
3071928
3055041
3054862
3055200
3054779
624
3052022
149
643
3051177
3050708
149
2141859
3050738
644
3050481
577
455
3033117
88
3033740
249
3030871
3032121
254
3029850
40
176
218
3006879
538
134
3002286
3002431
126
3002294
2993174
2993373
2994141
2988812
237
98
2988040
2981109
2892660
213
2974295
54
2966145
2966391
354
127
2966490
480
404
258
2944874
2944341
681
262
2943473
19
503512
225
2943707
2032927
148
276
272
2931584
2922426
2921730
77
1171433
262
187
64
103
1492720
2918630
2918313
2917981
131
2915028
283
2914292
2913553
2912723
662
2913331
158
2913972
2910353
1
62
389
2894832
2894702
2893583
41
319
91
2893626
1418081
343
479
195
2882327
400
2570311
13
306
2858220
2857146
2857214
2856238
2856678
309
2855072
22
2846817
2842108
257
2842009
2842729
2841785
321
159
2836814
2520061
89
2836385
756
2835402
46
369
371
2802729
2802327
2801837
275
2799468
164
2799534
237
2799882
453
2796483
209
2791600
2792413
174
688
2789304
1314840
562
2789339
2789545
2788927
36
2248424
251
41
2783633
2781011
92
2760035
2760543
2760329
276
286
232
2756118
469
170
2752104
607
492
2748511
259
2746934
2746487
2746634
1405488
554
2744061
2744387
901417
2743999
51
2739971
63
406
202
275
428
2724209
2724714
464
87
446
2721934
157
311
2711268
2711448
251
2711082
253
154
2708571
176
2708043
2708834
181
536
443
2701515
2701411
2700946
276
444
2697374
2696694
2695956
2694334
198
2691500
407
165
162
106
2277140
2647315
2646503
2646132
1013518
2643182
2643816
2642334
2642719
1568018
2631244
92
305
2630455
2604257
2603774
2604043
2603208
2602433
2600498
360
1746779
325
2597253
372
2596415
2577401
2575536
254
62769
2567083
400
2566606
831
81
454
876826
201
2552226
143
219
2548066
2548627
2548175
2546084
2544522
288
2544070
2544537
187
2541950
99
2540042
601
2538527
2538923
531
421
2536690
0
154
2536250
219
2535589
388
2535147
2527808
1737362
749
762
299
783997
2525228
127
607
408
107
1381834
625
65
2521334
2515290
470
114
2514927
205
2514950
2512853
114
2508308
2509096
2508740
501
2508568
252
71
459
2162190
575
320
2493115
2493145
5004
220
211
40
132
2488220
2485327
194
190
2481947
428
1885200
304
2474884
352
2472064
2471513
2471100
2471265
22
61
2468209
535
2467960
516
153
107
789
358
369
325
2460778
2461390
758286
232
2461036
140
2460963
679
2459872
2453095
166
620
2451291
2447868
2443145
2441813
751
241
2436637
15
2433458
2432372
2432400
715
254
185
681
2422832
170928
41
2422138
523220
2420133
781
591
2415535
2414923
2402167
569
2400738
2400338
51
2401199
667
62
768
445
320
6
295
151
2393129
2393431
429
372
2387193
443
87
2385016
2385607
2385199
228
719176
361
2376826
2376253
2376982
1213437
584
2370370
2369721
485
30
2366184
1951455
1311679
419
333
102
2353538
873
620
2353381
322
345
2352092
310
414
2352380
1816067
2352459
128
886
2350571
147
2349389
414
647
2348244
259
1626036
329
666
620
437
132971
170
2322697
2323854
2324446
238
442
2323634
61
78
2323494
2323491
2322755
858
2322467
2322503
77
2321244
454
2321878
839
2317255
504
2317498
234
2317936
2317916
2316309
508
555
1889591
2312145
601
159
2312276
2311490
2310530
351
2309140
93
542
1077333
256
650
543
234
2297208
330
102
2292245
2165922
155
758728
438
2290077
569
2289333
775
2264888
514
332
2262289
2256829
2
2255971
2255665
2255376
2255667
380
2250969
134
636
2250229
2251182
2251431
32
2249082
2248427
2248532
332
187
2248235
11
2247372
571
44
26
2247133
1092000
159
2242777
123
2240589
2234084
194
339
2232442
2224449
307
2224909
838
887
2218820
268
259
2216142
368
81
2215899
2216834
404
222
643475
235
428
26
2209864
625
2210811
101
483
2209216
2206014
311
376
112
2193810
362
191
245
142
2192956
314
627
364
664
2192137
47
2192735
2192452
394
371
326
2187757
222
2175883
2176959
321
19
59
86
2163624
2164125
287
315
2157860
471
359
2149953
2150547
2150114
2152862
2153008
2152098
2152590
2152288
149094
2152093
490
756
268
914947
2142103
1514633
71
2127317
2141638
2142064
85
212
680
273
224
2141302
436
356
1433233
685
144
2139643
144
159496
388307
2132789
436
2132419
108
2132511
2130717
2130861
948
2131375
1035
2131406
2130829
2129331
2128422
2126548
369
2125349
318
2128008
910
681
4
649
2122119
873
2120595
860
2116087
718
2112062
69
398
2111722
323
412
123
1
944
566
574
2101432
112
408
2095164
572
2094211
2093748
760
648
2092454
450
2088721
2089561
1979475
2089361
2089099
1034
302
990258
298
18
2084415
1038
147
2082843
2
366
88
396269
348
195
306
2077708
2072007
2064460
2064823
414
899
411
2065135
2061155
2053086
2053689
2051681
283
209
2051950
274
136
817
61
350
971
87
687
256
2045854
2046407
368
1869129
2044737
77
2043539
1322890
266
706
2044547
85
762
2044648
949
15
393714
804721
190
283
2034723
2033757
472
178
2034089
2034955
38
789
266
2033996
2028206
49
511
2026959
2025982
333
331
2024708
643580
506
547730
194
391
2008487
2008020
2008807
237
222
111
775354
2006613
1721530
2004301
2005330
2005554
2004737
2004726
172
2003970
2000684
138
587
408
1997551
1997703
1981720
72
1980744
1981450
443
190
1980910
560
1974341
1971159
1397024
1966019
1965616
37
1966420
147
112
592
1966129
260
283
660
182
8
1959789
184
97
1739123
561
1683803
241
493
1955930
850
1955222
743
1956082
1955893
473806
1952597
287
64
1949542
893
879774
1021
594414
369
425
526
1949332
1948580
1950420
1361234
1949241
1948999
1949453
68
1949360
1948411
857
1948810
103
1939820
1939332
423
1916758
348
907
1938158
1335675
824
245
72
1935943
1936312
585
748
1935922
428
1934184
1935668
750
1920693
662
698
874
143
1912224
686
618
1911403
1910251
1911098
1910106
1158166
1909835
1910210
97
1910798
177
1909825
1910406
1909937
1909801
1909478
961870
1653676
1908362
447
347
386
1901400
2146
273
1901626
1328899
75
357
588
1897059
69
346
1092
1894110
1879360
261
1884365
128
223
31
1876934
119
449
1876630
1868396
1867036
1514491
113
1863155
876
232
575
1850399
1850608
1115353
1849695
1112125
1848749
263
339
1044
528
1458094
1849525
1849656
1848835
706
229
1410181
120
680
183
1824886
1823405
418
690
819
1825130
1825115
1825394
1823404
1823602
1822035
9
588
492
1816867
1816954
1816059
426296
1815081
72
1815488
1814585
4
101
112713
1229770
984
663
1814328
1814875
645
1811614
623104
529
600
1810052
1213
1807489
750
1798009
963
1792667
599
1791088
675
1790611
543
789
458
290
1790383
953278
568
149
1787179
798
1783339
419
354
693
157
1782161
1781444
1781648
221162
987
1758917
1759238
539268
330
1756701
817
316
1756376
928
859
71
4
605
926380
1752554
1753015
1749719
1264050
223712
1741467
1741927
495
877
855
1454188
336
1740314
1156
1739750
1739155
1738296
1738041
1734128
1731937
875
1277503
1043
74126
549
1725850
1721438
3
195826
1721745
1715955
1715012
82
1714113
1713992
1712327
813982
1713130
1711849
28
985
1134
488
980
970
390
1708888
1709070
184
110
1707011
1705618
1705280
1706204
249
765
1703635
265
1694937
315
1691088
239
1009
1691333
338342
36
270
126
1283185
327
640
915
284
1685469
1683470
1683942
1683172
1684485
1683826
198
1682264
1682331
125
1683055
38
1066782
170
1682274
1681448
1681220
1680323
1680256
968
1681415
953
856
217295
157
554
1678561
70
1679679
1676341
641
115
1675952
1676656
753
480
114
1669819
32
1670788
28
1661685
1660219
155738
626
221
876
1659659
1076
1242
1096
1655646
324
211
96
694
659
1298
1656322
312250
1415968
66
127
269
813
1656071
65979
1651466
696
1651493
749793
1651296
592
195
338
1651877
479
1649329
1649217
1650608
400
1645337
628
1649799
1651150
725
560
368
288
1117
1646457
1644836
1310026
1375
635470
1643406
347
681
919
1642796
1538721
388052
396
273
640
209
673
1141960
21
1636385
106
1635336
1087394
1238
210
1631979
1632255
570
654
1629641
343
1629498
360
1629151
954
1628258
1626561
1627186
85
1626578
629975
699
1625407
1624301
1625594
444
1622172
1622591
1620515
1085
1619026
14355
136215
1615124
1614093
1612734
633
1612541
1612999
46
1613019
1161
1612284
1610088
98
444
98475
209
575
1541440
152
1601561
1602185
1601186
1601129
646
1101
732
442593
502
518
1205
795
598
1596183
460
194
1597182
718
455
1596930
1597130
98
1589505
266
1588852
1588470
1587535
1587068
1586494
641
117
51
153469
1584853
28
1585723
1584524
265
1582834
1583211
1087
1584511
8716
1583154
1582784
1580729
458
1582685
747
535
1581253
626520
1579111
1579848
182
1579037
1569666
1563132
351
1004
418
1560527
1560990
1561103
1560196
544359
1559024
168
1560855
1560989
835
1558622
360
1557858
1555450
94878
1556247
751
1555254
1554445
491
1551496
1551731
631807
408
1551709
1552479
165
337
655
483
1545454
700
1545359
1544115
386307
629
1540450
184
586
420
1540138
447
1541277
1015
1065115
963
1536070
99
775
1534102
759
1533295
1023
1532886
1530179
1529858
2913
1521301
569
1521784
1521073
527
910
401
585
1515069
1516922
1465435
1145
1515689
1241
1515588
327
1514240
1514022
463
1515127
1515028
1442930
1515341
1515347
1513660
353
1513922
1513220
749
1511180
342
1511436
1512004
1509346
405
1053
1507813
55
663
1508154
1130
1503133
1504559
1505026
254
252
1475
461675
1503691
463
1503541
5
546
1502255
1502082
166
901
693
381
1152045
389
1498152
1497146
125313
1493518
111
218
437
1491490
1491370
1492325
1324
1491083
778344
852651
329
1489326
742
922
1490248
515
1488798
1488685
1487992
880942
979
1485669
1486464
914
1484119
1484893
448
1483466
158
1482875
1482507
1482859
1481098
929
490
21
32
1467198
974881
1467394
1467213
335
1466713
725
1466954
1463653
1464855
1094
925
661
923723
1460566
1460861
1460824
1460332
1174988
1460192
683
1284
1456215
7
260
1228
1452360
348
717
1452831
1452370
1453715
319
95
755
470
1452857
1452422
1452754
1450986
1450410
1451381
1201718
729759
1450814
1452482
383
91
204
589
1451484
1451032
1449733
149
782
1451048
1451369
1450158
493
576241
1448113
1448133
1449173
1446319
1446847
198
1446594
851
887
231
1442634
1344
61
1141
211
1443634
1442698
24
1442432
1051
1440212
1434638
1435995
363778
101
112
408
1433069
1433599
1433390
213
1432243
1432808
1433404
1431485
913
143
1430822
295
683
1430144
1429757
1431142
988956
961129
443
581
630
1113
1129392
1424251
1063679
1422168
911
1422067
334118
869064
31028
1392405
201
282
976
1417699
1418564
1419440
877237
627
696
1417210
118828
817
1414423
849
1414970
1413040
494
1412274
959
1412955
28
1408450
840
635
27
1405367
1356605
329
1198
1404802
1404809
273
8
518
833
313
643
1404075
1404539
876
454
1402697
1402715
238606
1400718
90
947
463
250
486
1398317
1398038
105
1397539
348
1395512
1395887
1395958
158
1389413
492
1390637
1390622
1391189
1390635
507
820
1387604
1387868
1327
1386991
1283
793
1384373
1383489
356
1383324
1381688
1368
129
662
422
481453
399
869
1382533
51
1382684
609173
1382183
1381779
328925
1114531
1379568
1212
1380205
701185
1375222
1208
1375278
1374133
1374075
38
1375182
1199
311
866
682062
1367939
107
1365600
1366103
1365505
1023971
381
1364162
1366366
58
854902
1356099
381
86
1353564
1351930
1200933
1352040
1277327
165
458016
1355083
181
73
1024
1355393
425
1187
1355103
941263
1353616
1353639
1353233
928
1352752
1352404
1351053
1352926
1351413
1183
1352024
421
381
925
1351086
1081357
1351988
1122
1350802
1348742
1348622
181
1346234
1345396
961960
1344125
958
58
222
1343531
1223765
1342552
719
1339201
1335126
100
1336206
166
1335902
303
358
1333873
1333561
1334028
1332969
1108
1332405
466
378
1294601
1329876
1329232
1328659
1328766
1330248
1329387
471481
1327369
1334059
1334306
1334475
1333686
1332710
343
1331187
227304
226055
1328979
789512
1270
1329536
439
25
1329281
1328991
1328426
1329009
1328107
456
1326691
1324814
311
458
475
1322841
1322573
1322751
1295583
533
723
840
1320056
903
1319883
316
370
1319025
1319845
193
916
1318121
501
1318527
1346
299
1316719
1317365
1697
1315209
1221
248
855
801908
1315841
1313727
1313659
1313744
648142
216
149
1314633
1086162
1314022
1314324
1312581
422384
259
333553
308
1323
1411
1309696
1310126
1310027
1308830
1309537
337826
273
691
629
1308311
943
1309292
1307468
0
207
1308190
207
1088
581
915
1306319
1304349
1303574
799
1303317
1302334
272
1302181
1302411
373
1301891
1300579
263
11
811615
192
736068
1289321
1289285
1109
1192
295
403
336
642
1287403
1288887
1288330
1286625
870
1288442
364
1287848
721
1287314
1338
346
775
54183
1287455
1055
1196
1055544
439
1287681
1193
1217579
1287311
267
809
1288056
1286588
828141
1030186
1286658
1285498
314
1642
1278781
1279986
437
1632
1278201
660
886907
1278029
423
343
384831
4
844
158750
853
1423
1269048
894
1270558
1270484
1208
399
1158
1269256
1267734
1268947
287
167
599
1095
413
1267125
1266816
1267560
1266737
1263915
1264399
443089
464
76
406
1259252
952
1365
1255583
1252443
669858
58
175
726
1209
710
863
396
615
758
1245971
438
1245700
456333
1246228
766
1246101
1246619
1245371
1245938
1243539
1243545
1243136
224
1088616
306
1243100
1241428
751
1242963
651
1226
1241897
302
1241092
1240719
130
1238884
706
1241202
869988
1241895
551
257128
682
842
1239422
451
1238250
1239116
282
539
348829
1237240
1113131
59
582
1234235
1235276
571
495
609
1227591
1566
689224
1227371
1227028
1484
1225487
558
87383
863
1226742
965
364
1224704
293
134
1190
523
625
1222353
1220153
912269
774
735
1218957
1218588
629681
451624
1217283
33
185
1218481
965142
1217161
1217401
1217088
594
332349
125
1216451
899202
1216256
1217556
1216579
1322
701
183
649814
269639
340
279
1214631
1213986
1385
1559
255292
1118989
98
1173
92
1211585
1210929
1100738
282
525
628044
308916
1207849
941
1471
1208468
1297
662
454
679167
555
970636
852629
1589
574
87590
1207142
1656
1204489
1205231
1205142
963423
1203312
1202865
1204229
1204517
1204137
1204971
1204265
1874
749900
1204485
1204407
1201965
922
816
1202168
91
1256
1204492
1203161
902110
1207254
673
15
1207138
664
1206527
1206187
1106549
1203724
573
272
1203176
965
651
1202357
642221
1496
980981
1203826
1203077
1201851
1044242
979
306
827
1202206
1203739
1091253
1031053
282970
1202156
1619
1199550
1318
1200184
1198679
828709
1198950
253
1162
1108
1198438
1198337
1199655
1199572
1198393
9
596
506127
570
302
166
645102
1198554
1196256
1194998
1194301
1184
818
1190432
508
1188802
1189737
1189093
1189258
512
1145753
1188320
1188430
652
1187139
1201
1188501
411
407
1185558
1184487
1591
85578
1185428
268
1185413
1184521
306
717223
170
1067
102
1348
201
793
1400
306
1181495
1182040
1426
1182009
1004
564800
1181802
298
373
722
1182163
142
1183450
151839
1181899
982597
572606
1181239
385
1181392
547
1180829
902928
601735
928196
1172397
50
115
1039
1172568
1171717
1171425
1168607
548
256
1170056
1904
676
1095
1155
1740
282
1229
1167047
1166289
787
1165357
373
814
737934
1164770
1032509
522821
1164436
625601
1166114
1162461
482
678
1161346
115046
896902
796
60
1160654
894
1159684
1161409
1160121
853970
262924
837
1161175
1160326
1160942
1160256
1043605
204
209
633996
1474
1159308
104220
1047103
973
1083
569
1154871
444
1154717
847
1067558
1153870
1154831
1155767
1155135
1153179
803
813
1155522
1154902
1153985
1217
1152373
428253
922718
1151661
1153044
983
1152981
594
1152815
1153353
216749
1500
1151527
86
27
727
1151598
581
330
291
837051
356
1725
1149171
1148549
446
395
1148956
1148315
1069
899123
445213
842
1148711
769
1148997
716
1147525
1147681
1147535
956165
687
1146604
508
510
38
1145842
1147172
19483
142
244
1750
1145608
2
660
320
711
1525
267
1146154
616
1144889
793
485861
654
462772
661
1143717
1579
853893
1141784
162
754769
253
1142508
1142610
1142465
50475
1163
42
1498
218
1142639
907
1139830
1140146
1141183
322
1136152
390
572038
1136608
913196
323
1133141
1134813
1134270
305
371
148
1132457
193
932
1132217
224764
1131100
1131124
1131741
54
68
276
1129671
25
1128559
1128633
1130206
77
922650
584000
737
1127900
510
162
1037
1129559
1130330
625
1126556
1127169
1129001
1128968
1126363
1294
1126124
1126061
941
1125632
1124931
600
114
1123439
1122188
431035
1123241
972452
1121660
1090
1122798
1121970
602045
1292
342902
1119301
889
1119437
399310
804093
1117673
1727
230118
1118653
632
1119338
533
1044
1212
811
498
1117365
873041
1120184
1117277
813
272
448
1113894
595
1110260
364
1110551
198
1109409
1109099
1110106
269
1109593
1108759
50
412840
1108921
141
858846
446038
860
94
610
473770
198
1106521
689
1163
841
1489
1085351
1104873
93
1103533
1104304
1501
619657
1103540
1103271
203
306
1101283
569
1180
836385
1103831
1103411
1378
1101733
1099941
924
692805
147
478
589
1097614
1314
778
756
1099147
205
238
1097979
1097466
1097324
638
1096591
1096059
1098234
1033939
669928
338
1095180
1095817
1096510
1095628
500
953
287
1095460
262
19657
1095806
1094651
135
1209
1095822
1093318
801
1094209
1096256
684
496
499950
1090513
1090282
1091903
259
1089627
6918
1343
1089861
80733
1088579
1087643
1088783
1087600
38
536
1089112
85
1089132
1087616
1088010
1088620
1092
1086674
1088011
8
1629
350
435
1088180
1085655
1085745
622715
1085878
1083064
1288
1083357
1894
1552
856908
1084033
392
1080523
1079482
1080286
1079608
821
132630
1080323
1018
363
1078386
1078673
643
1024598
98
1756
519
1074856
1074489
1077508
784456
1075954
297802
1922
1076202
596128
1797
183
135
1074135
1074395
1064498
1671
542
1070213
414232
447
297
1071918
1071685
1370
166312
1071589
268
1063
420
1071273
1071973
875647
1071159
353043
608
416
1068526
232
902
1069452
558
1063740
1066769
432
1065255
1063261
1064801
1063987
1063494
1063240
1062036
276
172
1982
133313
650355
1108
1063177
449
1062871
1062286
780472
711616
619483
1062856
1060288
208
1062768
1061556
783548
1058516
1726
1060617
1062168
1062191
1061657
1971
439
1055242
582
1118
22
546412
1055375
108
1519
473
104112
213700
303
1899
1645
367
294
1051905
622
1595
1010851
484
154
240772
822320
891778
1052379
255790
390693
1029441
1048675
455
1046677
303
1048445
563
1046062
382
408
1046008
204
181
1046834
640
238574
1042802
649
1043674
103
79419
1040196
51
1040675
1041454
1040549
1043497
1450
1118
216
626
97
1041724
136
1039710
1040871
897951
1038822
1036220
445563
1036029
1036606
1036905
1035411
1319
543
958
1651
202
626966
1035936
1034519
1035304
1138
1034679
747480
827965
173
1033720
142
288758
1152
568
1033910
1032755
1030923
894
1032371
773115
1030543
1032730
211447
1032045
1030947
760
1031317
748
0
689
252897
27828
1029064
221
174
1378
1987
876
1031953
1030391
1031588
8
1032155
1031407
687
38
1220
819
1030883
1029281
1193
122
1028811
1028693
1027635
1030745
866090
861908
1027558
170
1026658
258
532
335283
1026365
1025480
44829
530
538
910
1026265
411
232488
1022568
1023045
1023043
1022503
442
539
1021433
55
805
1020916
400
1756
1021345
1020818
690
819109
370168
856
727943
144850
913544
419
1014814
321
1014754
98
1014190
1006203
1009327
904
352
1012679
524
1048
810717
1012973
1012955
278
1185
1146
1899
455
1011620
13
757
1165
1012005
1011702
1011194
304529
754425
1012793
1011065
740
74
1130
1010420
1010223
1010513
250846
557698
1009610
238000
1008176
949
1007953
1008911
133
1010279
1375
1008696
1282
1008922
1007835
353793
632944
748634
1008589
495
1009
477
290103
1006902
602
311
1007200
1008418
465
263
1325
1004586
1004264
569
507
1004539
1005879
1004415
228
1362
119
772217
1003667
360
626327
1003266
485
121684
1003276
1002787
999809
1001665
433
1000235
1000164
1001219
1001542
945711
945
999904
215
150
1000246
1567
1000326
475
998234
999107
1796
996749
793
1324
4
575
994343
995819
994159
990328
1382
65
990283
876
991789
990608
964941
1236
54887
681289
991126
1508
989775
991234
1259
1462
987544
985942
628
984532
1463
985979
984118
784
984342
984369
372
538
981668
8
63
984824
2211
262325
981137
2289
305
981297
171602
1473
797846
2082
710
979017
978414
979786
979224
821627
482
980637
981230
809
208737
1233
977477
979233
454
977852
978499
768076
976846
304
976376
1761
304496
1824
977396
720
976166
976729
976242
976316
1343
440
13
973591
868061
975322
972608
1078
52
974063
551
232
177242
582
972361
217670
971665
675
703
973325
1269
971146
969642
386820
970217
131010
764134
970483
806
970910
970175
1751
1380
418
741610
965959
361
966902
438
967859
966449
11
965151
71
2240
965882
965993
1484
966305
1010
964699
965785
176
41162
964264
720
1151
410060
963308
960845
963214
1354
422
36
704106
575507
961980
1990
352851
960192
943324
608
547743
629832
961548
961006
961418
959681
640
1701
960398
322
960422
1476
960255
960055
698
393560
119
1005
199
462
956504
87
643
1093
1883
847934
957435
373618
25
958179
955304
539
1880
957820
431
955469
956767
99
834
953450
1502
955992
796
198
256
955149
954417
375401
888175
547
955857
1624
126094
205086
956548
953634
246
951503
1688
141
948460
676
951032
949063
112
613
275
890
760407
716
647
361440
948667
945027
967
946251
813
1419
585
943473
1419
461682
897
1103
492554
151616
151125
693
940807
941956
391
1790
211
288612
942610
941711
942060
940508
193654
940277
941862
420876
215579
939498
389
938255
937376
398
862120
1994
938858
936959
938909
939708
939399
829
928514
876
1381
248
936188
935050
108909
303
602
932312
931432
931153
2219
2073
585
930895
348
931109
928753
736409
337
24
14516
930130
503
925
1301
928849
761
144
384
928603
927889
84846
335
929879
1427
1314
212080
922
164
198
924687
1203
1336
200
925298
781
1099
832
924296
926300
183464
922475
921366
1943
774
923048
1035
921598
1189
921109
1473
920909
739
780
921631
31
921114
907132
621
923613
606139
1014
919179
534402
898
2033
844
80
920584
23
724
918718
311
920558
833
8
918074
4
543
231
405
701314
1864
918006
1816
1079
913895
828216
496
915182
1654
732
2474
271302
1428
376
914497
374119
913336
629
911193
899
912318
1595
912568
315
910166
912437
427
819
911875
909785
911250
913067
2295
909468
911132
1275
912283
908418
552527
908810
1228
360
909390
911968
797468
125689
910683
910118
784
745965
777
300540
1514
952
535
909728
908577
904030
1694
906111
852880
903083
399
94845
903272
37
698
905930
903890
12
801254
903683
901370
187712
568
904646
902253
1706
0
1349
903165
1998
901319
735320
464
293417
1298
902182
902840
661921
900082
457390
770
899907
900462
404337
899199
889
901185
1009
208
902058
901197
899697
901805
198
864
786
796590
899601
826472
899933
900878
466
898261
902602
644
900820
223057
284330
259173
903355
357
594025
1279
306328
901452
1379
901868
1140
899751
901886
901685
2346
898359
779
879323
185729
870951
198
1142
2079
902303
80277
1195
216919
899191
896996
894709
895410
2438
680
895159
895503
895521
169
237
567
1132
390272
533
510616
215506
1553
832
1064
1370
892252
1239
2001
1953
890006
489
1027
847
890030
25388
2059
889359
889268
889827
738228
77063
171
1710
612
361163
759
888539
617446
1132
889727
889567
888146
417
889468
1223
605518
1825
888951
317
890343
888067
888757
491
100076
888931
672906
889080
889128
483122
48805
929
984
889208
887716
890178
889157
915
1014
201558
974
492
634667
372
887057
889956
889225
880119
890373
107
888314
604
889669
157240
886595
887998
887600
886641
1396
1141
886864
578359
97581
1513
1656
1263
848
884987
884580
886093
885568
143141
883719
882131
2068
449
885261
644720
1782
884074
799
886245
1109
884425
310
885403
883692
883271
2540
1455
38501
764514
35
883508
455808
884237
883171
883076
644
884041
2295
881314
885459
881944
883551
202753
132
880183
1777
879105
785929
234
877729
877750
137
1347
983
879720
1464
75
878052
879661
1231
877454
1928
1187
876419
1883
943
876627
875683
873829
847623
875224
873556
875159
1021
411
874923
260258
430420
689449
873411
874745
609
640
873087
1114
68172
113
872436
103922
821929
419
871487
873775
869637
2626
421
22
871229
717
870449
1981
872201
870627
693492
1180
558
1686
868940
865806
456337
407
17550
865457
865480
865881
867435
1405
194
754
1093
863902
865286
862977
1108
114658
156467
766
1081
361219
334131
860715
862196
862025
874
863882
471094
865012
1532
697158
1992
811
388067
694
861516
1322
520668
863259
390285
390607
176268
331
862391
859877
1302
1344
888
861358
787380
861207
1125
860333
858677
291581
859508
1464
22
719264
1564
858607
1580
93
1789
651
496343
858652
839452
858114
1254
360
860469
860044
859313
364
856081
857404
716496
856494
857691
285
858398
1698
857744
564
857280
854347
858134
491
856207
1148
1826
819149
547
856785
854628
771
854526
857
853913
855347
829
856332
855539
1146
854546
443
113
854576
2158
853553
850201
853295
849627
853048
852642
852941
134
854273
456975
849700
1199
850913
77
1126
848459
849332
141964
849802
17503
847796
733
849694
848405
401625
846930
536
1780
848596
51
894
846504
700237
575
845593
1861
845918
695633
418
845432
60800
381
843473
2155
846226
9
579
88440
1101
1766
1858
2246
845663
54437
575649
843409
843123
433
776
843298
726944
842190
845324
678
1007
842133
235802
841358
76
128
843758
308
768868
231
842605
217
1084
841679
109303
840589
840637
222420
620065
1330
840908
841865
1707
842035
858
841243
841416
263252
108401
580249
1146
1057
839476
123981
841349
94
841564
247307
841481
2138
534150
1039
841240
840844
840232
841929
819
148
107
840616
560235
1667
99398
1724
840945
350
239539
643531
840667
123
836667
837744
834931
1202
835352
1544
834477
1800
834566
834819
399
1577
832251
836092
1242
582
564
442460
1098
992
377743
833008
835085
834658
834629
832780
2909
1178
817595
753
833378
829606
229079
106
831136
830446
828805
830005
1994
828428
210
577
942
295
830463
744
829141
374
502004
828109
973
828214
455
563853
825048
806632
1046
967
827461
826102
829145
866
72801
828270
1558
824278
520
937
824271
662218
1293
828866
782230
315127
108
827349
101
842
819247
1931
817679
1618
820876
566
994
438
818662
631
1426
1795
820935
147
394
816566
57
725863
2218
995
179098
540
814867
813732
813639
815580
293409
815004
814551
814290
152
1763
1491
710
1376
1732
814159
333738
813177
815132
672960
812681
32874
811274
1045
1656
628446
814421
1823
811651
2
645
811627
811748
812103
438842
305
811099
810116
810508
808107
57842
809810
2204
809193
630
776918
808401
2319
407009
810149
808913
570505
807537
807429
177329
807067
2081
1830
2033
541910
808778
381
10201
806665
807531
355
197
222567
244
978
1240
784687
806286
1295
809048
807209
1500
806930
809180
431
35
806929
777
563
807423
408774
2126
647
270
54158
1052
803889
841
361
148
804579
805889
2146
304
805861
2297
805478
806244
805351
272234
803376
805020
803523
803374
1779
804783
1476
527795
938
806335
803596
124356
439965
238360
2126
804820
804812
803756
1402
579542
801623
1959
1011
331
480893
453
73512
437200
406
200911
803487
800854
802269
799562
166
800028
1079
1997
801391
439
799709
1044
764
2286
800521
363006
1380
2533
798020
797229
1562
796056
221389
798382
2029
797569
391
794451
819
83943
794584
797607
795308
1070
99070
872
685
793145
2810
793907
53
1648
563715
505455
1332
20
347100
789520
327
1595
1828
312081
792622
790473
793609
130106
677065
1885
2582
83522
482869
789291
297556
788516
563391
35
598411
2018
791568
2334
650
1832
671
638124
789779
184187
107
296
1769
571
788812
785159
788465
1586
785856
785566
986
2072
785201
36
2201
785377
522185
783797
1092
1415
2070
1030
780922
459
124519
587550
781260
489
81
335289
1119
282
780748
781185
1676
779958
2239
777476
1391
570
778918
293090
781484
779390
1210
777484
780338
852
661092
779449
779066
778618
691
1641
799
777524
1923
777516
776780
124771
636638
259360
22195
778703
776394
1984
778010
776418
1814
778285
777000
776244
4983
778293
775562
2272
389
222137
604
1378
333
773553
775324
773514
513898
603979
773730
75
744018
268
773205
113119
527
1894
771026
462
688
1328
770121
773923
759245
1304
771966
436544
2693
770622
36263
768252
135514
526
1542
768981
769206
768269
769119
520646
769829
356
1531
766527
769854
2120
695
98542
153253
2225
766751
387434
766862
73
318
765834
646
765581
206946
768127
286
765521
766431
765681
260
765077
767934
763500
765928
53782
763848
2573
764839
762832
766079
777
1549
129512
763425
241458
1619
236855
142
944
764778
763247
691884
1721
764189
620578
129585
920
2102
799
762967
1466
1388
195933
110
29165
762969
141756
1238
95449
764484
761878
2211
761173
1519
886
763051
762338
81
450
761477
179
677330
761964
2589
405
1158
2521
762804
761084
764292
407603
762290
760448
651
761313
549041
557704
762082
785
759530
103
590612
2015
45
183
757183
101340
346155
11
758351
217756
755581
857
138282
757743
2324
1633
968
757893
1587
756890
759029
756858
415923
754701
753718
686330
754077
521861
755243
753959
2472
753654
753537
568834
289
751220
498088
180923
751253
454234
1658
753359
1365
753169
432
709
752811
754858
2387
2133
163
290191
293037
136339
72322
2834
753421
754093
347816
551483
751163
750225
225
1517
751632
750412
750447
673564
5
2292
752119
751345
16880
749321
751848
374
749774
534221
747851
1158
752695
201930
747714
748965
749805
513523
748001
2971
746947
1539
521621
747606
252
349206
160
407
23
120
296576
892
1015
1739
744665
665
1206
1975
1841
747291
744137
388522
429247
743123
236895
667
33325
745700
1555
1617
672605
403738
742632
744103
745207
838
1849
601
624112
908
792
582
628061
740964
741557
1578
1142
1130
267322
740999
741044
838
742640
390
741260
295
737358
238119
738434
2346
737247
738005
514
456
740065
552698
736768
737506
525664
737308
739952
154050
29
1213
736899
561726
739282
736259
735702
667605
737422
1690
738115
734604
440153
736377
737519
161
736091
317616
733983
1048
732863
2918
152
241130
388
736772
663701
93
731824
2224
733478
145315
736420
390
731409
806
474694
868
722
1551
267924
66
709299
729724
352
730609
146331
459627
559882
732210
727900
728287
730400
208
730287
112
729413
730878
1342
729226
79
1312
2615
731015
626
644874
729415
726011
779
813
727030
1874
210099
1494
1295
729465
707
1697
100131
1780
726158
164
612602
465
1511
144205
727082
555
218040
729642
320509
725258
726886
728417
725720
1890
328
2262
365669
728353
738
2008
1253
595857
230709
284748
726309
726469
1090
4592
1447
209
727100
726726
1497
419464
592
2298
721974
1783
1
559425
308151
1488
646641
722229
721911
277960
430946
1593
720220
721698
141278
718730
1335
1617
286
720145
722442
114310
718627
400365
720452
1006
1653
228
162
717248
720058
717056
716198
137624
716288
38
718345
650341
330252
1456
715231
2
715177
1086
715796
79748
717339
714324
717603
665
714683
715992
1310
717355
247525
715874
1866
150538
715631
447907
401
276445
597358
2489
714028
714703
717911
714947
717242
364182
965
76225
25294
1314
715867
1125
130271
185
73381
715667
716995
507585
713764
882
2730
526780
15102
715316
1651
214
715772
713885
715379
1151
714470
713425
716331
713213
166
713638
2276
2507
713722
2
710611
2786
715476
1349
716157
714106
715333
436
282479
633868
301
713101
2610
1720
713370
296187
128
1376
710855
715080
712230
1450
111
1700
710597
711949
400
708812
708115
1293
893
338593
705549
706850
180509
2212
708960
1879
707185
706996
706952
753
6894
1281
708375
706881
178386
1708
708177
330
376
187613
707634
708858
707041
241183
631
705258
544
199387
706704
3190
1559
190465
888
304574
539
704628
2288
483
165382
704722
705367
707382
707295
692788
1974
388732
702114
703448
1932
76
405687
2658
705960
547954
701381
702461
703439
706297
853
73686
705642
703000
15714
705237
40588
1586
702646
704709
702909
568936
1609
241451
700296
2085
703790
703290
1699
700746
412
1595
700866
225257
701099
1548
703491
636140
309
2525
1431
28935
853
502164
269
513696
504537
700044
218497
2228
702000
702266
700202
700819
154725
698731
1714
128248
700151
2422
2302
1235
699360
2971
693628
3039
416010
370
71680
697548
697448
550919
453
633
532
712
698548
696116
1399
694941
2552
2679
543
1901
309014
221189
270351
14939
513788
316240
693868
694464
694940
694511
1376
468488
3230
694824
693904
666681
694525
868
692213
238788
694187
694056
1837
694450
304539
696837
1121
694760
724
594
231458
695856
695061
499311
695590
532263
591595
315
691615
692081
693728
691264
1196
1893
692609
692936
690529
2273
2830
1091
746
690747
601
1982
1266
2797
692332
493977
2024
208290
690080
685845
1506
1007
688226
1365
690397
687370
688201
1550
1220
467873
688020
685984
2254
195092
688377
882
685356
686928
316
688718
391154
2098
282798
688134
688607
687953
662
1361
262419
955
686929
227973
657876
688049
686553
748
523
100096
692
1896
2161
686776
687202
366842
370
687863
685135
461728
684531
74
686916
589
962
538918
575112
1818
684689
84831
685705
2913
683317
685081
1460
1711
685096
523
2865
685212
822
471
459
386525
290
686110
208687
686853
3032
87
385
637
189340
682670
320
967
265986
607
681922
56843
995
1722
1476
120
199015
108285
681024
1427
684470
684572
683983
680818
1449
3219
682717
230793
1572
682969
680593
2289
20917
51677
61
679989
681527
682040
3088
865
1545
1038
1741
678457
676975
680
1853
60388
1379
2341
845
681064
1268
68
1013
472168
1620
677299
675217
314
677505
679281
117808
2989
674931
678956
681581
358937
65786
653239
65370
702
678148
677626
2351
532422
182
384
3297
321
79140
530
677197
676284
544
676840
675556
675371
385161
1763
199813
2751
677131
674467
676228
533
126
2821
233958
2731
127
376
1647
494592
390559
674123
479713
674972
2372
675281
675400
1007
181360
460982
130398
2955
558
367499
2660
1197
675768
203
674969
22361
1296
670457
309311
471
673873
780
1625
672310
670210
1964
1567
672850
672261
674138
674708
671753
59
611
1178
65
89854
671704
2755
540874
578917
671649
1821
674539
669152
1885
669691
671171
855
303
100121
3271
671668
35754
1591
662
383327
1202
458209
667762
670844
670287
768
1756
775
666477
667213
1334
671008
2301
533633
1311
234
1776
57
663235
143
1937
265
2587
45855
2203
660359
662543
660356
660286
565939
640494
661560
660051
217744
373352
24009
661394
664306
3126
662354
658926
626
660646
44
298224
46154
628765
448281
176643
248333
1095
152942
94534
79937
1242
223
655485
2278
311841
657891
348905
47075
2225
1085
655653
655703
837
566
659105
657735
2396
657968
1689
470044
654862
1568
2174
395844
657292
657614
654236
216
653
656422
2010
658237
655574
801
528
567120
35969
408572
311182
654416
197748
166061
536107
658213
436524
657199
655788
213
2419
1695
653584
653747
227
655130
654642
655411
263901
653821
656655
654496
652055
655282
653150
3307
3071
654111
651392
10254
231601
899
2004
187803
653527
653441
245
1098
655795
555685
420
1108
245138
40
2138
182199
650517
668
655251
20689
107164
142706
649657
2685
725
1119
651057
575041
2667
256641
447
650031
2208
647546
412088
537737
1257
1308
1496
650071
647785
1755
1036
546628
754
125473
571
645021
623
620336
646084
644518
54
709
347131
644664
2492
644152
647059
640979
643428
2091
1113
392711
219
643798
197212
231481
2735
5
296763
285123
643828
251915
857
631778
641489
1805
333991
616735
1932
641379
642230
642304
2101
1468
642077
1490
167407
727
641881
3516
641095
640287
1723
2857
2182
638065
2180
641827
638523
2206
2829
520806
641665
514665
193774
272
637492
2017
3308
640657
96
639455
17691
1030
867
450321
637928
909
504
640585
641679
128137
462329
285487
609
636829
496466
242877
639521
238643
970
621
637205
1598
975
304987
637725
931
182241
75439
330602
635854
637334
3348
2042
1434
637086
639894
638486
193620
338
637125
635955
1282
637206
632900
432798
638374
635927
636
1649
3110
210050
634369
636369
297489
121118
635219
634981
3072
441920
442
631180
264
2331
521866
2368
662
14
630142
156276
210725
351
847
320474
921
631189
1644
461036
3001
630688
628395
1366
629281
1596
60152
87
583670
259
311700
631558
627117
120535
221778
196912
630359
391
625451
952
32159
1203
198550
624604
808
3657
628483
736
624172
624961
766
456
624260
627213
510
622462
622468
622710
342640
624361
460077
624209
624203
1196
590938
622819
626264
626524
1690
935
622898
1816
374320
627095
3221
358752
3180
623002
773
1210
170
619420
193928
2690
109804
622605
620857
2175
433031
240
1641
371
511
620972
2136
836
622046
624601
695
910
531962
1316
621110
12
408111
66986
620307
219
113978
110706
1956
616995
617667
617767
2311
618727
3085
617114
2510
1007
614705
2764
1715
173701
613122
2588
265
19631
3228
2686
615092
614438
1271
616526
2005
609
613314
423257
615011
623
43
615477
325262
1092
513118
613380
520409
612290
467210
201152
614527
612397
1459
614307
1720
612657
3102
710
68
224
612706
191
910
1132
612648
64353
612413
609372
439
513627
608504
2608
940
3175
159921
606256
609968
610126
609690
1520
178350
608020
1457
364
261949
2029
608294
3665
601595
377403
189785
142
607466
608493
234
263020
609284
1021
278023
608769
611657
3314
610814
1433
609190
602208
608812
607243
606197
3197
608699
130825
605933
608909
1051
332
626
605235
142
607736
32
111196
509997
3200
490328
1129
607275
1568
529
50905
606870
606472
609550
380338
604523
604586
383123
374044
607914
608107
606705
606738
2053
544164
1122
604317
2170
34
667
1109
606959
607590
607756
309
10
605260
518698
1486
262978
604062
1702
723
3130
257642
470108
606736
606094
896
11
508
604349
543071
604025
338821
246
602583
600222
567781
9
475689
601183
604090
212689
605124
547371
602885
79288
705
3530
188641
102
599398
2359
92081
13
599077
601579
602059
602752
2792
101433
601723
601605
518
597563
1433
3236
602404
1230
598620
516518
2727
1458
1247
20557
600898
597581
599164
599507
863
230578
600069
545921
1540
202
285924
597275
599543
379455
857
316
602800
1371
7056
2564
597953
597034
3004
598488
599087
229
462819
214173
596889
601615
1395
596599
598169
67
233339
419678
21067
1320
384
1396
601596
10282
1192
600330
600135
258119
362
1854
342
409
522
2624
485001
597537
901
2314
395
508
597844
596247
596603
597356
594132
31283
2792
436
2146
593958
594416
1285
136315
592586
581389
11790
594852
594939
594777
324
594442
1972
1658
593227
593631
595744
591916
2760
1978
596633
1994
2987
596160
3916
96
593006
591569
578116
3302
588667
952
589192
588174
589967
2653
592307
594199
590047
456
2038
589038
1866
1272
1234
593205
590194
678
558015
824
374978
589974
589508
588425
1491
587896
442526
589547
587782
592457
2508
942
590069
145
506722
1958
943
145484
591536
591673
1798
587112
590792
103
94507
586333
353341
1267
589052
590703
19
1283
128
430781
586069
583567
403
768
530476
41058
306976
507057
213279
378
1162
2847
1877
541869
586296
2567
586501
2009
355346
64
604
126944
273
381406
584544
3083
131
585219
2358
171
186230
48266
110437
87978
584572
584773
206690
586303
1440
746
1140
583592
586721
1124
194071
585153
1643
583894
1005
3764
1724
459
1299
273
534619
583937
1617
204138
1650
2052
3509
584154
584051
584456
581660
81365
442
130263
377
113271
583188
315916
2058
447405
582444
1031
2316
3157
580942
562
40806
581316
583776
1430
442
2592
583016
582073
585077
581055
667
584978
474574
583823
583660
2120
1751
583741
471984
1314
551808
584006
581103
581618
580131
1145
485
579215
527396
580
579294
578001
582117
3457
844
1316
580283
2032
310
360815
885
578463
287
62
578249
575360
579460
579751
575585
576307
579644
15
578233
576913
1914
1338
498747
576652
1490
213404
572785
576704
576053
28148
578367
55455
572190
575099
415
2020
572125
572255
4
576475
577183
576906
1694
574825
41
64
575130
574908
298
1485
3484
3916
180494
523
135
575307
573911
199721
437873
909
107745
492
572765
232
574944
575467
576791
576274
259740
406729
23311
571182
461051
472391
571192
78
540
576601
2406
1227
23120
571153
1847
5004
572618
1844
421
181273
568331
2329
1738
2429
567736
395895
1669
521
2232
646
159431
570538
567342
1483
568463
566065
514222
254481
1035
568017
571342
565953
650
570342
262924
3030
572062
227206
517586
567988
568231
570955
565812
389
566622
159028
566740
566831
568790
569753
859
163
1655
2195
982
123992
2836
563398
1002
2541
705
476555
104
566295
2648
566434
228237
568692
1007
567014
3125
149876
70192
68
569462
566608
564778
562603
566288
2272
563467
562979
568081
3494
666
2853
147588
1902
297377
567389
565344
565638
127
311582
1289
280597
787
844
152
122
114768
561080
416
218413
561323
562771
471948
103005
2702
2148
562736
561872
230475
258
562918
731
473524
223
932
279528
564753
2527
564564
149857
501
340880
564917
562088
1151
560290
56745
2012
563277
561278
544164
74341
335512
2035
2796
70
560355
1561
1090
560934
429
2432
437958
624
562178
715
2973
556340
1642
559583
1502
266
561634
884
559302
561164
562564
557785
517900
312193
559898
561848
365744
116
562627
1793
213
560920
559332
915
2423
403
559810
555975
557900
369155
90842
177
560526
73625
1999
212790
32974
559749
1029
253919
1283
555096
525058
1656
2387
556642
560564
499182
553434
559948
559377
114219
554872
2691
2791
558674
556981
1440
558209
388064
553593
1169
219919
555553
491657
1846
47059
1617
73686
556956
3544
294
2168
558563
2793
553247
206948
558242
522036
2253
1240
2138
3373
556901
90331
550454
556647
557891
243769
417
49723
2209
550769
1844
2611
1361
476365
182361
260900
178470
556566
554145
553336
3490
551549
555920
1021
1424
1947
2229
76031
1507
2986
555140
52
410080
40
553321
2768
2399
1187
554044
550376
551137
13292
2830
1712
178170
551186
553880
90278
535054
553756
642
551832
443432
553679
125925
549871
401575
1056
550154
1032
548253
1476
549854
3759
3935
392629
546467
1409
28
544914
546474
547261
812
44
256689
546340
546886
1888
275761
2016
3464
544204
549414
431300
545235
545852
2254
285954
500263
2808
548962
2238
2534
382861
2282
441349
364
945
347848
544523
389416
107024
386
1590
144610
351400
34875
2066
262111
1227
545476
544244
542039
2240
543736
3594
244052
395880
543461
199566
450166
542021
1106
65695
425352
544316
92766
543598
543849
546369
1515
266343
314350
454
1196
1215
331
475121
3831
543920
184
1168
80
1176
1759
401
3032
541499
540842
544721
540739
541820
592
268890
539861
2379
542463
154
537968
1331
108988
544803
540685
212044
543000
1149
542049
2571
55192
544466
543930
2872
110244
544133
2580
1386
313598
1928
3927
726
395006
827
545797
542609
546319
846
1676
979
180871
266
541443
542658
542546
858
540707
538497
541424
542662
539863
3388
430500
969
540118
522762
540239
541505
880
597
539482
217741
539430
371180
1591
1146
457521
488434
589
2179
98414
2362
176259
2318
536203
434379
536888
611
450878
355596
84803
74866
315
539752
538838
537850
539330
290155
87995
2942
580
652
601
104287
29485
1575
1698
339467
538948
2609
1098
532195
800
536638
110306
972
536845
430887
382
471
535740
426
277307
171104
283825
65
428
1463
1322
535464
193351
534511
537985
531612
533063
531244
433078
533995
1479
333493
315699
1941
2811
4196
1425
1280
532381
3335
534059
451494
3904
914
2316
353314
2310
510
535689
593
530192
560
1212
480673
191013
51857
531836
531272
433
535963
534058
2222
526286
3402
535414
534417
529319
533553
529304
532251
3191
1038
531859
529675
263996
233490
1064
533531
397153
532291
531450
90780
357306
528721
532807
518555
1766
1449
103
531720
530061
117
2521
101
1589
530337
534065
1757
423894
490
529912
148559
1959
534598
402861
52434
533377
2336
533381
1397
2673
307909
526606
355540
2417
530903
529583
2559
531616
283
478414
528399
531428
1500
201
528713
187611
1782
527388
533104
1125
238505
528593
4662
508732
42852
16
526960
530819
569
152
123212
2623
530149
686
267726
694
530619
526527
527142
353335
845
529322
2366
527294
526209
45462
528724
528513
530701
1167
246514
419737
3061
1517
1404
676
2480
2683
524519
532238
136591
529827
416111
50915
527968
1744
526952
520984
113812
3159
1574
528309
2517
524755
531378
446521
622
526535
215816
526307
42754
526827
530146
1249
206
527383
1004
397901
524715
2931
525442
527540
523880
521929
754
528063
1513
527800
528230
523715
524991
456154
505956
223787
398
48937
345756
322824
528448
3259
527144
525912
2706
40254
524449
2348
1558
526403
527540
528001
655
526263
3689
525361
524574
189629
1133
526432
327718
351404
51282
527135
69755
2900
3126
3174
411
521898
525612
2329
1062
1203
527519
75271
526276
1806
525426
20
110547
217800
307233
524139
3648
525233
522044
243413
3225
2108
523553
685
589
3088
89891
2119
522839
457312
703
524941
363251
274212
524807
2347
592
2280
522832
1003
379610
445873
522548
38355
1142
311215
524785
521907
1784
526965
492373
3054
2790
524995
2138
2454
526968
258651
522181
524630
905
1809
519647
520307
1365
319
239905
360717
502881
520943
521063
520862
521166
354
113209
516843
518044
520177
63
305545
746
542
3092
521763
301349
381769
519756
519865
515714
523588
44099
517437
2776
518682
518732
219
78540
127676
43026
1138
90
1096
3204
520340
158321
122855
516347
520517
519495
519244
520194
514747
177
299563
516175
519595
1057
407823
183918
106973
1183
487629
220176
190410
306466
515488
51000
2666
2076
518091
1090
172259
2333
408
38739
520151
552
518320
163
2550
100365
1550
23676
3741
476060
518505
3387
362853
143
515082
1570
1173
1
13631
516720
90075
1356
469
517961
517708
516713
2805
2985
517688
1795
515399
353390
833
520318
65757
1715
515246
14256
515103
518018
515949
739
3290
511341
892
514399
346638
515606
276478
3272
213928
514796
514033
366906
515306
511778
512749
1011
325004
371
512728
513568
509835
516394
157416
511542
515143
511313
514767
1689
3107
428767
145929
41
507032
210640
510498
511963
40861
205961
631
509747
794
4189
509885
510389
230456
2937
87206
510927
102106
340653
705
174
513590
310342
467250
2541
508969
511004
192055
51660
506167
210636
509556
505838
421022
846
511612
505408
509963
505554
229848
237847
508739
185879
511025
509770
512450
506716
323
511253
400239
94771
2794
507286
510174
1595
308540
12733
145324
504302
509052
4385
509446
503417
1537
508209
2766
145878
279476
508694
363007
101842
337939
506567
505037
459385
506562
269538
174
507676
3117
3173
243690
17350
508938
820
1900
219075
1009
508372
508462
501715
84
357260
507771
1792
169899
505793
1926
15585
503655
2419
507929
383477
435
505316
777
317
157906
504868
147666
134138
2056
3439
278226
389
181855
505256
2920
449427
1168
503426
740
3534
318069
501052
120563
490801
2055
506118
3807
22629
267415
3283
501182
283146
502065
127283
501470
280007
500838
73
2695
226
502274
124696
96578
394676
3328
504251
75806
2829
65021
309429
420709
613
4228
500627
403
504916
116
53028
252076
113722
502846
505169
501354
499980
489656
94441
2395
3458
161828
1828
1479
398488
2021
3041
1976
662
1490
344
2518
45167
133836
2041
63143
1161
478
502489
490927
432714
23257
70
424777
1292
666
159278
502322
140
359148
3573
25
500009
795
802
717
478560
500707
501934
168
2267
2524
1983
1725
709
2971
503295
503729
84443
497739
3233
500221
501026
118987
2363
133130
260358
502730
507
503108
499536
494834
2256
440494
1588
496729
406197
352920
1403
271411
500997
4383
2194
239
499519
291217
3852
219184
498375
497416
506
95464
21428
238139
497015
113032
496882
498631
2423
498917
877
80861
496031
333
2455
495203
2800
494303
499885
497245
494997
496244
3388
1249
496546
1388
989
224966
497570
437819
496328
464286
493861
408777
495747
2
284330
305683
76836
2396
110987
3318
407373
2171
493126
3690
4307
500031
495384
325811
2432
106036
494288
1951
498285
1247
2290
242690
2277
84865
11220
2432
496747
1101
99333
381279
60661
496158
2912
495869
3219
761
495024
492137
488080
497465
701
497695
494989
2245
4298
496477
1559
5020
1711
1315
495489
981
150573
472048
492989
496063
197587
490622
1372
621
88439
491681
265
2456
1087
2689
3095
26569
490401
2453
38631
496069
491505
490398
228742
1182
1210
1821
491928
496890
573
1933
379929
3035
931
489499
493346
388993
488260
4002
490704
493104
495176
67848
1616
3289
3021
491370
182
300349
489846
196031
4223
205655
493206
488809
1289
53
492481
1274
2617
3557
2633
55159
492199
10251
489416
492921
488920
489476
494155
487894
1096
4127
518
246071
351373
489955
490071
125136
261638
287005
488611
2247
19356
490025
2739
2266
254
1845
153350
490143
491918
2648
484667
4639
71728
488036
4614
59137
295185
378708
489106
487576
437879
489395
817
977
488695
310929
488977
3020
485781
499
483430
491725
487954
3252
488564
2711
1053
201348
4470
489073
4748
490124
341619
488539
928
485178
1171
2549
360
483943
2171
25082
1972
486978
478
486920
484490
487475
487774
489260
152
14256
1478
108212
331763
411
348338
3150
2424
69395
484774
487765
253036
467727
486930
429
193773
439165
40152
486359
2095
489353
1501
485205
301827
317089
483085
482053
485756
18605
486125
275282
2023
482249
482726
259754
772
482128
142962
479252
482576
482013
105525
5204
4183
485274
105389
1434
197200
486419
33451
379391
484821
193866
1363
327557
131349
521
477682
481100
4456
1894
334721
2221
1268
482523
397827
304092
1109
355802
1331
1588
479710
479554
60983
4361
479526
463165
1676
888
1065
1767
478726
137438
52641
440857
372268
481026
4535
10
243958
359155
752
484058
1332
670
477543
149
219554
482236
207549
8725
440974
5
2741
1562
273286
4324
1311
1329
1125
355711
676
2673
474
1915
474269
478305
621
481180
479278
435176
538
67759
2434
480143
175520
4575
2350
229835
177779
84327
277617
26169
1734
428416
3537
481940
480273
300498
302
441943
477695
479733
502
480270
336423
579
476742
106459
276166
358836
111863
476649
475673
477081
121866
273507
2987
2023
477056
478165
478120
1439
108
438878
476517
1195
474252
161282
475286
284342
1736
3164
97111
3041
471744
50476
477324
478076
476121
440
1204
445540
2021
396407
473509
2771
104176
128024
100142
436
1436
385314
2147
472702
478252
108984
536
24658
113936
267361
146
307843
474680
54283
437752
477342
474335
254484
1330
496
369586
337540
151
472441
472837
72
470488
470714
3068
3248
126445
471365
1033
70337
312588
3361
188139
445743
116
227239
771
400948
472317
472293
197596
1013
329282
161910
1539
4476
254926
199
1067
469661
471673
370044
234
474405
468384
470872
472858
468870
340055
323901
1590
1138
466150
473023
3476
472015
278375
469439
469056
4351
192128
170412
89441
395
469764
1381
468548
584
302557
473172
259519
2719
470915
173574
469385
227101
467337
1489
467925
48249
148389
371018
2553
33
163695
3141
146956
2996
452651
466386
472352
471109
451056
1502
466096
1259
468249
465014
2246
169611
231850
4129
468834
2656
4491
2592
454925
467798
467152
1621
470488
225
467571
469157
486
469152
113034
463521
440282
89338
757
464938
465248
10607
468171
526
464302
211695
466397
463212
2121
1274
1545
468521
127237
408189
463676
466241
464210
3014
468858
214721
517
132
446267
319701
249917
378246
465009
264
466020
466188
244179
464836
2402
899
467142
468159
470055
258089
360104
331
3246
84703
361004
3236
467338
4674
465402
273658
461071
461716
463100
466172
91031
181366
459605
463578
464306
221053
50793
463584
464609
165928
46655
1312
461959
4862
459182
461569
66330
1571
235502
468
465193
243126
462062
263637
1497
21274
458219
464235
460958
459414
19898
468373
2715
1003
1183
8108
165
1117
4616
3422
284679
465622
690
464385
459785
3563
361432
13567
82403
162
467284
46857
859
262870
2362
241635
1933
2390
1470
463006
462113
459628
2580
9219
3155
465780
463211
462765
3070
72967
464835
164103
463790
238093
337063
431290
458364
457222
459102
459623
1568
385435
427935
166145
174505
460500
459239
213744
458733
455329
460266
461300
389303
458521
369225
447616
2636
457692
473
56560
1706
84
456780
400813
2646
201317
420060
64883
2924
84696
458442
455428
110
3412
1727
458040
76983
455867
2833
54934
457850
119006
36
537
456889
184379
454654
456511
19944
455817
305051
456725
1354
133537
453442
454211
456712
458441
220661
437484
456517
255291
298417
267261
453159
4413
454439
242647
307905
138044
204272
178155
1027
457436
1470
439583
454860
456803
455149
364893
454939
458533
103746
449466
1270
3202
4116
2595
2925
321697
305287
69579
458384
1567
1077
466
4526
452971
365
469
456070
1843
453933
199
4607
455511
889
452205
444163
313766
457196
454948
129052
225574
449272
1998
66386
2933
3802
451922
2836
454182
1188
429568
451661
448926
368753
407
90
452820
355645
296794
3436
125609
452683
2201
311
1810
43420
42492
454681
1661
718
452408
43968
198493
452183
448436
94541
483
112712
3102
4326
924
453656
360956
402790
448466
452301
1442
446886
224758
77048
1223
402
1041
455194
1718
452755
449672
2978
452219
362794
3553
1893
1469
450727
276872
451762
21957
689
277808
448932
1086
193220
1037
1179
1843
451375
448211
450403
447808
1636
107502
2705
421017
771
448141
451094
2125
1802
76051
183
774
97028
348610
2385
133505
36054
410433
449149
449075
450686
446999
450841
205881
449674
447583
452652
444494
453541
405404
1721
451070
25596
450402
446801
1199
313936
447521
451168
448481
2696
77966
1741
449030
445282
207328
51644
882
447823
448443
446789
54048
1832
448512
837
241354
445121
449778
444909
449285
448214
445972
41253
4085
450232
426
388589
452589
1960
446306
107371
1498
447571
90471
447300
445749
447798
443803
2563
447057
340245
444050
445765
429532
448265
446380
2429
447200
443456
447789
4017
5300
2576
133584
1451
1732
397
251477
446795
222448
1293
358452
306013
1942
621
222559
876
3788
4559
825
445236
410640
446529
447594
447271
351853
3720
297584
419706
71015
4019
447802
445509
1229
169287
444544
445925
449130
36543
448463
1595
441844
49319
17785
413373
370663
362931
2595
302544
117079
449306
405
444616
3352
442000
175573
440345
4498
442092
442198
444798
445124
444153
443410
441255
362910
79881
254109
260372
442921
817
1467
2607
442692
445171
445558
445565
1078
2928
3695
438921
126329
102945
192503
444245
107836
5777
3713
438427
216255
260814
443630
46128
184876
1002
265340
14053
3582
117137
442414
921
5031
393998
360794
298988
438258
441449
47600
296466
441043
178
244075
59019
50329
3942
2106
1540
623
1687
2440
1324
357798
2768
54949
440591
336
435422
1290
442816
3231
436917
4808
315
438743
438775
2945
3727
439970
1425
420153
216887
435045
39478
41339
80
37798
441055
2596
1380
398794
423396
235186
440551
309729
17879
2053
290783
26991
1356
629
10947
297487
443908
47018
1827
105
442081
965
3751
436338
3884
98991
1982
2820
256762
144186
92603
257562
439558
1389
188742
3140
3736
54
3009
1175
890
1651
1575
436793
4421
437609
440254
434576
182915
855
442039
190
346106
438729
434163
657
440065
356330
1937
22024
432593
46115
440358
1343
4328
251656
438197
1876
435002
438553
1006
1548
432742
425502
135743
230942
390
335095
434763
440044
438556
2332
136716
440394
436970
2327
4
2196
231064
1633
1164
4635
3103
437543
438103
211623
400761
436331
4464
438466
434512
440135
438672
955
380056
2542
289251
299607
1300
2612
349
437769
333
432112
436513
435707
2837
8
437846
2198
1661
2433
30081
433546
1103
3413
437425
434425
4283
2803
434583
329241
768
1124
436458
2190
3642
1471
488
438488
435445
3736
185583
430649
14311
3860
4350
311863
329370
437398
2117
383827
1059
3003
2635
4823
434641
1014
435477
433350
82931
50210
430516
431919
336607
118
162294
1953
428626
430992
433432
61800
49184
2293
433698
430672
399220
80193
307245
428073
4075
2296
1550
192468
430762
684
432200
4882
72288
1342
57500
373516
2352
1292
322183
2369
432754
433957
329844
2097
428107
492
172271
432370
432754
242306
131743
430318
430123
433963
338
2114
1686
2824
432062
430937
103342
430758
196934
4021
428633
268039
434646
115660
678
431155
1180
4950
430465
432715
431168
428279
2919
1893
3375
394068
413693
429319
544
4382
2365
1802
3007
2784
37116
195
431139
6
259280
658
428532
5423
3814
429414
428835
2552
433303
426369
2983
510
37
430606
262
5796
3079
428224
292
429167
432313
422975
429280
247014
341072
353149
653
32250
430872
1024
206812
429482
426382
430329
429826
2719
64659
430348
429752
373405
425318
427564
426887
432823
1303
366538
812
2820
244583
1739
1132
2279
17921
430434
4299
63
1363
4458
261
167816
429903
534
426786
121
242080
422420
424677
427266
4126
3417
420329
429943
1560
423133
425543
1119
430962
426857
2038
2009
264288
425202
535
168
422913
433
2599
307989
423585
1821
871
225481
305489
278048
264979
545
5012
825
1162
425686
119872
158693
241204
423154
3375
189232
887
2937
1453
222874
422941
422898
425850
394081
424863
422020
412498
426226
356226
864
1628
424829
420549
3480
428247
419493
1509
356322
426782
48753
419014
424560
1243
1897
420071
420480
20044
1575
4565
374871
3266
409742
3266
349650
2139
416412
2696
428872
2567
383986
1889
1806
159885
115851
427035
2667
255098
258301
1129
422989
422625
422836
423443
205
13924
422120
130672
422920
158598
3728
423324
426603
418865
301
33107
424802
310265
422972
169026
420397
96623
169452
422533
246985
420003
360072
139090
381
134786
4630
4212
421408
53657
231525
420717
303476
418375
206
187672
421102
810
419345
424817
677
416527
316279
536
421589
426884
363453
420522
3974
32333
2634
1322
423183
2869
54
425497
419300
85785
419345
420495
1286
418373
323022
422263
422772
4535
209377
416571
418995
424533
419698
420420
416706
412135
546
120037
421851
317983
422707
421585
421973
875
793
100358
1136
996
424420
92667
74103
51362
542
208091
421672
1792
114
2825
417492
5889
420390
423684
419771
2007
1407
416446
419101
423398
1385
275608
2233
1301
1034
58834
422453
63658
338959
1909
1531
5640
207
258527
418509
301908
4551
5282
415676
1050
8523
421726
2849
248815
2646
419376
334885
1858
90490
5183
420161
242475
417542
415922
970
420516
416506
151024
415437
353
79804
1010
331412
2313
415645
376716
1892
3299
413584
418120
416831
2370
567
416277
41579
417193
419926
1887
290
2704
415811
741
900
413123
411423
416201
267893
415056
25
572
1555
224173
467
182690
411488
5174
415338
411065
403353
415101
161823
527
87418
74683
414761
419491
335
343482
633
394103
416046
4414
4252
905
2607
109493
415303
414101
472
411973
14905
313075
417394
391984
411666
411419
197641
28
1191
4262
411617
412951
418257
253267
411232
58700
1629
330332
411343
2687
409812
414060
4431
160344
398178
417576
406710
325306
341189
3302
418155
1997
407154
4543
833
411556
272858
412098
412650
236947
2397
409635
408884
237591
3579
5977
55
409669
1230
407673
414799
2649
399982
5865
37856
338142
30155
4969
411371
410586
69148
409034
412529
93249
2636
2262
3278
412961
33407
7796
410452
50
411435
4907
108255
152683
408365
412845
408519
408952
236184
2247
147376
239858
411918
410276
2867
43588
414155
2136
412353
109878
412049
411693
74318
1938
192493
329538
1041
341754
48059
409224
2613
408783
176
170
2561
135563
97948
324118
406287
209024
3348
794
411841
409919
2209
411586
3180
40030
1035
405028
3516
879
887
4345
160222
1718
1035
2276
224354
305417
397003
3561
141025
349311
409779
408621
406372
408499
407841
3859
138727
1331
1338
406237
408896
208127
5403
406757
3316
3812
403841
411603
49578
2273
406914
409580
119847
292043
3482
410409
4276
403492
656
9375
183562
403175
409513
408638
72139
28244
407955
3850
5589
94988
401195
407477
206104
46870
305
18252
1206
13137
988
199657
1357
307
406223
237543
5657
90952
241360
406303
340919
293575
4673
117176
247
2869
402911
400291
2372
47597
2424
82353
401325
3932
139
91719
2505
324106
229687
3727
407359
1480
407080
117015
406219
403030
403052
374151
142492
405290
70167
477
395
201620
114742
3218
358314
2565
407276
168527
405473
309333
3310
142288
401946
404196
5299
141311
404725
397823
4227
4746
406177
4473
1536
9339
734
407276
3028
400783
59215
144657
67482
2140
2737
406133
1100
403532
5405
401049
3639
147636
297194
223510
3626
71178
394154
50898
102664
404871
3112
406519
307778
1106
142088
405292
402947
320302
176829
69191
1184
406553
3582
402725
353
88306
406262
4246
404028
29628
402833
367417
397134
1009
404066
234191
1067
402750
398527
402658
161949
157681
400585
3074
795
405548
233520
84895
2601
4967
4382
258492
39082
402018
399110
1722
402005
229137
945
897
401827
401268
242837
251327
399853
402130
400588
400436
177234
399358
399054
2080
396364
2208
297166
2978
397219
79
131972
136599
125
208495
84004
1646
177579
1245
401354
394963
399181
399364
327437
6063
398477
400849
305264
1751
401667
311
402597
4553
1873
3899
9
20614
326734
1628
1166
28481
253797
816
56762
77327
395050
400632
241562
400778
132262
2178
79132
2074
374742
132940
2669
330015
398904
2739
2896
2064
403768
2147
24678
401025
402505
16167
393719
394228
4435
593
256917
3745
199862
5745
401037
395910
335
3774
565
24205
401210
144013
384119
94758
196222
246467
396653
391886
401624
396156
2847
91019
392586
5319
132266
194786
391129
2785
223093
322198
31665
2432
2725
102371
27543
395416
396812
1928
1958
215556
204630
830
401194
43358
399899
394018
265185
177601
36091
395241
247531
43064
2795
399615
1714
4628
152546
1844
125006
307068
175517
300063
398390
356869
359260
2724
398424
1971
2730
995
178083
1682
261204
98624
391427
5344
396163
392635
56638
622
159331
394959
2920
391653
60426
391268
390694
3269
296075
77283
243094
116
248237
134953
324017
118238
1313
5518
5920
393502
235232
393479
77512
372623
393272
4650
369007
743
250819
49153
6280
392563
668
412
171
392064
3284
386762
362431
391822
390735
38689
396455
396803
388617
387460
336765
962
15757
390919
387936
362329
390117
392353
3419
98521
7216
1370
1948
50088
1574
1241
388686
53412
391808
3657
64901
396480
393936
4658
143766
304111
789
72351
3395
392888
395345
390724
604
162861
211440
231717
578
2507
565
31836
552
555
4204
79149
443
54061
388478
394454
2902
393229
88401
390578
70783
307668
1952
390736
3789
388055
395185
4004
385616
391256
144452
1900
393285
114657
259329
221796
271312
146000
220533
387598
317594
389647
595
238081
228375
389791
2533
395226
70572
57410
392947
143
72549
4608
384311
389238
356936
63336
176688
389111
36809
48987
1970
66786
57883
217
1296
391277
2167
248803
390903
388643
390256
3655
388760
226701
248665
3760
389266
323762
2195
78346
2142
1
2395
2090
16029
385537
337985
125422
24774
390734
75486
162322
3071
352961
3297
385022
949
386801
3837
8420
2261
188788
348418
3700
350835
319861
389639
244119
392326
385435
392896
68925
389594
1152
998
388795
289663
208130
49
4771
1143
313105
777
387038
8199
389553
381907
260104
31484
228405
3400
1149
86972
385849
3206
761
4610
363
365941
41771
158151
384824
2233
39660
299613
1993
25302
386704
123920
1661
389537
381226
385753
48697
383247
382429
388621
2904
785
1275
388159
5661
685
192296
386885
232418
2612
2622
385220
391026
4038
3350
385525
3575
1997
216312
2265
305652
283385
3179
384044
2644
594
374244
184103
21593
107
826
2708
189354
379728
231947
232718
385817
774
383339
380549
388271
379912
2831
384533
382656
381279
40024
5040
379082
355616
275469
383868
1735
40427
125447
381670
1559
5471
2702
125685
1052
827
2209
16868
99692
383971
382045
45808
4309
4124
384346
1873
382562
382
2131
383420
316133
2075
2990
385561
3184
82324
381502
2399
263128
37329
386545
382370
218
379375
381043
298644
4924
215044
606
382308
382303
3625
316771
387685
21142
382583
2526
380294
3707
385128
383411
376593
1117
2974
300551
346
3636
318334
377738
382615
116892
494
379169
385008
382068
2886
1238
224271
382895
378671
1530
421
380569
2669
3162
5848
379219
339509
47130
1238
3914
188359
1359
371684
385532
4972
3155
377728
1283
380404
300185
114996
379236
127608
5857
386849
4178
381981
1610
337855
377682
181254
201699
382104
118298
379398
59523
1847
322050
4097
1051
376678
383719
334301
381212
859
108146
2945
108021
321495
3710
1552
1314
2372
224043
21366
102
81052
686
98977
99765
381490
377347
382690
379731
382698
384415
1884
4398
381428
1564
3091
382448
380241
851
252649
377240
378182
234943
109810
11297
3413
142243
372648
376449
258306
173266
381187
2248
62869
3873
4133
293960
379659
2691
376671
471
382745
215326
280813
258063
378586
379545
18
65244
335557
1995
1122
80333
1773
322951
95739
43678
4776
2814
3434
4438
376992
358417
175312
6374
385089
376565
3421
185082
380826
71503
2579
219523
2415
71926
183
5143
380607
344818
2215
282049
96082
296778
350357
4938
380570
4403
381927
430
285192
201290
70114
376355
382826
1843
183892
384381
126492
377175
344681
379852
377219
150692
1405
376424
3018
5123
316802
378692
169106
376177
382941
202776
5487
307044
936
374793
349265
475
265410
952
205131
266336
377852
377579
379140
674
342087
713
198168
376856
377129
309671
172663
882
377289
44246
3918
8493
376607
377303
374440
5681
378637
382736
250397
380332
158808
383446
173301
377065
380492
381373
378876
301792
373119
241003
375663
55
379233
378889
124956
214722
1496
372945
213215
382955
176
2845
377445
375597
207816
4839
71012
377466
374061
1188
61308
629
32582
151970
1927
371546
198697
2461
370621
381763
2473
46933
289776
128762
1322
215686
376494
239767
4095
3249
4991
172335
279288
291101
3250
780
412
30
2105
2366
1749
4741
545
378032
380538
17663
4835
2583
380380
376297
370998
91211
1802
153657
373867
1037
249602
371988
375327
428
301251
128133
382370
378957
93502
377189
194671
297430
373281
4062
371901
44901
6569
376579
1829
313659
376699
3021
38711
379526
374751
381765
3035
378212
6630
377483
248122
248655
68034
378562
373392
377130
46087
303052
369762
375050
307586
378660
273470
379337
374737
310240
170870
139709
376738
1675
3006
372675
375641
1146
356603
4909
372533
557
3945
376785
372852
186903
3333
144871
103263
2147
48135
28316
371862
376778
246093
272641
734
2890
187492
373535
377404
315281
215261
369551
39179
734
53396
6217
373517
374470
377371
217800
375433
4641
47061
365938
1483
377525
301951
71
371655
1194
716
235971
57504
95882
249422
5549
675
984
5141
341016
1321
252854
202781
1164
262075
262917
372784
370275
2575
145250
1812
372726
5036
4099
377247
378440
373649
202334
125815
376270
289404
3128
130
263642
1127
163214
377694
1588
43698
2322
375966
195286
44487
374673
117203
166599
3335
4435
378356
6001
144
4040
2417
97634
3770
1212
2397
56418
284634
5002
374582
1690
257546
2153
2919
2010
5491
883
3088
373943
698
3999
367679
111006
1218
166926
171368
216183
3274
190335
368996
273556
343819
1360
3224
653
372967
19143
108
372723
725
376796
256976
378181
371542
367638
43133
865
375475
1412
236253
132410
374136
2318
2567
374
358807
368251
1684
40828
366315
375901
3579
297716
314177
93996
705
352540
144577
2695
370865
2195
377239
2208
6949
2271
369599
365398
369846
197954
372772
370757
371723
369826
371815
373214
6925
305845
308919
365832
1465
366827
368861
367847
6233
257084
366070
370952
97503
369523
366870
5275
369204
366710
369987
363988
131375
163406
55265
270534
268189
98590
2289
27927
52805
81919
365759
88151
368961
370460
365508
201456
368550
775
365888
5618
1538
4264
368417
907
131015
1942
237952
285853
34
43410
3441
369710
366594
368787
139269
38056
160911
367819
986
370276
368110
243142
366321
372713
2428
3305
779
374554
6299
74831
369254
76843
190172
5483
113633
368249
2267
367475
1298
5045
367969
98437
330862
3594
154687
1558
1426
211840
41633
364725
2641
480
365033
362229
1160
362390
50659
322846
19937
98966
364305
359057
363859
2355
3618
324620
5791
363104
189859
365222
240377
365732
159
362770
1617
365863
2543
364471
91778
694
360812
362576
56590
193986
2332
5893
294607
224020
363405
363827
1015
154876
238
351294
796
3033
2241
26743
6366
1079
370023
363444
365319
2040
361276
6156
303188
618
361903
163634
202931
204
357752
5924
361585
361573
882
1060
260173
3753
366885
186453
1193
3035
1897
2620
362717
4242
122169
365677
3354
358844
360312
240925
76925
178904
356367
3350
235956
249114
165
252805
361120
154741
359503
74082
522
360879
175917
4530
361194
360040
1832
160455
365197
617
280140
5599
5232
313164
362560
1033
3719
364431
357351
3450
336910
356431
24146
364567
360522
4593
360142
3073
78
356674
93012
164261
360259
879
4073
268903
232686
6351
285
1395
2237
360312
587
366257
204761
364253
447
361089
61194
937
4557
364500
358500
2906
358386
306438
359987
363076
128204
2370
361611
357673
360944
2899
3157
344862
156190
214175
145672
73664
26234
3657
6112
121631
536
163440
355691
1977
3731
4054
364263
343383
361648
22202
84912
316375
359130
362043
360385
298787
33164
1733
3079
360782
354423
287
361444
76956
44157
356993
325784
5295
19919
334460
178413
3179
186016
359250
1502
2982
205470
128902
729
359563
248786
109828
114764
356612
360423
358408
361795
37283
362342
363662
5830
356154
2262
4542
139807
363590
124487
2444
357876
359021
940
131345
3300
352460
321859
3618
275793
318098
357547
4731
360353
20072
313374
670
357034
362360
357999
9791
4266
359866
3875
4183
336
95864
468
888
204773
3054
250633
1140
318445
133447
359075
234577
354959
363201
5887
352597
135852
321674
253436
363419
699
138
3123
1182
356891
793
358694
3469
293628
6102
326573
959
1389
2495
179532
335506
358112
328445
328
743
356696
178615
1737
197451
458
358405
6290
356820
106986
136988
351817
732
63242
354192
353958
356216
1757
135193
4328
358344
325811
5318
224714
1340
357863
136379
354657
279729
27296
1305
352549
359406
172827
359409
355485
3152
189945
38
351060
1106
1
359258
2150
4656
351528
110374
356436
349188
217418
357741
354166
359807
264377
160
826
1377
352070
1784
477
355646
2606
3009
354360
11483
358451
30507
360566
355641
355965
306073
354067
1545
36973
146863
1174
356185
222612
110134
359241
260810
24586
103669
279241
1136
3747
356943
355305
349630
305687
326908
18301
1738
3371
353936
350554
351598
3742
3445
1537
2974
4118
92195
164326
2375
3007
2452
5765
185485
68114
138
329913
349866
346653
144585
1502
357485
4519
352909
4060
84140
1472
5708
350274
200747
350225
351735
345502
352068
354975
2221
249383
354114
50139
321781
355495
354179
355978
195237
251
350292
237705
103177
198957
52509
1907
153
349673
261021
353675
148091
4873
150571
14702
319452
349035
2595
44872
350692
350558
283807
75124
6310
2156
351725
348201
272644
2635
4855
351325
352844
92239
346347
192661
348787
472
5487
180444
3275
1235
70667
192567
323838
1871
4565
215007
2188
346565
1983
117471
121347
357845
5977
356208
1352
358509
107166
118322
1196
119891
3468
110325
95431
179367
347623
3958
3777
353407
260605
353179
353090
423
289077
356004
5316
1660
60720
2099
1785
3473
354720
347034
30592
5515
351451
260842
85111
620
349301
349108
353744
352946
353004
302483
4298
3258
54813
352729
350868
55274
2936
72259
236289
125
147840
295913
350371
625
794
5480
614
345815
5529
486
236062
349613
2688
351600
350974
355336
364
38443
118511
358
399
838
356699
30343
845
60076
350889
350246
176917
23755
227462
2116
354961
275416
73605
352618
580
352982
332902
244954
346132
203873
351615
344749
354543
350016
348890
586
349942
97404
39828
353938
125806
351412
349055
318405
208987
270470
29564
346510
348193
297453
158978
345910
68717
349487
354769
5068
349109
67854
118853
352872
344541
355725
1154
6803
6170
22051
68342
352971
8267
36191
347763
9
227853
349524
1866
4947
352734
348492
346922
1314
350877
346491
351135
175594
350928
78987
1693
881
44596
347440
344267
68
740
346236
347726
138668
176
266410
1646
348357
314620
174352
267971
90905
86555
3745
3464
3304
6602
1537
348904
344315
2236
349140
344360
321157
348484
2090
1764
280
300346
1758
349141
1707
352734
132543
354165
2474
113524
351196
955
895
3344
353105
2136
280151
119266
348072
347590
3300
151141
569
352429
200423
4388
202162
302
202260
332456
550
226285
345613
4101
345297
25121
347986
214264
235
79653
188159
311052
349426
90167
341789
5929
928
1817
167575
200035
345099
259335
345908
346558
893
35614
6867
349188
80475
214
170995
352944
349021
4587
344656
1354
1926
337206
347714
1701
1454
347058
114207
352374
199571
347520
343730
349966
149589
6989
3552
944
345609
2959
35293
344721
348830
325512
124589
1955
349441
1048
140035
165607
146880
4197
912
347852
2437
346325
348365
51162
157179
3065
342230
2111
211
1952
344548
346283
1221
1057
186758
345796
344448
163058
345585
16443
89763
343877
336255
343209
345761
16879
141115
341107
1098
1258
2043
251462
5428
1228
342528
347821
338113
148543
319574
5515
344582
339954
338380
58086
341160
340348
1552
328308
230985
205173
3223
323162
338842
1935
337375
345080
346390
321887
827
970
290456
340436
3337
340799
345705
139761
346125
71915
2781
345319
223628
1502
4965
4070
4650
504
343564
342931
111239
337655
340745
283364
164495
52893
345783
343399
220475
224284
157603
338873
5668
344454
1698
2043
477
807
2761
2682
90450
341560
95426
214965
13
338561
3792
141969
205889
175942
959
346984
348991
343508
46209
21
112231
3324
340652
346122
102743
605
337009
254328
333571
341878
2338
146784
889
1677
342289
278973
341480
314
338488
336426
731
345630
3502
148162
346046
338318
343016
48
5006
1663
341478
138279
802
341345
307861
26849
109766
5667
3996
340274
100705
300
335428
345137
340394
337691
2645
137690
4199
5908
151154
343622
4386
89461
337784
1009
92
336636
339515
1173
334773
815
784
2161
341897
22203
171305
284307
3739
343735
6677
1698
344396
337755
344521
697
92
339490
340988
49613
2574
335020
344758
4337
151445
343174
2155
2795
6489
338733
323253
337323
2478
348159
