100 866348614
915614 17
146617 1
919379 8
411720 4
305336 11
943275 20
990875 9
198938 12
656987 12
106520 2
651061 15
827500 16
684653 15
417428 3
383153 10
393211 8
589845 8
881766 2
929276 16
53542 1
181664 4
112250 14
193379 5
346686 17
506646 13
629604 16
732308 5
890313 16
989312 17
663006 11
845555 1
778215 7
307602 12
875890 19
42773 5
368 1
273795 12
462202 11
638507 9
101794 20
673162 2
801997 20
185355 1
415219 11
520103 19
451909 10
800011 3
960739 20
799134 10
78011 17
805117 14
66612 9
236024 20
153132 14
197564 16
528435 1
671842 13
470428 19
959912 5
240347 6
763313 18
870379 19
562193 8
456326 14
596319 19
428907 2
555319 10
417028 16
400560 13
695504 3
92873 18
166580 13
851391 20
771252 13
281518 17
377354 20
926236 16
818262 10
614485 12
221541 12
44262 1
431355 8
672779 9
828668 3
852882 1
32784 1
244213 8
339171 5
188775 12
803157 19
767639 1
516950 9
983148 14
144091 2
899855 13
116490 8
163219 16
696377 5
109595 3
565973 3
