100 678986928
350701355 70
158854963 98
172659177 59
139955439 96
622613180 77
100063603 73
978689947 94
90090232 73
860399826 86
942812205 70
101351325 96
458742451 85
509116824 85
623981900 66
770061323 88
30065103 82
786331915 62
824520794 58
11486626 90
332019747 98
251037399 73
541551083 80
921972675 78
491939945 54
668522196 79
927663479 91
170256362 96
876662039 54
172169977 54
676274557 82
428815527 98
68337516 97
456301163 72
278759900 87
912647939 87
36760570 65
129603506 68
477611103 68
421664476 50
572068710 59
908695902 70
576820400 97
731434518 55
655099443 98
106739951 94
99813865 73
61092852 66
93913553 61
255662881 81
902420188 51
561891088 50
551909943 71
698751769 53
585750001 62
35859346 61
623933165 62
828950565 56
404970215 50
528233800 55
665088126 62
402926470 100
50026667 70
333932597 58
893837158 82
867534173 75
688220703 100
396246945 53
336816291 89
861965010 64
76642093 62
734980879 83
409804913 62
681678177 83
996228846 76
917911216 71
535377660 78
460383670 64
884216480 86
793664755 71
481117041 68
890763588 68
994175663 70
50399974 87
250781329 72
375219817 97
876063596 63
410911464 99
749550104 96
964221692 65
130987053 100
260357707 62
246096189 55
526606632 98
958265191 61
385514973 85
414645533 52
985328136 87
123209685 94
678665894 63
143609020 69
