100 487550433
676788094 92
467891546 60
445315460 89
446637880 50
35419461 66
66492889 61
912949505 75
747814863 87
248402685 54
127837582 76
44712305 97
516081638 61
632324891 84
965172845 80
989134279 50
394251847 74
762036409 77
48218261 79
945379004 59
559433173 55
33922050 62
241962286 56
240757603 79
580620204 55
933281695 64
854611632 73
35742241 51
751070307 70
51242298 74
262647125 89
633046312 61
809785420 74
254225069 87
667256688 92
687789158 61
144826526 89
911903793 84
527584360 94
200016532 61
139186937 56
377158807 74
272334491 53
79119096 98
693004163 99
270736789 86
484424846 67
310560362 62
990122604 63
484408411 56
945738921 76
48262208 57
576312931 66
487115669 81
351166204 87
323325977 51
287461605 71
215243201 83
529960044 93
371588862 74
355979611 99
72089414 63
15887484 50
979883988 74
445269732 63
727971032 92
486759689 61
216433061 65
999016379 90
132707300 86
517872716 78
99492295 85
247183332 71
736958683 50
566231161 50
591616529 76
894609675 54
66260048 52
972550276 99
700250271 93
689169001 57
33435814 50
978183027 98
31045436 64
200123243 59
962977315 85
137072802 55
428336531 63
817096611 99
605460213 82
785344839 76
208066922 70
443437938 89
536140150 57
262588763 99
925623789 84
664204128 95
47070175 70
753538016 97
981631598 62
564260337 58
