96 777434591
784530 78
330434 31
436333 62
860857 31
13373 10
338385 83
970930 67
458324 62
405511 15
32553 38
729014 88
941298 17
697899 5
657543 20
932254 26
154069 79
104067 65
685764 2
73664 2
909038 57
685012 64
775760 13
898175 62
82665 25
337047 34
554290 41
854028 12
556114 97
574280 98
573182 45
665893 26
724260 96
686200 82
138191 73
990858 47
852216 42
472731 78
643598 52
267353 67
830097 57
601163 72
262671 10
841024 38
98476 17
255216 25
337495 21
124227 51
464406 2
765904 97
407274 52
695036 6
194077 69
827217 27
170526 11
701407 84
281653 20
817271 11
964859 6
777202 73
53975 66
39397 1
21021 23
935395 71
178956 16
854536 58
733580 22
676128 45
47020 87
569968 31
973475 69
646641 44
289212 10
767781 37
485349 85
116959 98
876377 85
804706 17
26729 35
40720 84
188745 56
863232 78
194609 78
921932 8
510980 35
287317 48
125066 95
580083 90
896735 43
620503 10
434405 41
625150 54
734907 91
239214 30
270061 31
892554 63
780879 51
