78 20389853
968991 85
329775 87
417614 62
548047 62
717650 45
161823 3
375950 30
318973 7
55966 44
453973 85
87981 60
882356 68
529796 19
817992 27
595688 17
935982 85
81746 29
732181 57
682878 15
795382 13
573022 35
301521 34
312511 33
887820 61
354580 32
814298 77
766073 10
510194 33
912282 67
300827 61
6541 12
757912 44
764954 31
195901 64
815851 13
859181 68
657245 47
519638 28
628612 75
636983 19
849144 16
229389 2
917213 87
950096 50
220099 52
105298 12
673744 11
112957 34
249128 52
164192 71
858511 50
909121 84
313376 38
331778 3
464347 43
136067 9
781179 33
533216 99
296780 86
482023 24
592947 38
344226 44
268229 77
145998 4
681636 4
442312 12
87929 63
608346 42
116662 85
133482 29
647000 49
860605 71
726727 55
986590 32
245045 16
826300 55
596936 15
754223 94
