63 883292497
100208 100
670400 84
221031 37
335428 10
140439 97
43808 39
857700 30
933093 32
721936 49
164415 96
914 99
363550 30
545437 36
417058 52
667710 1
278427 18
290018 94
6062 3
641662 11
846175 43
916450 74
587289 27
191697 31
410414 31
357765 88
57305 23
14086 57
310612 100
709460 73
651084 34
765437 77
875433 96
949023 38
798302 71
40578 8
968817 90
314799 10
883996 38
134443 55
655843 27
321338 65
794270 56
128570 72
508061 36
982281 55
725788 82
127124 82
658366 72
671548 55
825968 68
296799 9
146854 48
846906 87
364940 61
439374 95
960044 27
458595 10
81633 63
661177 10
716941 79
467385 26
703174 54
396175 82
