100 522012582
15710412 7
2338981 87
5278538 32
2084210 30
4685887 40
402134 78
9214420 20
1317667 45
986794 49
465289 91
7553715 56
2460504 64
1029142 90
592415 34
18722616 8
595713 79
3202314 76
4113465 33
2988577 95
1628001 84
377056656 1
23905661 11
4654951 47
3479334 92
9810608 18
2378320 67
1267029 87
3832174 93
2127489 66
3247880 36
4490996 37
597520 77
1090713 88
1261675 97
2119340 76
5766789 56
1181538 92
558535 95
4636726 47
3515990 95
3467748 61
3944844 41
1189791 89
6706402 42
1000487 37
703851 82
2727213 98
1331869 69
6928814 55
3759731 80
613242 100
5211601 20
2538658 80
2757710 35
2542682 74
3403143 71
569766 100
21795691 12
356147993 1
3594778 75
5911032 57
3245889 70
680942 76
1098344 50
7499663 36
680891 78
3070818 39
6551628 63
248643 90
8758766 16
293079588 1
68531 26
1617383 80
7521746 57
1753547 95
7574065 55
5318135 27
2078915 77
3468211 66
4037641 83
3123278 67
2849312 46
5287587 28
4300543 6
3417810 31
57245927 5
3439570 44
2636613 23
1224251 71
9917185 23
33402397 9
3947042 84
8592774 7
972001 76
2463906 93
31847583 11
8137994 56
6028885 46
1693461 80
7236749 63
