100 398554168
547074 13
293683 10
968423 13
226248 12
15742 16
325929 12
502623 12
28370 12
559375 5
874480 14
704891 20
623109 19
956178 5
958496 20
824453 17
607879 20
487875 20
13320 10
606399 13
989311 6
818286 5
340682 9
152082 6
784236 18
744106 2
967265 6
875040 4
555788 2
101308 11
483610 18
313766 9
512524 6
301770 18
862018 19
844518 11
315537 14
599717 2
430278 7
909298 8
187404 11
697886 17
970594 17
175316 1
202012 4
693880 8
779330 11
490660 13
609824 3
212731 14
476722 18
112098 5
321495 11
284844 20
444726 13
930336 2
181309 16
401479 11
615736 3
946771 11
133179 16
918084 3
81073 8
480850 2
454693 4
209650 2
347538 5
454268 10
865407 16
955280 14
519043 12
870296 20
608309 10
349166 19
194238 7
413228 9
522943 8
44454 12
145875 19
600320 16
225053 17
837515 16
327016 20
104858 3
83550 17
937335 14
118047 1
140942 8
862861 7
254346 3
666102 7
816910 3
607318 1
957705 18
709043 4
112777 10
558536 2
718349 17
802138 16
26328 17
719041 15
