100 207447541
429373 86
12813844 15
1001912 33
863406 64
964660 36
1373087 42
1945243 34
2509661 49
26587 38
2963126 15
5381193 20
3666930 8
370210 47
542423 85
9419815 10
1065420 66
2796500 43
1536917 88
2216727 37
1405338 70
865210 40
1457545 55
519333 78
1256787 97
10364109 14
1321826 53
9233880 14
389468 4
1481064 75
690761 99
2985043 60
630899 8
2492111 7
1646459 32
731560 39
156804442 1
1115627 85
2077222 47
1373922 100
1383049 89
891719 51
727458 63
2231383 32
732416 31
2802070 14
2931077 55
8900161 9
647194 45
2255243 33
304991 80
2100550 39
354465 91
4781718 19
1604634 94
1618847 60
9169552 13
3291430 51
2689991 27
1325581 75
166975 66
350056 7
3180748 42
992747 89
1217876 41
745929 75
1461635 12
46478 87
2491909 51
875454 95
2961393 54
999213 77
764855 98
974321 73
2112350 58
1111523 37
18812214 5
1117657 44
2990090 42
363763 83
1633180 19
1209162 75
23186810 4
840988 89
1118599 67
1103967 43
1549696 27
4304576 19
1729478 59
2937212 42
796915 75
177876 91
5298967 30
604824 65
827370 43
16113895 5
346173 62
174755 37
42820251 2
126658 48
8358638 10
