86 739137794
219939 79
612865 94
113149 78
754717 34
44560 24
998569 38
801586 21
612835 72
768674 83
3028 65
428492 19
593756 4
976422 59
365946 47
970710 20
515666 37
69398 55
616640 64
822269 48
887335 98
528955 5
444917 66
638236 91
62424 24
941942 22
239963 77
627515 49
603681 100
721858 59
853725 93
252743 2
206971 16
746400 69
186531 42
956259 84
197301 43
526589 72
656420 57
170711 12
386030 72
779252 71
300223 12
344276 57
204168 34
758720 46
239534 43
270902 11
490991 16
191834 9
229677 20
926437 86
802262 3
268673 44
699267 81
364336 11
425122 23
706019 73
805640 65
263613 57
173792 18
439999 80
251656 15
804027 14
168951 80
326850 37
193244 32
33152 28
584091 33
780210 35
817913 70
688625 25
762975 33
443666 78
114331 92
272126 62
560863 11
930091 55
680116 63
184840 32
464650 83
837590 79
96793 58
79178 15
937699 70
873626 90
428742 26
