100 1000000000
78740 100
78740 100
78740 100
78740 100
78740 100
78740 100
78740 100
78740 100
78740 100
78740 100
78740 100
78740 100
78740 100
78740 100
78740 100
78740 100
78740 100
78740 100
78740 100
78740 100
78740 100
78740 100
78740 100
78740 100
78740 100
78740 100
78740 100
78740 100
78740 100
78740 100
78740 100
78740 100
78740 100
78740 100
78740 100
78740 100
78740 100
78740 100
78740 100
78740 100
78740 100
78740 100
78740 100
78740 100
78740 100
78740 100
78740 100
78740 100
78740 100
78740 100
78740 100
78740 100
78740 100
78740 100
78740 100
78740 100
78740 100
78740 100
78740 100
78740 100
78740 100
78740 100
78740 100
78740 100
78740 100
78740 100
78740 100
78740 100
78740 100
78740 100
78740 100
78740 100
78740 100
78740 100
78740 100
78740 100
78740 100
78740 100
78740 100
78740 100
78740 100
78740 100
78740 100
78740 100
78740 100
78740 100
78740 100
78740 100
78740 100
78740 100
78740 100
78740 100
78740 100
78740 100
78740 100
78740 100
78740 100
78740 100
78740 100
78740 100
