100 720310768
837637545 62
855258650 84
370936767 84
828718318 99
791160055 94
152941427 100
930801867 68
474865321 52
523279245 66
482432738 75
610720004 58
667975405 54
535916234 73
931707104 97
675025060 88
432029982 65
448419364 95
871631331 85
374868251 73
228047856 63
64762208 79
941626667 59
987281738 87
129978057 97
360138442 83
189304326 86
125445036 58
967224553 88
62071495 75
94826454 54
415944739 94
784238948 78
621848633 68
329975865 67
814213553 79
338770502 98
706790811 78
556474653 78
521727903 52
968615517 55
596545594 81
888835885 87
780078650 62
42400523 99
831120599 87
233862661 62
970749547 82
47089501 67
358633368 87
108087435 79
511659924 88
881492390 62
321176236 97
163065111 100
355621534 58
874897144 76
151736120 94
245128573 67
74929233 62
758750386 87
425378460 99
334761885 75
772619212 70
361753142 69
782438448 90
876313681 86
234713696 66
175330515 95
313288044 85
194053720 72
371983876 60
516461451 83
561682068 88
917552506 80
956037418 75
237334722 56
669827371 90
120717981 75
493815128 93
347103002 56
340840085 99
519170880 75
784646463 53
75284315 64
945005180 96
790000285 67
190514768 99
477871732 75
395112901 100
849008667 60
502565640 77
82138976 64
890961146 65
849752420 80
553969425 97
11397383 91
147412216 86
765494060 78
635428462 97
752667062 75
