100 320725153
575954661 93
471099474 57
459385065 65
906008549 54
879356573 87
110965930 99
168915339 89
327630858 62
81916185 51
456978430 70
116553631 94
611118993 72
265738496 64
641415127 97
127192199 89
657041767 97
3874480 69
261037281 84
269863037 61
520039861 51
43941948 50
687878122 97
439411909 85
406237222 85
870049020 80
762321026 77
490173753 67
645452551 95
703315121 89
401548408 68
718510767 81
491576153 64
92339784 94
251368413 55
88372221 60
346763485 59
657407820 70
395735598 88
780780503 76
729060750 74
156360935 50
181434280 71
70187039 53
284825140 60
375045211 97
95755826 60
647638653 93
768055105 90
169815944 58
368367354 80
781878647 55
713232192 87
918469467 82
596500851 91
28655787 74
62547545 96
86964945 52
556271923 64
811789085 86
35653180 71
491364570 58
886619796 55
718910057 91
587174557 74
633231752 94
963588064 87
618485102 70
453924940 69
755788652 76
384548547 95
792646844 94
6532952 57
746346313 84
988313564 51
763846057 95
191058504 93
520173639 76
151663183 56
386468244 81
257986150 97
678392648 64
745903788 67
115090342 80
513116750 99
629776105 57
273328530 63
216833148 94
685892399 75
817842182 95
386592132 59
762172953 77
631689438 66
870294272 66
220120704 72
856124516 72
287053310 68
321258983 96
786704339 52
782197638 59
312292195 76
