100 822832830
802537 8
61 8
647356 12
673041 14
577544 6
777553 1
143561 8
301377 7
756038 19
342999 18
603786 18
621533 14
298681 7
461014 11
684954 17
773834 2
647364 17
385826 1
31582 17
901211 17
9378 2
102414 13
783451 11
60906 4
885996 3
898314 16
55995 12
951171 20
514579 20
692 20
523483 3
380682 19
985582 5
260647 10
446648 16
94719 5
876846 12
37543 4
771415 3
278392 3
139165 8
701599 1
624639 9
35590 14
388257 9
555805 2
356521 2
631861 6
462687 4
646475 20
609675 4
200996 17
337917 12
303322 12
980631 11
243959 20
230358 8
57484 16
948657 12
476111 8
989255 20
749871 12
34254 3
795725 9
908939 16
735906 14
265991 19
145469 6
194102 16
993111 10
500135 12
996766 20
658753 20
930638 18
643565 8
246633 18
315094 13
903183 9
922302 1
637984 16
97919 11
260970 16
177970 15
620194 16
154425 7
440947 17
552565 11
227923 10
227208 14
267006 1
897260 3
564755 6
125840 20
205058 3
937056 7
373190 2
350466 7
470100 7
394250 19
338358 17
