100 229836175
731893092 92
309291954 99
47145565 96
125659647 51
115277711 58
340826316 69
265714717 98
605283778 65
974190447 58
623885049 95
643029672 72
256597284 96
624722961 58
157626885 83
361381019 72
672655551 53
388949016 85
979172349 62
944274278 52
467171003 53
556781762 53
510670867 96
198957831 87
467820680 95
202382356 84
768948561 76
562573838 65
345204393 100
4328109 68
642349145 74
697942554 69
6572312 99
188538015 83
353174432 64
731518823 60
68868660 97
653029054 65
513869029 70
305942655 82
256994305 95
553453850 72
396059230 97
491184501 80
363363577 72
637492970 56
381647983 54
706469612 67
701411406 80
883313591 83
433467512 70
41335163 100
378842230 72
775604504 97
685599207 84
874009936 63
606659488 95
821942171 55
750738598 63
361238422 54
159576182 89
68254899 51
260739978 56
465158708 63
561489226 94
831092145 59
466229499 55
350092699 55
627425474 80
801365085 97
911694540 52
641176813 100
958563993 70
839518421 69
228132799 57
822406530 84
204004481 83
966035753 93
10589872 54
97886926 75
665842465 79
411641929 62
104683606 58
923967893 95
63851394 63
506325345 74
125375814 74
491763104 75
455951234 55
921330873 52
126966630 74
292254699 73
434569157 61
430295018 53
721892526 56
371138265 93
767401341 70
687321709 69
429596017 51
464598904 69
660844088 83
