88 611570202
17933196 12
1741608 99
608892348 1
3166820 85
154048249 1
2568623 79
459056 73
3592508 70
3378174 36
1641061 63
1578269 60
73410 74
3749687 72
14422775 25
2338014 71
2973097 32
3805338 39
17498301 29
584713 74
142514 84
4269721 25
5059566 52
37035 71
502597 83
3363977 73
18327765 10
4572810 69
4390250 91
2686375 45
1820738 75
4425946 97
2792248 70
7317712 29
7777649 46
8983518 47
3246500 85
1113046 97
7960854 60
17201392 8
3364857 95
2344414 100
9142498 40
329596 83
1513896 44
937895 70
19371224 5
1134853 90
13397687 5
13714554 23
2119846 57
1134978 89
3906803 28
16308082 9
4620793 81
3564048 36
1434665 75
1357756 20
6977393 24
2256277 36
3677608 79
538092 94
692599 79
170884663 1
1388402 81
4079520 64
3814296 80
5622673 58
59022807 3
1537118 81
24224364 8
7189373 35
3732328 55
10085495 29
4280666 76
3132246 98
5204006 47
343321 96
848462 92
968858 82
3003818 73
22111463 3
139767 91
3501570 58
29404540 14
3341733 70
15688909 28
3356188 70
25086110 9
