100 264075951
901815 64
987215 85
327486 89
703589 61
335379 93
105015 75
392781 61
551695 99
123045 97
818458 86
497476 77
234436 68
592894 94
793438 89
327699 89
701635 75
427956 52
964269 78
771114 93
356432 75
17752 87
657669 74
197917 78
121907 52
931987 65
898389 63
308822 65
453664 58
569806 73
765636 94
248188 85
72695 93
859934 61
714348 87
771555 96
170858 64
472551 85
456061 70
503487 64
918500 99
991912 67
31653 55
184376 69
840747 72
87592 88
975732 98
704571 91
11395 97
698159 74
308690 86
501565 65
139739 53
603648 68
213454 85
282890 64
696215 93
198855 90
288855 59
86906 66
600527 92
239947 62
881748 66
591501 67
221807 90
7289 51
116769 53
230583 79
552637 70
193093 82
682857 63
88798 96
399822 88
236642 53
803042 89
127982 99
120628 98
781697 87
351866 56
787419 79
664844 64
88231 99
971268 86
930677 81
802029 85
838563 72
620660 69
920264 97
415882 66
893626 52
458378 70
781958 90
475707 83
697374 99
432736 55
381284 96
652177 68
781953 74
81474 71
264150 55
588778 62
