100 233999165
580379 80
897636 57
418987 88
910931 93
503642 98
620982 98
833177 86
564725 64
90990 51
981201 69
245905 87
710666 97
505228 55
478881 77
243996 74
722314 52
112814 83
990677 94
845564 73
534630 76
424649 59
286530 56
501705 81
879616 86
275069 64
500651 75
234603 98
337226 51
190304 62
990763 55
571627 91
732981 100
98273 58
366201 88
892841 64
84458 66
165521 97
625559 86
622930 91
838416 73
935704 66
142019 57
259433 81
427558 84
904 97
69831 56
226543 87
481211 77
251580 73
876880 88
324346 80
924832 55
975007 71
449963 100
227180 89
291732 88
776509 97
273412 87
380669 93
478684 70
575241 70
996325 98
232263 88
353504 74
262951 74
361195 50
100828 61
359891 74
888066 64
298658 100
372019 55
944687 75
728544 50
516856 63
777368 61
123208 80
464595 95
118263 78
233671 82
141900 64
361883 65
381726 75
947522 78
264186 77
472536 63
811563 57
815802 68
750513 89
287899 80
495084 59
186254 61
188442 96
435940 70
738759 93
526703 99
886883 68
831096 50
31613 87
568548 74
609299 95
