100 526025066
311446 66
768410 53
844672 75
93320 99
128774 81
18290 65
136069 98
363785 69
610129 85
479693 82
972617 98
10331 96
677928 57
178126 54
427973 91
729955 96
57732 75
82523 85
764528 53
406667 61
884904 57
464216 80
687395 60
730813 53
502520 65
874078 84
609173 79
164082 66
461673 92
51704 64
994194 63
57221 78
275724 74
674319 72
255954 57
831276 75
284897 63
585863 70
812614 87
814476 97
894439 89
971273 70
736292 80
589547 88
803981 71
233698 68
392059 56
910633 87
989774 92
966899 66
368742 89
174937 81
285987 89
51574 70
7816 88
35561 70
671655 54
144889 78
476878 73
421113 62
917299 95
937954 69
826519 51
782092 69
837779 71
930314 93
566341 90
447711 60
836667 92
433897 62
285609 67
492338 53
361413 52
579482 84
501190 97
533684 75
41518 93
238222 90
330984 83
102206 99
598632 90
169111 64
145008 90
487540 85
437064 70
637220 53
970250 60
40500 90
491993 62
815230 100
348135 85
408301 74
112467 79
528204 81
50916 99
302216 58
667599 63
750032 86
267900 62
540314 94
