100 986568025
747003 6
512465 6
458125 1
549543 20
704803 7
923123 5
617175 2
888035 9
701415 17
68352 7
500942 16
286551 16
285240 19
356008 6
314804 12
578741 19
683756 5
268810 3
129792 8
58822 19
575883 15
186173 1
9251 16
927963 10
537262 14
92470 15
843111 12
983425 14
448702 13
42500 14
117573 3
381740 16
885723 10
148073 4
824176 7
14980 13
457492 20
644543 4
60394 18
614902 13
944617 10
160297 8
729776 4
609232 3
185159 3
6205 5
9287 18
532213 5
942992 8
644444 19
714461 10
493977 12
582021 17
126396 3
877019 11
760965 2
998424 11
297791 12
227069 11
125190 8
964427 17
781062 7
166363 16
552811 9
413862 17
151521 16
162110 17
963688 14
305033 16
941652 16
75628 16
460907 8
129649 4
4789 20
553891 6
113920 20
722188 3
698274 17
176373 5
941955 17
721206 2
298038 18
709394 9
732096 19
342304 13
375674 11
359188 12
616758 11
900613 3
173233 14
875397 4
27660 17
660488 2
414533 20
791460 3
721361 4
480216 2
644010 3
501887 12
811702 8
