100 281708352
243303 77
471748 60
135807 52
360416 79
15568 89
801962 89
100727 51
595993 70
262291 52
30022 62
109720 59
699373 60
891264 67
54691 64
281501 99
398522 67
978904 95
442768 59
825047 88
281184 53
468276 73
826048 50
768866 91
238620 98
252775 51
548597 97
938227 89
119955 68
772236 96
737767 65
850968 70
889401 54
883625 83
901119 51
980926 74
332505 84
929221 91
947774 57
648329 88
664741 86
358640 78
745472 79
602697 54
786497 80
153549 69
814777 94
723545 65
546069 79
259776 71
97697 94
484943 62
144655 54
761945 88
924768 71
820507 80
330534 51
146038 98
7916 94
663808 81
187655 50
716716 69
575563 99
470124 84
767713 58
981288 73
128624 99
550643 77
313294 51
27962 81
29353 63
577753 55
82935 70
43939 78
172918 50
459969 78
500881 76
915473 90
419764 71
107804 78
230968 87
945622 95
595287 69
355423 80
892913 85
300642 52
881294 90
121162 69
938441 84
937898 74
345348 85
17553 86
353121 59
180852 83
266128 93
625824 62
443199 88
736479 82
637181 98
300625 63
323950 57
