100 855794613
108617800 55
988286938 67
767910754 73
904167337 57
972358119 94
41329082 58
546799558 81
180151158 56
837499661 93
929715051 91
442733869 79
151294416 70
36672265 53
749858442 69
487987744 71
776301302 52
931270939 68
18854146 93
248757702 50
822317681 68
784821397 88
185285963 67
560458792 74
59344968 67
215744634 59
20887625 58
853226418 73
241437297 94
371818541 98
997519700 81
757359202 80
35186784 89
177839004 75
668307358 52
620794474 85
256435465 100
287970960 81
730167999 77
929015132 80
807212871 87
335948388 78
428586615 60
226318015 61
200923217 61
612574923 87
486448383 75
245184598 84
274113193 54
63308338 52
467451303 74
335788273 94
748693124 99
406607946 81
193847980 77
27498583 93
73208741 87
730492438 74
488153272 84
577147538 80
963793466 86
505118766 61
490641973 83
974259012 63
148339305 51
247122374 88
947595119 66
972118924 69
694405934 80
349625687 92
559035643 82
1059432 94
335857362 63
457825109 90
951624078 59
731015006 98
490765613 85
520056050 60
847902505 98
247361288 87
946212355 62
337824647 60
557413777 74
28555128 86
223769300 57
457002546 87
402761955 82
498760320 60
299101555 59
631054893 91
928557889 88
127198871 84
556531590 64
142807053 58
770722220 85
426265868 73
608116506 92
197795229 60
156529100 58
525046445 56
382836266 86
