58 659002681
317694 28
730886 44
976451 67
186384 13
36852 44
202689 42
564793 55
131051 53
371129 37
194823 77
728580 7
3243 4
40160 43
731840 90
968809 28
590661 18
74150 93
797597 17
26845 38
200036 73
474232 27
598652 23
402432 40
638482 79
522445 92
907498 4
999652 17
730359 96
87189 60
329963 56
521812 82
262318 4
873922 2
196519 97
204513 83
905172 75
669494 16
616834 48
706913 94
215437 94
586499 1
689521 76
256383 1
840462 99
554542 42
502493 98
861665 37
187385 30
19245 32
770713 74
221443 20
113458 87
253391 60
157457 97
265120 99
89031 19
481376 96
694304 5
