100 1000000000
78741 100
78741 100
78741 100
78741 100
78741 100
78741 100
78741 100
78741 100
78741 100
78741 100
78741 100
78741 100
78741 100
78741 100
78741 100
78741 100
78741 100
78741 100
78741 100
78741 100
78741 100
78741 100
78741 100
78741 100
78741 100
78741 100
78741 100
78741 100
78741 100
78741 100
78741 100
78741 100
78741 100
78741 100
78741 100
78741 100
78741 100
78741 100
78741 100
78741 100
78741 100
78741 100
78741 100
78741 100
78741 100
78741 100
78741 100
78741 100
78741 100
78741 100
78741 100
78741 100
78741 100
78741 100
78741 100
78741 100
78741 100
78741 100
78741 100
78741 100
78741 100
78741 100
78741 100
78741 100
78741 100
78741 100
78741 100
78741 100
78741 100
78741 100
78741 100
78741 100
78741 100
78741 100
78741 100
78741 100
78741 100
78741 100
78741 100
78741 100
78741 100
78741 100
78741 100
78741 100
78741 100
78741 100
78741 100
78741 100
78741 100
78741 100
78741 100
78741 100
78741 100
78741 100
78741 100
78741 100
78741 100
78741 100
78741 100
78741 100
