100 307901425
112276 20
42374 3
227793 14
446894 7
837179 4
221875 8
494057 20
929829 3
667366 1
798259 16
551119 17
980688 10
588795 20
45521 13
198028 12
404865 17
601413 1
772105 4
413180 6
710219 9
790048 3
317332 18
979491 15
649803 16
881197 2
556063 11
741771 3
770718 6
908453 19
150384 16
558410 16
428476 16
923367 9
105119 2
982796 19
875649 14
73843 16
491077 16
717722 17
738318 8
906699 19
800046 10
311001 5
498548 11
701944 13
138469 7
194035 3
481151 10
298313 10
862754 16
586410 2
348744 14
849025 3
805060 14
998580 7
847499 17
414550 10
127528 5
840831 16
59772 20
350351 13
919946 3
960983 5
640709 8
688804 10
42465 1
514597 10
546992 10
340178 9
68613 7
228960 20
358065 14
435241 16
591060 11
722555 8
317704 8
329028 6
19697 11
40885 18
257880 1
740412 16
628456 16
769963 8
769093 15
856761 8
720482 7
979232 5
899028 17
586850 1
588291 5
34275 7
998752 13
131606 9
740514 14
821201 3
373139 7
196897 11
98783 13
748775 6
452756 6
