79 967062216
770771 50
279373 98
472259 50
722363 28
534296 31
520057 75
842729 44
652851 42
940683 3
271648 31
99756 87
186025 81
189871 75
554324 3
512036 3
594154 32
201102 48
239338 91
56970 39
25328 29
355532 58
746483 92
700270 74
665461 86
21476 19
948734 13
340475 55
434206 70
801434 96
91551 38
176893 35
325686 52
843576 69
685937 57
358476 73
933577 39
783878 87
10450 19
450392 32
425166 78
235654 34
281817 67
683001 29
240503 19
740498 31
469513 89
79672 47
406625 23
791695 33
129287 1
502799 76
186361 23
926568 60
548627 3
165303 84
559175 19
958808 1
829953 31
340184 93
743773 27
686603 51
748435 41
483594 30
919225 93
372657 79
962757 77
122455 53
932696 83
762468 46
955419 47
553759 50
936895 24
169649 93
29905 26
700824 20
863686 25
897093 82
61486 77
353313 43
