57 908183299
346160 58
984302 31
236426 62
900682 25
573946 18
393474 42
769532 71
840040 63
312679 97
476999 65
675829 15
698245 17
300409 10
92726 20
391194 60
344783 84
89638 90
393278 41
571286 56
996562 81
757180 32
330666 60
415878 18
118185 48
804867 18
565937 47
473300 40
454808 44
232610 25
273901 14
323643 28
1783 24
541591 74
990136 72
328292 59
477787 10
880022 57
534654 8
595359 2
358238 36
475510 25
518818 60
762583 93
873168 72
663792 77
449969 96
844989 64
223052 58
351408 61
288397 87
427039 39
744642 80
167712 66
885078 31
559518 2
422311 21
131279 70
