100 486018670
470259486 96
750075792 55
65666602 99
716935304 83
721091933 58
226896555 68
139433558 88
339688611 80
391531469 66
613244126 51
471944789 82
110569777 83
225279711 82
174204768 100
702269721 79
272969786 71
501697379 74
263449976 81
171692293 67
119514403 84
705728533 66
149372812 89
212078698 98
396915632 83
882534769 50
105261696 81
900736492 84
104184872 99
943953056 73
548205002 99
60823196 80
485428517 87
22461599 51
475283490 64
130060078 68
318978117 74
128482912 85
342431832 94
445811496 96
69877854 61
744536276 78
609383672 94
285959796 75
562833318 96
101867850 96
619417840 54
998824194 64
343060810 50
717626434 92
142516876 83
770150472 92
311747424 63
197700228 70
630763466 78
22590318 58
891067578 68
6041735 57
728799967 79
290918848 85
790408568 64
466239516 62
812863378 79
426307287 80
963113894 79
687036286 61
958299280 98
731204111 72
483322392 93
752060155 55
320370495 89
874808755 71
426744795 84
947077358 62
625136998 65
947756133 99
744600134 80
779735855 83
539292957 77
248532948 82
424987674 71
665440633 80
510885118 50
505800593 65
769879175 83
310227985 64
412739430 81
805414986 71
944230858 56
111448691 65
100185705 79
381154711 80
593508192 79
37104669 83
701190559 66
464232016 61
963659579 57
395666554 54
469006393 100
958695413 63
866644207 77
