100 493504839
866654 1
694885 17
17773 14
958362 4
823758 20
921268 3
240751 18
688619 6
976982 9
127116 16
746857 14
242586 19
510136 13
252531 2
649178 18
687745 16
42626 15
549361 2
643344 8
570552 4
273740 17
220875 15
153618 18
760045 20
792897 16
550462 20
532446 13
361188 1
75868 1
984252 7
870045 17
205546 18
424949 20
652662 2
552771 1
251257 19
324126 7
788343 12
162488 20
81600 9
513301 14
221380 9
232369 16
526036 11
498646 5
928168 6
503563 6
196419 11
27085 15
84198 19
419953 14
517238 16
646637 4
471313 8
658348 9
718 14
14785 6
802915 7
613841 8
755909 17
378489 12
601070 2
469276 2
725480 8
97682 16
117519 14
813407 15
105397 16
964729 6
712800 11
524113 11
886318 15
863525 20
775602 6
797473 16
781667 14
569835 12
727015 16
457253 19
802397 1
743699 3
866487 16
927699 2
13641 11
480530 5
917359 6
169974 15
39232 1
430243 18
431351 9
531315 11
470754 11
698152 13
541945 7
542463 3
667364 7
522508 4
62145 12
811442 7
286519 20
