100 789593184
764041 13
312582 20
156134 18
651614 16
337157 7
430333 8
849528 5
22337 10
794485 20
924501 19
506365 3
144212 1
396324 18
149009 11
122773 5
964131 14
303490 13
266741 3
771266 6
528440 2
873188 5
132336 2
193280 3
685622 19
49511 5
101878 1
134204 18
316613 2
298818 20
255122 16
750706 9
998248 2
534099 15
944416 12
396700 4
106707 13
408866 14
296195 19
493519 10
657192 11
461155 19
935372 5
884965 6
702136 19
489796 8
131717 16
397104 7
704561 5
284950 7
104012 11
908103 5
709211 15
615416 2
792678 12
835835 12
483568 7
881387 1
916626 11
271613 2
607683 17
526703 19
538067 6
937875 3
305258 6
983656 4
902335 1
458827 18
817638 16
769221 7
678048 13
319906 20
196496 16
671679 15
843164 13
16257 8
642949 12
442973 4
898291 1
321546 8
474292 4
514884 4
140472 10
713053 4
830664 4
57923 12
291455 10
38054 15
956760 10
667320 7
964418 13
531615 10
802250 20
374499 5
353899 14
378354 20
658011 19
359535 6
900571 15
983497 8
30434 16
