88 738350496
470674 25
276979 96
7373 17
254108 26
571393 87
532054 43
965289 27
711377 70
159470 6
991786 90
345484 85
590073 9
124640 80
710308 97
930529 50
300863 57
809688 68
975150 27
314909 65
151074 48
965075 41
624396 91
162729 80
581551 94
429057 84
63416 5
893312 61
835609 70
206059 67
834645 28
788424 43
741640 4
239433 10
37464 57
818253 59
787219 21
194601 45
264062 48
243987 2
523732 15
727805 63
278814 100
181353 66
718274 13
937898 83
364370 44
483399 9
914094 60
772740 23
175000 42
205197 32
53612 65
270314 44
473435 11
304269 22
471465 51
616178 79
931084 1
923705 62
622409 12
366175 61
257932 84
607080 23
647381 50
268042 78
58620 18
353602 16
954757 91
224599 70
310283 74
292913 85
701525 54
735178 49
444419 56
913025 72
725410 40
888180 10
852289 14
772768 98
321004 6
136882 72
673442 95
700393 13
753110 73
810823 31
399617 24
373287 86
315865 91
