100 957003180
532283 63
127410 88
586856 87
138011 84
868904 61
129300 93
669559 98
897013 77
98146 83
530352 75
958307 64
278006 64
281132 65
470159 59
947917 95
801195 93
271247 73
231638 68
198662 97
429823 61
808088 78
152337 52
617199 59
472397 80
646467 83
403577 79
759994 94
321080 100
722331 88
959875 73
579373 92
634704 56
524920 84
486060 76
168585 59
687704 99
606309 67
553011 81
306497 94
394581 75
433292 55
657634 91
726058 68
313024 100
614875 95
370458 93
485321 68
81936 88
578808 100
896645 76
953621 74
334711 50
170165 85
976861 93
796885 62
293243 66
4492 75
264264 53
955161 54
474374 71
294381 63
342470 70
229249 73
565432 99
217216 98
696049 57
472870 95
159046 54
988629 75
397820 58
389528 68
442954 87
217621 71
963045 91
424595 86
586296 98
339298 77
480666 90
904295 66
167652 67
793581 70
462241 70
257000 55
686625 76
244388 54
153409 95
330231 53
292949 72
730535 64
766178 57
105856 89
768054 86
256627 57
226608 82
705912 90
873950 89
607379 54
939343 84
665577 86
854838 93
