81 315789575
16159659 4
1935976 39
4766346 61
3064101 43
150439 66
17118638 4
364821 87
2919072 8
6067942 29
3591211 30
58043311 2
13067196 10
1213185 86
535669 78
229908 74
747019 69
11337786 8
2849911 30
129436478 1
40947081 7
1190596 4
843931 20
37075168 6
19982652 2
8490102 25
1553977 80
4946736 6
831343 99
2391428 66
439273 87
1028196 67
764265 78
5201044 31
4431555 26
2317490 67
4145029 57
2912042 51
3405828 18
7662893 24
2958252 55
815236 41
776034 97
2851554 56
3512048 44
797079 96
19163639 10
4164382 28
748469 35
528096 86
494379 77
2385230 31
954176 88
21020208 7
2720861 50
2332828 66
2859764 32
8121844 7
4645455 26
846997 49
4571388 32
844825 42
12854512 10
62058316 2
1549746 88
1234054 8
2951616 30
879563 67
2295858 85
3053607 33
2009015 66
2488792 48
17962256 6
2426452 41
84521074 3
226331 97
2371753 77
3028338 34
1899807 24
219582 41
642677 32
537392 38
