100 823057085
941183 77
743480 97
510402 56
138759 53
103784 57
319688 62
355766 80
820911 81
503712 61
520942 74
997405 74
634099 73
583274 90
828454 74
152087 88
861024 58
265769 77
291761 92
677304 59
121189 73
179474 81
970327 59
626968 88
254030 54
899950 98
349637 73
154759 67
980543 55
115876 72
573125 83
750244 54
931603 65
110056 92
527925 82
132548 60
772222 58
204339 96
226757 64
998669 59
845381 100
650685 65
640663 56
598201 73
952321 72
858944 97
610860 56
136660 54
368844 54
961771 96
121566 72
99186 57
30970 80
622626 77
315262 60
902930 80
971374 67
264716 62
866649 76
364762 64
253665 61
597023 94
912877 57
135141 64
250799 69
37053 63
302297 60
712369 89
102758 66
299234 55
553090 77
791307 56
989429 68
426270 94
521900 68
873119 82
468685 76
213909 57
889671 83
729525 93
377028 54
487735 88
201884 85
45456 94
323364 55
634227 65
282784 85
985487 51
101341 87
645192 93
546323 73
3203 72
840574 64
407561 50
514351 59
725532 99
723537 94
797441 63
114367 99
965601 68
870383 65
