97 537245371
7999733 52
3725524 78
6096070 45
2443861 95
47126867 3
34541 91
4317877 11
59811011 3
832453 84
4867094 52
328227428 1
14068417 10
28893383 14
6243134 38
2910773 93
4292195 40
183839 64
1811198 99
4262366 32
1895065 70
18935 88
11344780 24
9289862 11
381329 51
2130425 95
3895292 88
511924 22
58148 95
5018606 41
2297644 86
566877 11
880074 42
7141725 55
3864945 61
526345 90
1331359 33
22067569 14
2806382 48
927758 10
2691310 85
276253 53
1917607 23
5730290 14
1223408 60
3222550 76
797903 39
628977 79
1891545 68
10939180 5
3160656 72
4164717 58
3722207 92
1375685 10
14870645 18
650851 67
3916819 86
5669377 21
2161376 95
100262 89
26316200 10
904573 95
15938620 25
5650803 63
1200133 70
2227821 34
13312776 7
3393111 68
15825575 13
21626770 4
4031851 75
28954607 12
2480939 82
3395558 99
1025727 41
2844258 65
1371646 93
2909191 92
8211305 32
145722562 3
9834238 29
12963728 19
3998945 36
4867836 29
171943 85
5782436 53
5146434 13
3922236 39
2821369 67
3771507 89
5203175 47
921301 92
2005965 80
24095852 8
826486 82
26425664 10
3232119 92
2211081 72
