100 999998000
78740 100
78740 100
78740 100
78740 100
78740 100
78740 100
78740 100
78740 100
78740 100
78740 100
78740 100
78740 100
78740 100
78740 100
78740 100
78740 100
78740 100
78740 100
78740 100
78740 100
78740 100
78740 100
78740 100
78740 100
78740 100
78740 100
78740 100
78740 100
78740 100
78740 100
78740 100
78740 100
78740 100
78740 100
78740 100
78740 100
78740 100
78740 100
78740 100
78740 100
78740 100
78740 100
78740 100
78740 100
78740 100
78740 100
78740 100
78740 100
78740 100
78740 100
78740 100
78740 100
78740 100
78740 100
78740 100
78740 100
78740 100
78740 100
78740 100
78740 100
78740 100
78740 100
78740 100
78740 100
78740 100
78740 100
78740 100
78740 100
78740 100
78740 100
78740 100
78740 100
78740 100
78740 100
78740 100
78740 100
78740 100
78740 100
78740 100
78740 100
78740 100
78740 100
78740 100
78740 100
78740 100
78740 100
78740 100
78740 100
78740 100
78740 100
78740 100
78740 100
78740 100
78740 100
78740 100
78740 100
78740 100
78740 100
78740 100
78740 100
