100 501842061
349327067 88
731268499 62
855198930 58
542094593 72
319087840 65
952294739 92
378818141 62
793840588 75
597314612 98
217377996 82
589967894 94
558962235 97
375502528 88
27435477 85
160804240 99
142575045 100
761120586 73
762360391 53
657859861 64
722454668 57
481516505 71
748407168 56
407224603 80
108408598 69
962413273 53
21723866 77
296089562 57
636902569 63
963889960 60
437726600 79
593789528 99
292684940 63
490029428 99
432336631 51
267731922 95
544169894 86
334268873 64
401543134 95
564682726 51
806945264 81
359100916 66
993307917 99
926907490 58
53280801 95
273346584 66
480034353 95
113343336 76
375173244 76
795673669 69
731696861 77
669280185 98
763924058 95
221035128 84
367895555 82
727109832 77
945071139 63
584769865 57
304546434 93
33464863 82
763718361 65
9465490 73
401161109 51
570659996 78
991109644 68
97094035 75
436877250 57
27106098 71
368875741 96
669115514 50
300646922 99
226217295 85
125235403 55
620699621 64
747540484 77
722508483 86
418543227 50
244829557 83
489402073 80
633154342 92
983248995 50
717491641 85
474161614 91
736611927 76
697427132 67
32245896 90
988339362 54
583458775 72
559294614 69
746130021 91
98587809 73
245554900 92
441557945 77
670257559 95
953366886 94
665459540 66
144303161 70
585810644 94
668537664 75
408330483 97
583107071 77
