100 415559220
581149 51
993618 56
885302 51
577802 93
68316 81
823048 58
951848 89
127813 99
619130 97
148282 96
111346 50
367033 80
253015 63
736152 78
226250 66
846504 57
240610 72
659567 75
174797 100
581988 52
503916 65
571510 93
385026 83
930516 92
310578 83
908331 88
747268 75
366472 60
458701 91
872994 78
180512 57
154303 91
567507 98
981899 67
499987 64
615345 54
625956 83
690130 98
673955 56
875480 74
433094 55
947217 51
778406 83
274287 94
289408 67
398668 94
971066 55
23416 62
80313 95
435035 75
596818 81
940353 51
794611 56
38183 52
97161 96
154399 56
796781 93
330840 67
799114 90
4705 68
560832 63
629582 54
516599 64
821672 74
375962 91
608074 73
115104 99
766674 77
126763 51
756992 71
317239 85
14650 61
449133 85
715753 75
901389 51
762712 89
549456 78
356951 54
558432 74
885222 64
862574 94
9690 64
673677 98
153167 77
803944 66
845204 91
863703 85
290659 71
649658 82
96517 89
974648 93
409514 91
545139 58
503977 92
636112 52
78176 60
89950 81
77767 55
184108 80
402798 65
