54 515453429
124721 18
810507 73
347399 11
162411 78
533471 46
528288 14
260988 4
750062 100
358339 28
530927 96
545718 51
944903 51
979747 10
689663 96
813 74
800689 52
888327 13
982499 18
19557 44
859797 37
866833 56
192763 8
838591 5
46763 52
69342 3
593297 6
965424 38
470630 7
377844 39
497567 25
988416 19
664017 41
549633 12
792333 35
474214 44
500813 84
774469 94
477225 31
129164 30
33432 57
643309 14
105899 35
888317 6
503612 38
15619 12
271160 57
583300 65
329696 99
380861 20
893623 21
649131 95
248028 87
873887 62
840853 85
