100 250171981
332981 86
3710781 23
2581311 54
401098 90
1885670 71
293306 81
6943157 23
1038977 58
181058 33
1189712 66
1729951 53
1209661 63
1272435 62
1337017 74
929003 80
17759821 7
102595 95
2779635 41
4159273 18
1567246 93
1070043 79
1028278 43
501452 60
4132525 23
3791743 42
722462 41
1179503 76
2289452 44
544767 76
1571785 80
2769504 39
2030190 45
2477660 53
163409551 1
7748967 20
399340 85
1082329 77
14088037 8
235383 64
83387045 3
3018050 54
2006444 17
1920471 86
907849 62
30886920 7
485761 65
1612592 90
643679 74
16648409 12
1605613 67
1011815 62
1499613 64
1130342 80
1876791 31
460406 36
3585066 21
662766 46
3346027 41
5380107 9
1279214 25
12056794 12
965363 56
5531059 19
1586885 33
766576 82
412709 58
5245 52
1864403 95
33649 44
1460946 89
2711692 58
1678429 41
2148808 35
851223 91
2718408 57
5822545 26
1118957 52
6857580 25
4196468 25
14116624 13
1836221 69
980600 79
3027668 33
2173865 41
829627 80
32970075 2
2318111 34
3082665 31
3158964 55
408468 90
9710803 5
1059867 85
1193208 56
2816208 59
1050764 96
1452557 13
6111661 28
1772441 24
3749477 47
1737835 58
