100 659013821
885921 73
115174 99
386489 90
289476 78
149270 66
149448 93
442965 73
442536 54
910917 73
941303 94
19081 72
259194 50
8449 81
881612 100
532231 91
161171 81
830661 96
71758 91
853818 75
16163 80
454993 87
354047 93
649145 52
550340 89
353886 72
986281 83
429441 88
484806 77
628953 58
99183 70
881620 53
566131 85
675842 98
922848 90
642486 69
71751 79
83598 65
568360 77
116692 65
42895 87
383749 63
978333 99
549835 83
885012 53
452958 50
930866 100
29922 61
719613 65
955574 60
469673 97
253913 83
651651 75
382061 78
338619 66
357469 81
411763 71
450997 60
166743 83
676427 69
840388 90
734458 71
419680 75
166174 90
711980 72
52672 99
502060 90
950010 92
351575 98
733840 69
934918 79
116197 85
609289 84
563276 98
493694 64
511170 64
398878 96
135724 90
210169 60
56385 79
831292 88
15209 68
227237 72
842650 79
916230 73
323551 88
682910 50
26500 72
938883 67
211805 81
150126 89
91757 53
669032 58
332313 83
527013 87
982965 79
125112 100
569395 75
291447 56
560747 85
869914 80
