100 175207227
884052508 96
702605624 84
780904280 66
577516683 66
119623894 92
435903675 89
436266572 64
345717285 86
33158912 78
792620715 70
118880167 77
652018401 54
756074033 83
682596627 51
955864985 55
733419649 94
958041497 51
2296620 77
435053276 98
563838128 90
393023006 100
205619670 68
21533055 93
557359121 89
905924764 86
401737582 82
240298201 65
87470579 77
92601910 64
238722624 50
108389281 51
285584211 57
72027442 76
71442692 61
920419550 68
175075311 52
601954400 96
831491565 95
491066032 95
165678582 66
215314722 86
465913250 71
568187037 65
376208660 53
840107331 71
807403354 69
996586101 58
32087566 67
962741203 54
422517520 94
944145282 84
742724505 59
986793723 88
623427616 68
490517220 75
690719940 69
273757512 68
592716729 63
142630034 75
216302426 84
552961788 64
105682725 76
915670951 55
425711952 58
251265415 52
629602900 99
802909452 50
654896547 59
622708546 81
183643098 54
737975633 94
773686256 81
353594208 75
862884120 65
899039038 78
446903444 97
447255973 76
287911367 86
943099782 51
400344718 71
2485366 54
266949763 99
342700627 79
923105285 82
493314029 68
478371962 84
361887062 79
946620931 89
967477298 100
435120831 69
962369495 99
70881780 90
737025735 84
249109580 62
579605653 61
831039988 58
802638774 97
775629680 64
519500932 73
209330409 75
