84 97505877
763126 47
965361 7
878558 23
633442 100
96105 34
592325 17
15705 81
592110 5
833893 7
741622 30
615837 5
120576 100
172847 70
845306 52
591615 81
522010 67
208170 18
424500 22
581012 87
628237 34
703607 45
748422 40
620998 6
155619 71
542444 55
74832 68
590933 28
979628 41
267308 20
391929 42
272624 66
559037 95
43797 67
994166 53
796934 42
617513 11
812810 48
221459 16
858628 59
983818 74
635676 95
562887 30
451466 40
642797 19
656432 88
555439 83
762320 78
354241 6
811383 56
635445 24
345666 12
179342 79
481760 22
454172 51
294691 53
591551 22
5399 50
326494 6
649211 1
25879 89
576693 42
376558 91
757907 50
212454 44
821764 30
206862 9
606609 31
198086 61
547314 77
473796 55
223974 76
583788 16
220903 59
508969 89
857053 22
864152 23
647425 75
465429 82
669541 25
810464 34
791667 64
548527 40
307470 63
657973 50
