100 532582604
6139301 33
4668121 29
9653643 16
18312728 14
3254102 15
3610633 97
644413 73
1818847 95
7688250 58
5095461 34
6642189 17
6686345 49
559240 50
3189560 78
7310040 53
13411280 20
1201444 82
12180427 15
7077493 53
17344252 5
4547708 37
2344068 68
29074375 14
136391 53
7688289 54
16701316 15
662431 36
612106 68
49322088 2
6754885 50
45653414 2
10511964 26
328757 92
3486779 31
2596874 95
829730 39
6049670 57
1883663 75
1172624 84
67024519 5
5691324 36
4922676 7
2811013 98
3421817 27
7780477 42
1299752 42
5213901 35
8676067 13
16251303 25
2743260 62
2473115 80
543202 85
8268624 24
10501735 20
6515975 47
4709817 48
5948690 37
7263243 35
1252238 74
1426764 98
5292448 2
19837803 12
16757806 24
3087439 89
4163206 88
3841393 41
6319635 41
1362962 45
32366142 4
2699513 87
1888746 71
251291 33
56701195 3
11661402 19
3341229 33
7734477 30
3591076 89
1129908 80
10624121 20
3547419 91
6824185 55
4117713 31
1828574 14
1161100 95
13529409 7
477979 27
1276586 84
8983406 28
5498226 49
1585008 79
1727143 60
2387843 72
6361002 32
11987128 20
7245514 61
4551407 17
4252778 54
2048655 85
2718872 61
2879059 64
