100 480346005
120305 20
755072 2
885222 3
100275 7
759156 11
17065 15
967273 20
615197 3
552564 8
296017 6
929502 17
265966 4
828334 18
985331 16
783574 18
519107 20
66090 12
472521 10
438355 10
202842 18
423684 5
357839 8
163722 13
441474 15
262860 2
522181 20
35168 7
906436 5
816549 7
552706 20
852001 14
962612 5
110548 5
630974 2
998219 8
988112 17
603459 6
128050 8
583325 16
2066 14
198957 9
956339 4
330516 18
638534 12
280923 6
948036 5
728723 9
329726 9
791940 2
108190 19
392408 16
221268 10
683881 7
102470 4
397116 4
276713 5
506457 5
349977 15
706570 16
24583 8
634130 4
230624 13
268770 7
800436 19
955784 16
316622 20
826992 18
104015 1
634125 2
751202 18
156014 3
426099 12
892909 8
103602 1
18101 2
590719 16
435630 17
798870 8
923664 5
299222 10
388492 4
486382 13
588284 15
984076 15
697488 19
389637 13
263828 12
944839 15
135579 15
720429 6
925604 16
664816 19
423150 16
199036 17
367559 17
707032 5
649681 17
928186 15
867057 7
816335 14
