100 132698623
803078955 88
100424368 96
234485690 54
805505804 78
786650190 79
49978342 99
225580648 64
309072684 62
728205938 55
68686851 50
597623825 97
10921449 84
895467843 90
303505396 85
630653125 59
69671443 76
522438658 79
846616948 94
652198069 67
235508272 99
489733796 61
944679196 98
529568997 98
769327937 90
523009851 82
761797781 94
535873997 64
907828741 93
209673369 81
831352485 50
373839144 93
160065037 89
514646205 88
535069914 50
687628386 63
396764704 70
147995550 71
883742196 65
204847645 70
550024576 56
241858570 100
106059717 70
926771089 79
369943595 99
848045691 96
442707767 89
386764746 66
429958695 54
325088433 70
833385903 61
995513563 56
350299284 52
780101020 50
13270136 77
828404778 65
158782755 95
86386190 62
97210524 84
722605833 91
264461038 72
452550808 88
599470177 92
925009784 69
781657834 54
291262376 63
142178577 80
60457720 74
324839067 74
282447218 73
490777201 76
734667745 72
747922135 93
305426045 72
408943457 92
195509365 75
847694299 54
62040153 83
749395089 60
837117815 93
835735009 84
279552858 59
402378802 53
631930305 50
293940281 95
399200162 56
212585419 89
494766490 97
48902089 86
859774290 75
83631352 73
558094997 95
330434836 74
621132019 71
187951281 82
511338155 51
842435598 71
598461547 76
172655969 77
155435607 84
698355620 64
