63 469703929
473087 93
532061 83
326047 25
183673 9
228546 96
246709 100
414265 38
553930 47
331892 15
825829 72
475967 43
305903 81
345715 58
989501 5
661681 34
409770 81
897051 69
764785 64
864809 68
161153 61
802599 65
480223 63
68164 54
92058 76
573528 37
388803 48
70839 41
436466 21
792328 33
215061 6
722708 33
426405 40
328772 10
417850 23
636047 25
383015 23
533578 36
74856 15
664131 74
144612 35
168956 13
696738 60
991201 18
903811 6
457503 17
302883 42
445124 70
559843 65
264048 1
721854 80
24084 34
942816 68
726171 4
873256 40
338619 2
932201 82
990345 19
179486 68
574497 28
866973 14
48679 94
775996 60
34962 90
