100 12699
1 100
1 100
1 100
1 100
1 100
1 100
1 100
1 100
1 100
1 100
1 100
1 100
1 100
1 100
1 100
1 100
1 100
1 100
1 100
1 100
1 100
1 100
1 100
1 100
1 100
1 100
1 100
1 100
1 100
1 100
1 100
1 100
1 100
1 100
1 100
1 100
1 100
1 100
1 100
1 100
1 100
1 100
1 100
1 100
1 100
1 100
1 100
1 100
1 100
1 100
1 100
1 100
1 100
1 100
1 100
1 100
1 100
1 100
1 100
1 100
1 100
1 100
1 100
1 100
1 100
1 100
1 100
1 100
1 100
1 100
1 100
1 100
1 100
1 100
1 100
1 100
1 100
1 100
1 100
1 100
1 100
1 100
1 100
1 100
1 100
1 100
1 100
1 100
1 100
1 100
1 100
1 100
1 100
1 100
1 100
1 100
1 100
1 100
1 100
1 100
