79 457552979
6716968 61
6851107 25
25083306 15
403482 73
4290253 25
10891399 28
2238840 65
1596751 99
4861191 53
5602849 35
59304163 4
1586671 82
2315426 68
1374463 75
28440350 13
3493267 61
12594164 14
28821417 11
7067 74
1196146 81
6091482 55
13849685 15
1255293 75
18033231 11
2940896 59
1187255 74
958345 72
1127954 72
61065319 4
3457856 91
718231 49
22561276 14
4780151 50
4585432 50
118340 71
4049916 25
11049957 27
15210530 8
732855 12
3826341 42
6161243 54
3165090 90
3237894 71
1900064 100
3393589 60
880413 94
3120617 86
122691444 3
3111599 80
3346298 23
352760 95
21427134 12
13523981 21
13574715 31
252272765 1
98493604 2
403847 64
18190032 6
16497307 11
6400802 44
1744434 76
4307382 36
200107 89
14286750 18
7292962 23
10590097 5
1221367 81
1849529 77
499090 93
708551 86
437083029 1
3143948 64
1811323 22
18435183 6
2290113 98
3847012 30
15145 44
5095929 48
695694 98
