100 551222320
728639 12
900879 5
770045 12
849882 15
32953 5
310266 1
515550 17
416048 17
231308 8
307944 19
945644 17
294248 7
353984 12
3711 9
845269 3
154876 9
204191 17
255323 11
884822 13
206498 8
797707 4
808232 12
927230 12
115588 20
217328 1
743066 18
196045 19
286395 5
166780 1
172736 17
481662 4
109708 8
321771 10
426691 7
24554 9
388421 7
94144 11
493690 1
825925 12
818607 4
80467 20
601364 13
834775 1
238027 1
762099 6
890966 16
806306 2
107326 14
9063 12
191768 9
270539 4
616322 1
384360 11
703566 11
353155 1
154461 13
312761 8
884524 10
958749 10
207560 14
788647 11
273411 8
887332 4
165583 1
666110 5
84231 13
974113 6
700792 14
842006 19
566797 6
476909 16
622023 14
528861 8
469491 15
759622 6
178242 6
171211 9
431940 9
320821 12
74142 8
844661 18
771777 13
544045 19
979546 8
72617 20
766843 15
266431 16
368682 12
219329 18
789216 2
144273 16
840206 14
661727 17
59037 18
811165 10
627898 20
905187 17
748891 18
561248 1
836736 19
