100 611191283
523274 8
250578 19
605180 2
302974 5
577415 17
169717 4
159506 6
417124 8
426916 12
268170 8
131627 6
39220 10
25238 11
271612 20
461958 14
726407 4
474979 16
904255 20
35228 4
180702 4
338591 3
577627 6
852929 14
350281 7
268050 2
61904 13
821489 16
379752 9
571679 14
983777 12
1595 13
145483 9
779287 10
805309 17
769421 12
537120 2
979078 1
396274 11
602080 11
63384 17
409950 15
722663 5
238793 16
944041 13
686939 5
287641 11
769173 5
83184 15
974995 7
49297 10
933667 18
252911 20
757995 20
74 16
254298 3
749270 10
532456 20
114979 8
393719 4
375634 4
568291 11
668128 1
841020 16
497344 8
392111 5
144009 6
805005 17
713532 1
408770 16
518550 16
665333 2
164843 17
27204 4
317576 3
595720 4
486716 1
692711 11
819875 8
488553 3
134298 18
850820 11
575120 7
740105 11
704824 17
968430 4
295374 18
705466 12
365759 13
395500 12
230647 5
344088 4
948511 10
292637 8
246047 5
583270 12
258095 18
473493 12
834365 19
230453 15
426788 19
