100 785013505
603919 78
385915 75
531688 98
645284 61
941163 72
575764 71
614506 79
67872 84
952431 61
528201 78
801454 96
50303 61
421005 55
257034 64
267037 78
791633 73
624008 72
439845 83
10589 96
965146 59
962240 67
217602 69
41356 57
530319 95
951626 97
910601 100
584795 62
303618 53
330036 57
898116 91
491895 97
131146 68
248482 99
276858 90
123575 68
463149 93
916258 82
668934 72
72491 73
5497 99
276310 64
362775 84
776925 91
967224 69
387655 73
686845 82
995127 79
745835 87
636333 93
78093 77
323289 98
913598 64
201051 53
843781 69
696481 99
366407 88
529294 60
542929 99
714215 85
516673 90
133106 52
773629 86
406365 74
963311 90
283578 86
263139 58
333583 96
572446 79
895072 69
176322 61
279742 89
581811 99
454437 87
447424 81
820920 98
924087 86
481416 73
687507 66
801240 59
518484 94
294383 86
638229 99
585241 53
901766 66
52419 70
910337 99
534553 80
15680 84
344780 63
724497 63
488544 67
980380 54
422706 97
326709 70
821858 60
548031 67
682481 59
805884 63
671579 88
422503 62
