100 755508366
545752 79
974943 68
680524 87
740113 72
967174 71
414532 57
355460 68
43873 84
184246 75
237244 76
183546 83
754954 64
536004 61
667785 99
820647 57
230826 54
325998 85
708520 83
392848 68
29278 53
435054 64
908478 53
409114 100
332324 85
989748 72
644561 96
366081 78
102043 86
788027 75
708235 92
922124 100
217325 71
114951 57
724236 70
203442 90
176144 50
319880 98
817010 83
539659 65
45861 74
464000 63
684134 72
538490 82
572580 84
224828 66
847931 51
561526 69
713407 69
982086 71
428296 99
881266 99
7283 57
33415 96
590413 99
311520 63
248333 87
277998 58
318475 74
729112 80
569325 59
789214 77
830384 87
843125 84
414738 82
421369 56
926475 98
661913 57
80486 81
542310 56
356088 77
987658 94
13659 82
612319 96
723787 83
288972 73
973861 73
859731 60
915860 98
19237 65
570001 70
294717 51
849220 69
632993 55
538999 59
114614 90
540345 74
632047 92
956128 66
585183 69
967619 92
961823 53
650347 91
506022 60
466127 83
890580 77
28264 90
113834 89
102095 79
757106 79
339728 87
