100 986462105
6340958 41
5768636 70
5026171 26
8365485 39
7739312 57
4600221 82
10657280 61
27597391 19
7370909 25
5980572 38
896344 49
4856591 89
29960920 25
3082706 93
7560941 78
9371733 32
1643656 97
8300401 37
4980027 68
5184095 94
4964437 79
1475337 89
6676770 17
1878761 65
48433614 8
3885347 98
5222864 70
52819073 11
4388878 80
7385166 47
26596757 8
4172521 81
21414490 4
6119127 80
14307559 58
872270320 1
12883265 45
13000920 62
5629905 21
2074520 24
5211025 66
3049023 43
6699910 89
11889878 59
723304 100
4339105 76
6466105 37
6059061 75
5152334 74
1225080 32
7638008 89
16976894 15
4005913 37
2371495 64
15299737 48
6254015 68
669545 100
27618831 8
6654754 76
2717214 82
9340401 29
20494079 26
5763305 45
2533372 40
7575304 51
26016479 22
13237967 50
4790247 82
5187903 89
2241868 99
27989248 24
3277464 78
7429883 19
2109822 42
216292231 1
14775884 9
15483245 53
1334815 21
7359425 87
26865723 20
174907 74
4382555 17
4894320 94
2729472 67
5350833 42
5419061 97
15592857 53
5215286 39
29585398 17
5667815 73
13276611 60
16309277 23
17093005 25
17515289 23
8858592 50
20678995 5
6636219 29
1196092 74
2993487 63
5173938 82
